stage,trial,time,position.x,position.y,position.z,rotation.x,rotation.y,rotation.z,rotation.w,event
1,1,0.001,0,0,-0.13125,0.5,-0.5,0.5,0.5,TrialStart
1,1,0.003,0,0,-0.13125,0.5,-0.5,0.5,0.5,
1,1,0.005,0,0,-0.13125,0.5,-0.5,0.5,0.5,
1,1,0.007,0,0,-0.13125,0.5,-0.5,0.5,0.5,
1,1,0.009,0,0,-0.13125,0.5,-0.5,0.5,0.5,
1,1,0.011,0,0,-0.13125,0.5,-0.5,0.5,0.5,
1,1,0.013,0,0,-0.13125,0.5,-0.5,0.5,0.5,
1,1,0.015,0,0,-0.13125,0.5,-0.5,0.5,0.5,
1,1,0.017,0,0,-0.13125,0.5,-0.5,0.5,0.5,
1,1,0.019,0,0,-0.13125,0.5,-0.5,0.5,0.5,
1,1,0.021,0,0,-0.13125,0.5,-0.5,0.5,0.5,
1,1,0.023,0,0,-0.13125,0.5,-0.5,0.5,0.5,
1,1,0.025,0,0,-0.13125,0.5,-0.5,0.5,0.5,
1,1,0.027,0,0,-0.13125,0.5,-0.5,0.5,0.5,
1,1,0.029,0,0,-0.13125,0.5,-0.5,0.5,0.5,
1,1,0.031,0,0,-0.13125,0.5,-0.5,0.5,0.5,
1,1,0.033,0,0,-0.13125,0.5,-0.5,0.5,0.5,
1,1,0.035,0,0,-0.13125,0.5,-0.5,0.5,0.5,
1,1,0.037,0,0,-0.13125,0.5,-0.5,0.5,0.5,
1,1,0.039,0,0,-0.13125,0.5,-0.5,0.5,0.5,
1,1,0.041,0,0,-0.13125,0.5,-0.5,0.5,0.5,
1,1,0.043,0,0,-0.13125,0.5,-0.5,0.5,0.5,
1,1,0.045,0,0,-0.13125,0.5,-0.5,0.5,0.5,
1,1,0.047,0,0,-0.13125,0.5,-0.5,0.5,0.5,
1,1,0.049,0,0,-0.13125,0.5,-0.5,0.5,0.5,
1,1,0.051,0,0,-0.13125,0.5,-0.5,0.5,0.5,
1,1,0.053,0,0,-0.13125,0.5,-0.5,0.5,0.5,
1,1,0.055,0,0,-0.13125,0.5,-0.5,0.5,0.5,
1,1,0.057,0,0,-0.13125,0.5,-0.5,0.5,0.5,
1,1,0.059,0,0,-0.13125,0.5,-0.5,0.5,0.5,
1,1,0.061,0,0,-0.13125,0.5,-0.5,0.5,0.5,
1,1,0.063,0,0,-0.13125,0.5,-0.5,0.5,0.5,
1,1,0.065,0,0,-0.13125,0.5,-0.5,0.5,0.5,
1,1,0.067,0,0,-0.13125,0.5,-0.5,0.5,0.5,
1,1,0.069,0,0,-0.13125,0.5,-0.5,0.5,0.5,
1,1,0.071,0,0,-0.13125,0.5,-0.5,0.5,0.5,
1,1,0.073,0,0,-0.13125,0.5,-0.5,0.5,0.5,
1,1,0.075,0,0,-0.13125,0.5,-0.5,0.5,0.5,
1,1,0.077,0,0,-0.13125,0.5,-0.5,0.5,0.5,
1,1,0.079,0,0,-0.13125,0.5,-0.5,0.5,0.5,
1,1,0.081,0,0,-0.13125,0.5,-0.5,0.5,0.5,
1,1,0.083,0,0,-0.13125,0.5,-0.5,0.5,0.5,
1,1,0.085,0,0,-0.13125,0.5,-0.5,0.5,0.5,
1,1,0.087,0,0,-0.13125,0.5,-0.5,0.5,0.5,
1,1,0.089,0,0,-0.13125,0.5,-0.5,0.5,0.5,
1,1,0.091,0,0,-0.13125,0.5,-0.5,0.5,0.5,
1,1,0.093,0,0,-0.13125,0.5,-0.5,0.5,0.5,
1,1,0.095,0,0,-0.13125,0.5,-0.5,0.5,0.5,
1,1,0.097,0,0,-0.13125,0.5,-0.5,0.5,0.5,
1,1,0.099,0,0,-0.13125,0.5,-0.5,0.5,0.5,
1,1,0.101,0,0,-0.13125,0.5,-0.5,0.5,0.5,
1,1,0.103,0,0,-0.13125,0.5,-0.5,0.5,0.5,
1,1,0.105,0,0,-0.13125,0.5,-0.5,0.5,0.5,
1,1,0.107,0,0,-0.13125,0.5,-0.5,0.5,0.5,
1,1,0.109,0,0,-0.13125,0.5,-0.5,0.5,0.5,
1,1,0.111,0,0,-0.13125,0.5,-0.5,0.5,0.5,
1,1,0.113,0,0,-0.13125,0.5,-0.5,0.5,0.5,
1,1,0.115,0,0,-0.13125,0.5,-0.5,0.5,0.5,
1,1,0.117,0,0,-0.13125,0.5,-0.5,0.5,0.5,
1,1,0.119,0,0,-0.13125,0.5,-0.5,0.5,0.5,
1,1,0.121,0,0,-0.13125,0.5,-0.5,0.5,0.5,
1,1,0.123,0,0,-0.13125,0.5,-0.5,0.5,0.5,
1,1,0.125,0,0,-0.13125,0.5,-0.5,0.5,0.5,
1,1,0.127,0,0,-0.13125,0.5,-0.5,0.5,0.5,
1,1,0.129,0,0,-0.13125,0.5,-0.5,0.5,0.5,
1,1,0.131,0,0,-0.13125,0.5,-0.5,0.5,0.5,
1,1,0.133,0,0,-0.13125,0.5,-0.5,0.5,0.5,
1,1,0.135,0,0,-0.13125,0.5,-0.5,0.5,0.5,
1,1,0.137,0,0,-0.13125,0.5,-0.5,0.5,0.5,
1,1,0.139,0,0,-0.13125,0.5,-0.5,0.5,0.5,
1,1,0.141,0,0,-0.13125,0.5,-0.5,0.5,0.5,
1,1,0.143,0,0,-0.13125,0.5,-0.5,0.5,0.5,
1,1,0.145,0,0,-0.13125,0.5,-0.5,0.5,0.5,
1,1,0.147,0,0,-0.13125,0.5,-0.5,0.5,0.5,
1,1,0.149,0,0,-0.13125,0.5,-0.5,0.5,0.5,
1,1,0.151,0,0,-0.13125,0.5,-0.5,0.5,0.5,
1,1,0.153,0,0,-0.13125,0.5,-0.5,0.5,0.5,
1,1,0.155,0,0,-0.13125,0.5,-0.5,0.5,0.5,
1,1,0.157,0,0,-0.13125,0.5,-0.5,0.5,0.5,
1,1,0.159,0,0,-0.13125,0.5,-0.5,0.5,0.5,
1,1,0.161,0,0,-0.13125,0.5,-0.5,0.5,0.5,
1,1,0.163,0,0,-0.13125,0.5,-0.5,0.5,0.5,
1,1,0.165,0,0,-0.13125,0.5,-0.5,0.5,0.5,
1,1,0.167,0,0,-0.13125,0.5,-0.5,0.5,0.5,
1,1,0.169,0,0,-0.13125,0.5,-0.5,0.5,0.5,
1,1,0.171,0,0,-0.13125,0.5,-0.5,0.5,0.5,
1,1,0.173,0,0,-0.13125,0.5,-0.5,0.5,0.5,
1,1,0.175,0,0,-0.13125,0.5,-0.5,0.5,0.5,
1,1,0.177,0,0,-0.13125,0.5,-0.5,0.5,0.5,
1,1,0.179,0,0,-0.13125,0.5,-0.5,0.5,0.5,
1,1,0.181,0,0,-0.13125,0.5,-0.5,0.5,0.5,
1,1,0.183,0,0,-0.13125,0.5,-0.5,0.5,0.5,
1,1,0.185,0,0,-0.13125,0.5,-0.5,0.5,0.5,
1,1,0.187,0,0,-0.13125,0.5,-0.5,0.5,0.5,
1,1,0.189,0,0,-0.13125,0.5,-0.5,0.5,0.5,
1,1,0.191,0,0,-0.13125,0.5,-0.5,0.5,0.5,
1,1,0.193,0,0,-0.13125,0.5,-0.5,0.5,0.5,
1,1,0.195,0,0,-0.13125,0.5,-0.5,0.5,0.5,
1,1,0.197,0,0,-0.13125,0.5,-0.5,0.5,0.5,
1,1,0.199,0,0,-0.13125,0.5,-0.5,0.5,0.5,
1,1,0.201,0,0,-0.13125,0.5,-0.5,0.5,0.5,
1,1,0.203,0,0,-0.13125,0.5,-0.5,0.5,0.5,
1,1,0.205,0,0,-0.13125,0.5,-0.5,0.5,0.5,
1,1,0.207,0,0,-0.13125,0.5,-0.5,0.5,0.5,
1,1,0.209,0,0,-0.13125,0.5,-0.5,0.5,0.5,
1,1,0.211,0,0,-0.13125,0.5,-0.5,0.5,0.5,
1,1,0.213,0,0,-0.13125,0.5,-0.5,0.5,0.5,
1,1,0.215,0,0,-0.13125,0.5,-0.5,0.5,0.5,
1,1,0.217,0,0,-0.13125,0.5,-0.5,0.5,0.5,
1,1,0.219,0,0,-0.13125,0.5,-0.5,0.5,0.5,
1,1,0.221,0,0,-0.13125,0.5,-0.5,0.5,0.5,
1,1,0.223,0,0,-0.13125,0.5,-0.5,0.5,0.5,
1,1,0.225,0,0,-0.13125,0.5,-0.5,0.5,0.5,
1,1,0.227,0,0,-0.13125,0.5,-0.5,0.5,0.5,
1,1,0.229,0,0,-0.13125,0.5,-0.5,0.5,0.5,
1,1,0.231,0,0,-0.13125,0.5,-0.5,0.5,0.5,
1,1,0.233,0,0,-0.13125,0.5,-0.5,0.5,0.5,
1,1,0.235,0,0,-0.13125,0.5,-0.5,0.5,0.5,
1,1,0.237,0,0,-0.13125,0.5,-0.5,0.5,0.5,
1,1,0.239,0,0,-0.13125,0.5,-0.5,0.5,0.5,
1,1,0.241,0,0,-0.13125,0.5,-0.5,0.5,0.5,
1,1,0.243,0,0,-0.13125,0.5,-0.5,0.5,0.5,
1,1,0.245,0,0,-0.13125,0.5,-0.5,0.5,0.5,
1,1,0.247,0,0,-0.13125,0.5,-0.5,0.5,0.5,
1,1,0.249,0,0,-0.13125,0.5,-0.5,0.5,0.5,
1,1,0.251,0,0,-0.13125,0.5,-0.5,0.5,0.5,
1,1,0.253,0,0,-0.13125,0.5,-0.5,0.5,0.5,
1,1,0.255,0,0,-0.13125,0.5,-0.5,0.5,0.5,
1,1,0.257,0,0,-0.13125,0.5,-0.5,0.5,0.5,
1,1,0.259,0,0,-0.13125,0.5,-0.5,0.5,0.5,
1,1,0.261,0,0,-0.13125,0.5,-0.5,0.5,0.5,
1,1,0.263,0,0,-0.13125,0.5,-0.5,0.5,0.5,
1,1,0.265,0,0,-0.13125,0.5,-0.5,0.5,0.5,
1,1,0.267,0,0,-0.13125,0.5,-0.5,0.5,0.5,
1,1,0.269,0,0,-0.13125,0.5,-0.5,0.5,0.5,
1,1,0.271,0,0,-0.13125,0.5,-0.5,0.5,0.5,
1,1,0.273,0,0,-0.13125,0.5,-0.5,0.5,0.5,
1,1,0.275,0,0,-0.13125,0.5,-0.5,0.5,0.5,
1,1,0.277,0,0,-0.13125,0.5,-0.5,0.5,0.5,
1,1,0.279,0,0,-0.13125,0.5,-0.5,0.5,0.5,
1,1,0.281,0,0,-0.13125,0.5,-0.5,0.5,0.5,
1,1,0.283,0,0,-0.13125,0.5,-0.5,0.5,0.5,
1,1,0.285,0,0,-0.13125,0.5,-0.5,0.5,0.5,
1,1,0.287,0,0,-0.13125,0.5,-0.5,0.5,0.5,
1,1,0.289,0,0,-0.13125,0.5,-0.5,0.5,0.5,
1,1,0.291,0,0,-0.13125,0.5,-0.5,0.5,0.5,
1,1,0.293,0,0,-0.13125,0.5,-0.5,0.5,0.5,
1,1,0.295,0,0,-0.13125,0.5,-0.5,0.5,0.5,
1,1,0.297,0,0,-0.13125,0.5,-0.5,0.5,0.5,
1,1,0.299,0,0,-0.13125,0.5,-0.5,0.5,0.5,
1,1,0.301,0,0,-0.13125,0.5,-0.5,0.5,0.5,
1,1,0.303,0,0,-0.13125,0.5,-0.5,0.5,0.5,
1,1,0.305,0,0,-0.13125,0.5,-0.5,0.5,0.5,
1,1,0.307,0,0,-0.13125,0.5,-0.5,0.5,0.5,
1,1,0.309,0,0,-0.13125,0.5,-0.5,0.5,0.5,
1,1,0.311,0,0,-0.13125,0.5,-0.5,0.5,0.5,
1,1,0.313,0,0,-0.13125,0.5,-0.5,0.5,0.5,
1,1,0.315,0,0,-0.13125,0.5,-0.5,0.5,0.5,
1,1,0.317,0,0,-0.13125,0.5,-0.5,0.5,0.5,
1,1,0.319,0,0,-0.13125,0.5,-0.5,0.5,0.5,
1,1,0.321,0,0,-0.13125,0.5,-0.5,0.5,0.5,
1,1,0.323,0,0,-0.13125,0.5,-0.5,0.5,0.5,
1,1,0.325,0,0,-0.13125,0.5,-0.5,0.5,0.5,
1,1,0.327,0,0,-0.13125,0.5,-0.5,0.5,0.5,
1,1,0.329,0,0,-0.13125,0.5,-0.5,0.5,0.5,
1,1,0.331,0,0,-0.13125,0.5,-0.5,0.5,0.5,
1,1,0.333,0,0,-0.13125,0.5,-0.5,0.5,0.5,
1,1,0.335,0,0,-0.13125,0.5,-0.5,0.5,0.5,
1,1,0.337,0,0,-0.13125,0.5,-0.5,0.5,0.5,
1,1,0.339,0,0,-0.13125,0.5,-0.5,0.5,0.5,
1,1,0.341,0,0,-0.13125,0.5,-0.5,0.5,0.5,
1,1,0.343,0,0,-0.13125,0.5,-0.5,0.5,0.5,
1,1,0.345,0,0,-0.13125,0.5,-0.5,0.5,0.5,
1,1,0.347,0,0,-0.13125,0.5,-0.5,0.5,0.5,
1,1,0.349,0,0,-0.13125,0.5,-0.5,0.5,0.5,
1,1,0.351,0,0,-0.13125,0.5,-0.5,0.5,0.5,
1,1,0.353,0,0,-0.13125,0.5,-0.5,0.5,0.5,
1,1,0.355,0,0,-0.13125,0.5,-0.5,0.5,0.5,
1,1,0.357,0,0,-0.13125,0.5,-0.5,0.5,0.5,
1,1,0.359,0,0,-0.13125,0.5,-0.5,0.5,0.5,
1,1,0.361,0,0,-0.13125,0.5,-0.5,0.5,0.5,
1,1,0.363,0,0,-0.13125,0.5,-0.5,0.5,0.5,
1,1,0.365,0,0,-0.13125,0.5,-0.5,0.5,0.5,
1,1,0.367,0,0,-0.13125,0.5,-0.5,0.5,0.5,
1,1,0.369,0,0,-0.13125,0.5,-0.5,0.5,0.5,
1,1,0.371,0,0,-0.13125,0.5,-0.5,0.5,0.5,
1,1,0.373,0,0,-0.13125,0.5,-0.5,0.5,0.5,
1,1,0.375,0,0,-0.13125,0.5,-0.5,0.5,0.5,
1,1,0.377,0,0,-0.13125,0.5,-0.5,0.5,0.5,
1,1,0.379,0,0,-0.13125,0.5,-0.5,0.5,0.5,
1,1,0.381,0,0,-0.13125,0.5,-0.5,0.5,0.5,
1,1,0.383,0,0,-0.13125,0.5,-0.5,0.5,0.5,
1,1,0.385,0,0,-0.13125,0.5,-0.5,0.5,0.5,
1,1,0.387,0,0,-0.13125,0.5,-0.5,0.5,0.5,
1,1,0.389,0,0,-0.13125,0.5,-0.5,0.5,0.5,
1,1,0.391,0,0,-0.13125,0.5,-0.5,0.5,0.5,
1,1,0.393,0,0,-0.13125,0.5,-0.5,0.5,0.5,
1,1,0.395,0,0,-0.13125,0.5,-0.5,0.5,0.5,
1,1,0.397,0,0,-0.13125,0.5,-0.5,0.5,0.5,
1,1,0.399,0,0,-0.13125,0.5,-0.5,0.5,0.5,
1,1,0.401,0,0,-0.13125,0.5,-0.5,0.5,0.5,
1,1,0.403,0,0,-0.13125,0.5,-0.5,0.5,0.5,
1,1,0.405,0,0,-0.13125,0.5,-0.5,0.5,0.5,
1,1,0.407,0,0,-0.13125,0.5,-0.5,0.5,0.5,
1,1,0.409,0,0,-0.13125,0.5,-0.5,0.5,0.5,
1,1,0.411,0,0,-0.13125,0.5,-0.5,0.5,0.5,
1,1,0.413,0,0,-0.13125,0.5,-0.5,0.5,0.5,
1,1,0.415,0,0,-0.13125,0.5,-0.5,0.5,0.5,
1,1,0.417,0,0,-0.13125,0.5,-0.5,0.5,0.5,
1,1,0.419,0,0,-0.13125,0.5,-0.5,0.5,0.5,
1,1,0.421,0,0,-0.13125,0.5,-0.5,0.5,0.5,
1,1,0.423,0,0,-0.13125,0.5,-0.5,0.5,0.5,
1,1,0.425,0,0,-0.13125,0.5,-0.5,0.5,0.5,
1,1,0.427,0,0,-0.13125,0.5,-0.5,0.5,0.5,
1,1,0.429,0,0,-0.13125,0.5,-0.5,0.5,0.5,
1,1,0.431,0,0,-0.13125,0.5,-0.5,0.5,0.5,
1,1,0.433,0,0,-0.13125,0.5,-0.5,0.5,0.5,
1,1,0.435,0,0,-0.13125,0.5,-0.5,0.5,0.5,
1,1,0.437,0,0,-0.13125,0.5,-0.5,0.5,0.5,
1,1,0.439,0,0,-0.13125,0.5,-0.5,0.5,0.5,
1,1,0.441,0,0,-0.13125,0.5,-0.5,0.5,0.5,
1,1,0.443,0,0,-0.13125,0.5,-0.5,0.5,0.5,
1,1,0.445,0,0,-0.13125,0.5,-0.5,0.5,0.5,
1,1,0.447,0,0,-0.13125,0.5,-0.5,0.5,0.5,
1,1,0.449,0,0,-0.13125,0.5,-0.5,0.5,0.5,
1,1,0.451,0,0,-0.13125,0.5,-0.5,0.5,0.5,
1,1,0.453,0,0,-0.13125,0.5,-0.5,0.5,0.5,
1,1,0.455,0,0,-0.13125,0.5,-0.5,0.5,0.5,
1,1,0.457,0,0,-0.13125,0.5,-0.5,0.5,0.5,
1,1,0.459,0,0,-0.13125,0.5,-0.5,0.5,0.5,
1,1,0.461,0,0,-0.13125,0.5,-0.5,0.5,0.5,
1,1,0.463,0,0,-0.13125,0.5,-0.5,0.5,0.5,
1,1,0.465,0,0,-0.13125,0.5,-0.5,0.5,0.5,
1,1,0.467,0,0,-0.13125,0.5,-0.5,0.5,0.5,
1,1,0.469,0,0,-0.13125,0.5,-0.5,0.5,0.5,
1,1,0.471,0,0,-0.13125,0.5,-0.5,0.5,0.5,
1,1,0.473,0,0,-0.13125,0.5,-0.5,0.5,0.5,
1,1,0.475,0,0,-0.13125,0.5,-0.5,0.5,0.5,
1,1,0.477,0,0,-0.13125,0.5,-0.5,0.5,0.5,
1,1,0.479,0,0,-0.13125,0.5,-0.5,0.5,0.5,
1,1,0.481,0,0,-0.13125,0.5,-0.5,0.5,0.5,
1,1,0.483,0,0,-0.13125,0.5,-0.5,0.5,0.5,
1,1,0.485,0,0,-0.13125,0.5,-0.5,0.5,0.5,
1,1,0.487,0,0,-0.13125,0.5,-0.5,0.5,0.5,
1,1,0.489,0,0,-0.13125,0.5,-0.5,0.5,0.5,
1,1,0.491,0,0,-0.13125,0.5,-0.5,0.5,0.5,
1,1,0.493,0,0,-0.13125,0.5,-0.5,0.5,0.5,
1,1,0.495,0,0,-0.13125,0.5,-0.5,0.5,0.5,
1,1,0.497,0,0,-0.13125,0.5,-0.5,0.5,0.5,
1,1,0.499,0,0,-0.13125,0.5,-0.5,0.5,0.5,
1,1,0.501,0,0,-0.13125,0.5,-0.5,0.5,0.5,
1,1,0.503,0,0,-0.13125,0.5,-0.5,0.5,0.5,
1,1,0.505,0,0,-0.13125,0.5,-0.5,0.5,0.5,
1,1,0.507,0,0,-0.13125,0.5,-0.5,0.5,0.5,
1,1,0.509,0,0,-0.13125,0.5,-0.5,0.5,0.5,
1,1,0.511,0,0,-0.13125,0.5,-0.5,0.5,0.5,
1,1,0.513,0,0,-0.13125,0.5,-0.5,0.5,0.5,
1,1,0.515,0,0,-0.13125,0.5,-0.5,0.5,0.5,
1,1,0.517,0,0,-0.13125,0.5,-0.5,0.5,0.5,
1,1,0.519,0,0,-0.13125,0.5,-0.5,0.5,0.5,
1,1,0.521,0,0,-0.13125,0.5,-0.5,0.5,0.5,
1,1,0.523,0,0,-0.13125,0.5,-0.5,0.5,0.5,
1,1,0.525,0,0,-0.13125,0.5,-0.5,0.5,0.5,
1,1,0.527,0,0,-0.13125,0.5,-0.5,0.5,0.5,
1,1,0.529,0,0,-0.13125,0.5,-0.5,0.5,0.5,
1,1,0.531,0,0,-0.13125,0.5,-0.5,0.5,0.5,
1,1,0.533,0,0,-0.13125,0.5,-0.5,0.5,0.5,
1,1,0.535,0,0,-0.13125,0.5,-0.5,0.5,0.5,
1,1,0.537,0,0,-0.13125,0.5,-0.5,0.5,0.5,
1,1,0.539,0,0,-0.13125,0.5,-0.5,0.5,0.5,
1,1,0.541,0,0,-0.13125,0.5,-0.5,0.5,0.5,
1,1,0.543,0,0,-0.13125,0.5,-0.5,0.5,0.5,
1,1,0.545,0,0,-0.13125,0.5,-0.5,0.5,0.5,
1,1,0.547,0,0,-0.13125,0.5,-0.5,0.5,0.5,
1,1,0.549,0,0,-0.13125,0.5,-0.5,0.5,0.5,
1,1,0.551,0,0,-0.13125,0.5,-0.5,0.5,0.5,
1,1,0.553,0,0,-0.13125,0.5,-0.5,0.5,0.5,
1,1,0.555,0,0,-0.13125,0.5,-0.5,0.5,0.5,
1,1,0.557,0,0,-0.13125,0.5,-0.5,0.5,0.5,
1,1,0.559,0,0,-0.13125,0.5,-0.5,0.5,0.5,
1,1,0.561,0,0,-0.13125,0.5,-0.5,0.5,0.5,
1,1,0.563,0,0,-0.13125,0.5,-0.5,0.5,0.5,
1,1,0.565,0,0,-0.13125,0.5,-0.5,0.5,0.5,
1,1,0.567,0,0,-0.13125,0.5,-0.5,0.5,0.5,
1,1,0.569,0,0,-0.13125,0.5,-0.5,0.5,0.5,
1,1,0.571,0,0,-0.13125,0.5,-0.5,0.5,0.5,
1,1,0.573,0,0,-0.13125,0.5,-0.5,0.5,0.5,
1,1,0.575,0,0,-0.13125,0.5,-0.5,0.5,0.5,
1,1,0.577,0,0,-0.13125,0.5,-0.5,0.5,0.5,
1,1,0.579,0,0,-0.13125,0.5,-0.5,0.5,0.5,
1,1,0.581,0,0,-0.13125,0.5,-0.5,0.5,0.5,
1,1,0.583,0,0,-0.13125,0.5,-0.5,0.5,0.5,
1,1,0.585,0,0,-0.13125,0.5,-0.5,0.5,0.5,
1,1,0.587,0,0,-0.13125,0.5,-0.5,0.5,0.5,
1,1,0.589,0,0,-0.13125,0.5,-0.5,0.5,0.5,
1,1,0.591,0,0,-0.13125,0.5,-0.5,0.5,0.5,
1,1,0.593,0,0,-0.13125,0.5,-0.5,0.5,0.5,
1,1,0.595,0,0,-0.13125,0.5,-0.5,0.5,0.5,
1,1,0.597,0,0,-0.13125,0.5,-0.5,0.5,0.5,
1,1,0.599,0,0,-0.13125,0.5,-0.5,0.5,0.5,
1,1,0.601,0,0,-0.13125,0.5,-0.5,0.5,0.5,
1,1,0.603,0,0,-0.13125,0.5,-0.5,0.5,0.5,
1,1,0.605,0,0,-0.13125,0.5,-0.5,0.5,0.5,
1,1,0.607,0,0,-0.13125,0.5,-0.5,0.5,0.5,
1,1,0.609,0,0,-0.13125,0.5,-0.5,0.5,0.5,
1,1,0.611,0,0,-0.13125,0.5,-0.5,0.5,0.5,
1,1,0.613,0,0,-0.13125,0.5,-0.5,0.5,0.5,
1,1,0.615,0,0,-0.13125,0.5,-0.5,0.5,0.5,
1,1,0.617,0,0,-0.13125,0.5,-0.5,0.5,0.5,
1,1,0.619,0,0,-0.13125,0.5,-0.5,0.5,0.5,
1,1,0.621,0,0,-0.13125,0.5,-0.5,0.5,0.5,
1,1,0.623,0,0,-0.13125,0.5,-0.5,0.5,0.5,
1,1,0.625,0,0,-0.13125,0.5,-0.5,0.5,0.5,
1,1,0.627,0,0,-0.13125,0.5,-0.5,0.5,0.5,
1,1,0.629,0,0,-0.13125,0.5,-0.5,0.5,0.5,
1,1,0.631,0,0,-0.13125,0.5,-0.5,0.5,0.5,
1,1,0.633,0,0,-0.13125,0.5,-0.5,0.5,0.5,
1,1,0.635,0,0,-0.13125,0.5,-0.5,0.5,0.5,
1,1,0.637,0,0,-0.13125,0.5,-0.5,0.5,0.5,
1,1,0.639,0,0,-0.13125,0.5,-0.5,0.5,0.5,
1,1,0.641,0,0,-0.13125,0.5,-0.5,0.5,0.5,
1,1,0.643,0,0,-0.13125,0.5,-0.5,0.5,0.5,
1,1,0.645,0,0,-0.13125,0.5,-0.5,0.5,0.5,
1,1,0.647,0,0,-0.13125,0.5,-0.5,0.5,0.5,
1,1,0.649,0,0,-0.13125,0.5,-0.5,0.5,0.5,
1,1,0.651,0,0,-0.13125,0.5,-0.5,0.5,0.5,
1,1,0.653,0,0,-0.13125,0.5,-0.5,0.5,0.5,
1,1,0.655,0,0,-0.13125,0.5,-0.5,0.5,0.5,
1,1,0.657,0,0,-0.13125,0.5,-0.5,0.5,0.5,
1,1,0.659,0,0,-0.13125,0.5,-0.5,0.5,0.5,
1,1,0.661,0,0,-0.13125,0.5,-0.5,0.5,0.5,
1,1,0.663,0,0,-0.13125,0.5,-0.5,0.5,0.5,
1,1,0.665,0,0,-0.13125,0.5,-0.5,0.5,0.5,
1,1,0.667,0,0,-0.13125,0.5,-0.5,0.5,0.5,
1,1,0.669,0,0,-0.13125,0.5,-0.5,0.5,0.5,
1,1,0.671,0,0,-0.13125,0.5,-0.5,0.5,0.5,
1,1,0.673,0,0,-0.13125,0.5,-0.5,0.5,0.5,
1,1,0.675,0,0,-0.13125,0.5,-0.5,0.5,0.5,
1,1,0.677,0,0,-0.13125,0.5,-0.5,0.5,0.5,
1,1,0.679,0,0,-0.13125,0.5,-0.5,0.5,0.5,
1,1,0.681,0,0,-0.13125,0.5,-0.5,0.5,0.5,
1,1,0.683,0,0,-0.13125,0.5,-0.5,0.5,0.5,
1,1,0.685,0,0,-0.13125,0.5,-0.5,0.5,0.5,
1,1,0.687,0,0,-0.13125,0.5,-0.5,0.5,0.5,
1,1,0.689,0,0,-0.13125,0.5,-0.5,0.5,0.5,
1,1,0.691,0,0,-0.13125,0.5,-0.5,0.5,0.5,
1,1,0.693,0,0,-0.13125,0.5,-0.5,0.5,0.5,
1,1,0.695,0,0,-0.13125,0.5,-0.5,0.5,0.5,
1,1,0.697,0,0,-0.13125,0.5,-0.5,0.5,0.5,
1,1,0.699,0,0,-0.13125,0.5,-0.5,0.5,0.5,
1,1,0.701,0,0,-0.13125,0.5,-0.5,0.5,0.5,
1,1,0.703,0,0,-0.13125,0.5,-0.5,0.5,0.5,
1,1,0.705,0,0,-0.13125,0.5,-0.5,0.5,0.5,
1,1,0.707,0,0,-0.13125,0.5,-0.5,0.5,0.5,
1,1,0.709,0,0,-0.13125,0.5,-0.5,0.5,0.5,
1,1,0.711,0,0,-0.13125,0.5,-0.5,0.5,0.5,
1,1,0.713,0,0,-0.13125,0.5,-0.5,0.5,0.5,
1,1,0.715,0,0,-0.13125,0.5,-0.5,0.5,0.5,
1,1,0.717,0,0,-0.13125,0.5,-0.5,0.5,0.5,
1,1,0.719,0,0,-0.13125,0.5,-0.5,0.5,0.5,
1,1,0.721,0,0,-0.13125,0.5,-0.5,0.5,0.5,
1,1,0.723,0,0,-0.13125,0.5,-0.5,0.5,0.5,
1,1,0.725,0,0,-0.13125,0.5,-0.5,0.5,0.5,
1,1,0.727,0,0,-0.13125,0.5,-0.5,0.5,0.5,
1,1,0.729,0,0,-0.13125,0.5,-0.5,0.5,0.5,
1,1,0.731,0,0,-0.13125,0.5,-0.5,0.5,0.5,
1,1,0.733,0,0,-0.13125,0.5,-0.5,0.5,0.5,
1,1,0.735,0,0,-0.13125,0.5,-0.5,0.5,0.5,
1,1,0.737,0,0,-0.13125,0.5,-0.5,0.5,0.5,
1,1,0.739,0,0,-0.13125,0.5,-0.5,0.5,0.5,
1,1,0.741,0,0,-0.13125,0.5,-0.5,0.5,0.5,
1,1,0.743,0,0,-0.13125,0.5,-0.5,0.5,0.5,
1,1,0.745,0,0,-0.13125,0.5,-0.5,0.5,0.5,
1,1,0.747,0,0,-0.13125,0.5,-0.5,0.5,0.5,
1,1,0.749,0,0,-0.13125,0.5,-0.5,0.5,0.5,
1,1,0.751,0,0,-0.13125,0.5,-0.5,0.5,0.5,
1,1,0.753,0,0,-0.13125,0.5,-0.5,0.5,0.5,
1,1,0.755,0,0,-0.13125,0.5,-0.5,0.5,0.5,
1,1,0.757,0,0,-0.13125,0.5,-0.5,0.5,0.5,
1,1,0.759,0,0,-0.13125,0.5,-0.5,0.5,0.5,
1,1,0.761,0,0,-0.13125,0.5,-0.5,0.5,0.5,
1,1,0.763,0,0,-0.13125,0.5,-0.5,0.5,0.5,
1,1,0.765,0,0,-0.13125,0.5,-0.5,0.5,0.5,
1,1,0.767,0,0,-0.13125,0.5,-0.5,0.5,0.5,
1,1,0.769,0,0,-0.13125,0.5,-0.5,0.5,0.5,
1,1,0.771,0,0,-0.13125,0.5,-0.5,0.5,0.5,
1,1,0.773,0,0,-0.13125,0.5,-0.5,0.5,0.5,
1,1,0.775,0,0,-0.13125,0.5,-0.5,0.5,0.5,
1,1,0.777,0,0,-0.13125,0.5,-0.5,0.5,0.5,
1,1,0.779,0,0,-0.13125,0.5,-0.5,0.5,0.5,
1,1,0.781,0,0,-0.13125,0.5,-0.5,0.5,0.5,
1,1,0.783,0,0,-0.13125,0.5,-0.5,0.5,0.5,
1,1,0.785,0,0,-0.13125,0.5,-0.5,0.5,0.5,
1,1,0.787,0,0,-0.13125,0.5,-0.5,0.5,0.5,
1,1,0.789,0,0,-0.13125,0.5,-0.5,0.5,0.5,
1,1,0.791,0,0,-0.13125,0.5,-0.5,0.5,0.5,
1,1,0.793,0,0,-0.13125,0.5,-0.5,0.5,0.5,
1,1,0.795,0,0,-0.13125,0.5,-0.5,0.5,0.5,
1,1,0.797,0,0,-0.13125,0.5,-0.5,0.5,0.5,
1,1,0.799,0,0,-0.13125,0.5,-0.5,0.5,0.5,
1,1,0.801,0,0,-0.13125,0.5,-0.5,0.5,0.5,
1,1,0.803,0,0,-0.13125,0.5,-0.5,0.5,0.5,
1,1,0.805,0,0,-0.13125,0.5,-0.5,0.5,0.5,
1,1,0.807,0,0,-0.13125,0.5,-0.5,0.5,0.5,
1,1,0.809,0,0,-0.13125,0.5,-0.5,0.5,0.5,
1,1,0.811,0,0,-0.13125,0.5,-0.5,0.5,0.5,
1,1,0.813,0,0,-0.13125,0.5,-0.5,0.5,0.5,
1,1,0.815,0,0,-0.13125,0.5,-0.5,0.5,0.5,
1,1,0.817,0,0,-0.13125,0.5,-0.5,0.5,0.5,
1,1,0.819,0,0,-0.13125,0.5,-0.5,0.5,0.5,
1,1,0.821,0,0,-0.13125,0.5,-0.5,0.5,0.5,
1,1,0.823,0,0,-0.13125,0.5,-0.5,0.5,0.5,
1,1,0.825,0,0,-0.13125,0.5,-0.5,0.5,0.5,
1,1,0.827,0,0,-0.13125,0.5,-0.5,0.5,0.5,
1,1,0.829,0,0,-0.13125,0.5,-0.5,0.5,0.5,
1,1,0.831,0,0,-0.13125,0.5,-0.5,0.5,0.5,
1,1,0.833,0,0,-0.13125,0.5,-0.5,0.5,0.5,
1,1,0.835,0,0,-0.13125,0.5,-0.5,0.5,0.5,
1,1,0.837,0,0,-0.13125,0.5,-0.5,0.5,0.5,
1,1,0.839,0,0,-0.13125,0.5,-0.5,0.5,0.5,
1,1,0.841,0,0,-0.13125,0.5,-0.5,0.5,0.5,
1,1,0.843,0,0,-0.13125,0.5,-0.5,0.5,0.5,
1,1,0.845,0,0,-0.13125,0.5,-0.5,0.5,0.5,
1,1,0.847,0,0,-0.13125,0.5,-0.5,0.5,0.5,
1,1,0.849,0,0,-0.13125,0.5,-0.5,0.5,0.5,
1,1,0.851,0,0,-0.13125,0.5,-0.5,0.5,0.5,
1,1,0.853,0,0,-0.13125,0.5,-0.5,0.5,0.5,
1,1,0.855,0,0,-0.13125,0.5,-0.5,0.5,0.5,
1,1,0.857,0,0,-0.13125,0.5,-0.5,0.5,0.5,
1,1,0.859,0,0,-0.13125,0.5,-0.5,0.5,0.5,
1,1,0.861,0,0,-0.13125,0.5,-0.5,0.5,0.5,
1,1,0.863,0,0,-0.13125,0.5,-0.5,0.5,0.5,
1,1,0.865,0,0,-0.13125,0.5,-0.5,0.5,0.5,
1,1,0.867,0,0,-0.13125,0.5,-0.5,0.5,0.5,
1,1,0.869,0,0,-0.13125,0.5,-0.5,0.5,0.5,
1,1,0.871,0,0,-0.13125,0.5,-0.5,0.5,0.5,
1,1,0.873,0,0,-0.13125,0.5,-0.5,0.5,0.5,
1,1,0.875,0,0,-0.13125,0.5,-0.5,0.5,0.5,
1,1,0.877,0,0,-0.13125,0.5,-0.5,0.5,0.5,
1,1,0.879,0,0,-0.13125,0.5,-0.5,0.5,0.5,
1,1,0.881,0,0,-0.13125,0.5,-0.5,0.5,0.5,
1,1,0.883,0,0,-0.13125,0.5,-0.5,0.5,0.5,
1,1,0.885,0,0,-0.13125,0.5,-0.5,0.5,0.5,
1,1,0.887,0,0,-0.13125,0.5,-0.5,0.5,0.5,
1,1,0.889,0,0,-0.13125,0.5,-0.5,0.5,0.5,
1,1,0.891,0,0,-0.13125,0.5,-0.5,0.5,0.5,
1,1,0.893,0,0,-0.13125,0.5,-0.5,0.5,0.5,
1,1,0.895,0,0,-0.13125,0.5,-0.5,0.5,0.5,
1,1,0.897,0,0,-0.13125,0.5,-0.5,0.5,0.5,
1,1,0.899,0,0,-0.13125,0.5,-0.5,0.5,0.5,
1,1,0.901,0,0,-0.13125,0.5,-0.5,0.5,0.5,
1,1,0.903,0,0,-0.13125,0.5,-0.5,0.5,0.5,
1,1,0.905,0,0,-0.13125,0.5,-0.5,0.5,0.5,
1,1,0.907,0,0,-0.13125,0.5,-0.5,0.5,0.5,
1,1,0.909,0,0,-0.13125,0.5,-0.5,0.5,0.5,
1,1,0.911,0,0,-0.13125,0.5,-0.5,0.5,0.5,
1,1,0.913,0,0,-0.13125,0.5,-0.5,0.5,0.5,
1,1,0.915,0,0,-0.13125,0.5,-0.5,0.5,0.5,
1,1,0.917,0,0,-0.13125,0.5,-0.5,0.5,0.5,
1,1,0.919,0,0,-0.13125,0.5,-0.5,0.5,0.5,
1,1,0.921,0,0,-0.13125,0.5,-0.5,0.5,0.5,
1,1,0.923,0,0,-0.13125,0.5,-0.5,0.5,0.5,
1,1,0.925,0,0,-0.13125,0.5,-0.5,0.5,0.5,
1,1,0.927,0,0,-0.13125,0.5,-0.5,0.5,0.5,
1,1,0.929,0,0,-0.13125,0.5,-0.5,0.5,0.5,
1,1,0.931,0,0,-0.13125,0.5,-0.5,0.5,0.5,
1,1,0.933,0,0,-0.13125,0.5,-0.5,0.5,0.5,
1,1,0.935,0,0,-0.13125,0.5,-0.5,0.5,0.5,
1,1,0.937,0,0,-0.13125,0.5,-0.5,0.5,0.5,
1,1,0.939,0,0,-0.13125,0.5,-0.5,0.5,0.5,
1,1,0.941,0,0,-0.13125,0.5,-0.5,0.5,0.5,
1,1,0.943,0,0,-0.13125,0.5,-0.5,0.5,0.5,
1,1,0.945,0,0,-0.13125,0.5,-0.5,0.5,0.5,
1,1,0.947,0,0,-0.13125,0.5,-0.5,0.5,0.5,
1,1,0.949,0,0,-0.13125,0.5,-0.5,0.5,0.5,
1,1,0.951,0,0,-0.13125,0.5,-0.5,0.5,0.5,
1,1,0.953,0,0,-0.13125,0.5,-0.5,0.5,0.5,
1,1,0.955,0,0,-0.13125,0.5,-0.5,0.5,0.5,
1,1,0.957,0,0,-0.13125,0.5,-0.5,0.5,0.5,
1,1,0.959,0,0,-0.13125,0.5,-0.5,0.5,0.5,
1,1,0.961,0,0,-0.13125,0.5,-0.5,0.5,0.5,
1,1,0.963,0,0,-0.13125,0.5,-0.5,0.5,0.5,
1,1,0.965,0,0,-0.13125,0.5,-0.5,0.5,0.5,
1,1,0.967,0,0,-0.13125,0.5,-0.5,0.5,0.5,
1,1,0.969,0,0,-0.13125,0.5,-0.5,0.5,0.5,
1,1,0.971,0,0,-0.13125,0.5,-0.5,0.5,0.5,
1,1,0.973,0,0,-0.13125,0.5,-0.5,0.5,0.5,
1,1,0.975,0,0,-0.13125,0.5,-0.5,0.5,0.5,
1,1,0.977,0,0,-0.13125,0.5,-0.5,0.5,0.5,
1,1,0.979,0,0,-0.13125,0.5,-0.5,0.5,0.5,
1,1,0.981,0,0,-0.13125,0.5,-0.5,0.5,0.5,
1,1,0.983,0,0,-0.13125,0.5,-0.5,0.5,0.5,
1,1,0.985,0,0,-0.13125,0.5,-0.5,0.5,0.5,
1,1,0.987,0,0,-0.13125,0.5,-0.5,0.5,0.5,
1,1,0.989,0,0,-0.13125,0.5,-0.5,0.5,0.5,
1,1,0.991,0,0,-0.13125,0.5,-0.5,0.5,0.5,
1,1,0.993,0,0,-0.13125,0.5,-0.5,0.5,0.5,
1,1,0.995,0,0,-0.13125,0.5,-0.5,0.5,0.5,
1,1,0.997,0,0,-0.13125,0.5,-0.5,0.5,0.5,
1,1,0.999,0,0,-0.13125,0.5,-0.5,0.5,0.5,
1,1,1.001,0,0,-0.13125,0.5,-0.5,0.5,0.5,
1,1,1.003,0,0,-0.13125,0.5,-0.5,0.5,0.5,
1,1,1.005,0,0,-0.13125,0.5,-0.5,0.5,0.5,
1,1,1.007,0,0,-0.13125,0.5,-0.5,0.5,0.5,
1,1,1.009,0,0,-0.13125,0.5,-0.5,0.5,0.5,
1,1,1.011,0,0,-0.13125,0.5,-0.5,0.5,0.5,
1,1,1.013,0,0,-0.13125,0.5,-0.5,0.5,0.5,
1,1,1.015,0,0,-0.13125,0.5,-0.5,0.5,0.5,
1,1,1.017,0,0,-0.13125,0.5,-0.5,0.5,0.5,
1,1,1.019,0,0,-0.13125,0.5,-0.5,0.5,0.5,
1,1,1.021,0,0,-0.13125,0.5,-0.5,0.5,0.5,
1,1,1.023,0,0,-0.13125,0.5,-0.5,0.5,0.5,
1,1,1.025,0,0,-0.13125,0.5,-0.5,0.5,0.5,
1,1,1.027,0,0,-0.13125,0.5,-0.5,0.5,0.5,
1,1,1.029,0,0,-0.13125,0.5,-0.5,0.5,0.5,
1,1,1.031,0,0,-0.13125,0.5,-0.5,0.5,0.5,
1,1,1.033,0,0,-0.13125,0.5,-0.5,0.5,0.5,
1,1,1.035,0,0,-0.13125,0.5,-0.5,0.5,0.5,
1,1,1.037,0,0,-0.13125,0.5,-0.5,0.5,0.5,
1,1,1.039,0,0,-0.13125,0.5,-0.5,0.5,0.5,
1,1,1.041,0,0,-0.13125,0.5,-0.5,0.5,0.5,
1,1,1.043,0,0,-0.13125,0.5,-0.5,0.5,0.5,
1,1,1.045,0,0,-0.13125,0.5,-0.5,0.5,0.5,
1,1,1.047,0,0,-0.13125,0.5,-0.5,0.5,0.5,
1,1,1.049,0,0,-0.13125,0.5,-0.5,0.5,0.5,
1,1,1.051,0,0,-0.13125,0.5,-0.5,0.5,0.5,
1,1,1.053,0,0,-0.13125,0.5,-0.5,0.5,0.5,
1,1,1.055,0,0,-0.13125,0.5,-0.5,0.5,0.5,
1,1,1.057,0,0,-0.13125,0.5,-0.5,0.5,0.5,
1,1,1.059,0,0,-0.13125,0.5,-0.5,0.5,0.5,
1,1,1.061,0,0,-0.13125,0.5,-0.5,0.5,0.5,
1,1,1.063,0,0,-0.13125,0.5,-0.5,0.5,0.5,
1,1,1.065,0,0,-0.13125,0.5,-0.5,0.5,0.5,
1,1,1.067,0,0,-0.13125,0.5,-0.5,0.5,0.5,
1,1,1.069,0,0,-0.13125,0.5,-0.5,0.5,0.5,
1,1,1.071,0,0,-0.13125,0.5,-0.5,0.5,0.5,
1,1,1.073,0,0,-0.13125,0.5,-0.5,0.5,0.5,
1,1,1.075,0,0,-0.13125,0.5,-0.5,0.5,0.5,
1,1,1.077,0,0,-0.13125,0.5,-0.5,0.5,0.5,
1,1,1.079,0,0,-0.13125,0.5,-0.5,0.5,0.5,
1,1,1.081,0,0,-0.13125,0.5,-0.5,0.5,0.5,
1,1,1.083,0,0,-0.13125,0.5,-0.5,0.5,0.5,
1,1,1.085,0,0,-0.13125,0.5,-0.5,0.5,0.5,
1,1,1.087,0,0,-0.13125,0.5,-0.5,0.5,0.5,
1,1,1.089,0,0,-0.13125,0.5,-0.5,0.5,0.5,
1,1,1.091,0,0,-0.13125,0.5,-0.5,0.5,0.5,
1,1,1.093,0,0,-0.13125,0.5,-0.5,0.5,0.5,
1,1,1.095,0,0,-0.13125,0.5,-0.5,0.5,0.5,
1,1,1.097,0,0,-0.13125,0.5,-0.5,0.5,0.5,
1,1,1.099,0,0,-0.13125,0.5,-0.5,0.5,0.5,
1,1,1.101,0,0,-0.13125,0.5,-0.5,0.5,0.5,
1,1,1.103,0,0,-0.13125,0.5,-0.5,0.5,0.5,
1,1,1.105,0,0,-0.13125,0.5,-0.5,0.5,0.5,
1,1,1.107,0,0,-0.13125,0.5,-0.5,0.5,0.5,
1,1,1.109,0,0,-0.13125,0.5,-0.5,0.5,0.5,
1,1,1.111,0,0,-0.13125,0.5,-0.5,0.5,0.5,
1,1,1.113,0,0,-0.13125,0.5,-0.5,0.5,0.5,
1,1,1.115,0,0,-0.13125,0.5,-0.5,0.5,0.5,
1,1,1.117,0,0,-0.13125,0.5,-0.5,0.5,0.5,
1,1,1.119,0,0,-0.13125,0.5,-0.5,0.5,0.5,
1,1,1.121,0,0,-0.13125,0.5,-0.5,0.5,0.5,
1,1,1.123,0,0,-0.13125,0.5,-0.5,0.5,0.5,
1,1,1.125,0,0,-0.13125,0.5,-0.5,0.5,0.5,
1,1,1.127,0,0,-0.13125,0.5,-0.5,0.5,0.5,
1,1,1.129,0,0,-0.13125,0.5,-0.5,0.5,0.5,
1,1,1.131,0,0,-0.13125,0.5,-0.5,0.5,0.5,
1,1,1.133,0,0,-0.13125,0.5,-0.5,0.5,0.5,
1,1,1.135,0,0,-0.13125,0.5,-0.5,0.5,0.5,
1,1,1.137,0,0,-0.13125,0.5,-0.5,0.5,0.5,
1,1,1.139,0,0,-0.13125,0.5,-0.5,0.5,0.5,
1,1,1.141,0,0,-0.13125,0.5,-0.5,0.5,0.5,
1,1,1.143,0,0,-0.13125,0.5,-0.5,0.5,0.5,
1,1,1.145,0,0,-0.13125,0.5,-0.5,0.5,0.5,
1,1,1.147,0,0,-0.13125,0.5,-0.5,0.5,0.5,
1,1,1.149,0,0,-0.13125,0.5,-0.5,0.5,0.5,
1,1,1.151,0,0,-0.13125,0.5,-0.5,0.5,0.5,
1,1,1.153,0,0,-0.13125,0.5,-0.5,0.5,0.5,
1,1,1.155,0,0,-0.13125,0.5,-0.5,0.5,0.5,
1,1,1.157,0,0,-0.13125,0.5,-0.5,0.5,0.5,
1,1,1.159,0,0,-0.13125,0.5,-0.5,0.5,0.5,
1,1,1.161,0,0,-0.13125,0.5,-0.5,0.5,0.5,
1,1,1.163,0,0,-0.13125,0.5,-0.5,0.5,0.5,
1,1,1.165,0,0,-0.13125,0.5,-0.5,0.5,0.5,
1,1,1.167,0,0,-0.13125,0.5,-0.5,0.5,0.5,
1,1,1.169,0,0,-0.13125,0.5,-0.5,0.5,0.5,
1,1,1.171,0,0,-0.13125,0.5,-0.5,0.5,0.5,
1,1,1.173,0,0,-0.13125,0.5,-0.5,0.5,0.5,
1,1,1.175,0,0,-0.13125,0.5,-0.5,0.5,0.5,
1,1,1.177,0,0,-0.13125,0.5,-0.5,0.5,0.5,
1,1,1.179,0,0,-0.13125,0.5,-0.5,0.5,0.5,
1,1,1.181,0,0,-0.13125,0.5,-0.5,0.5,0.5,CourtEnter
1,1,1.183,0,0,-0.13125,0.5,-0.5,0.5,0.5,
1,1,1.185,0,0,-0.13125,0.5,-0.5,0.5,0.5,
1,1,1.187,0,0,-0.13125,0.5,-0.5,0.5,0.5,
1,1,1.189,0,0,-0.13125,0.5,-0.5,0.5,0.5,CourtExit
1,1,1.191,0,0,-0.13125,0.5,-0.5,0.5,0.5,
1,1,1.193,0,0,-0.13125,0.5,-0.5,0.5,0.5,
1,1,1.195,0,0,-0.13125,0.5,-0.5,0.5,0.5,
1,1,1.197,0,0,-0.13125,0.5,-0.5,0.5,0.5,
1,1,1.199,0,0,-0.13125,0.5,-0.5,0.5,0.5,
1,1,1.201,0,0,-0.13125,0.5,-0.5,0.5,0.5,
1,1,1.203,0,0,-0.13125,0.5,-0.5,0.5,0.5,
1,1,1.205,0,0,-0.13125,0.5,-0.5,0.5,0.5,
1,1,1.207,0,0,-0.13125,0.5,-0.5,0.5,0.5,
1,1,1.209,0,0,-0.13125,0.5,-0.5,0.5,0.5,
1,1,1.211,0,0,-0.13125,0.5,-0.5,0.5,0.5,
1,1,1.213,0,0,-0.13125,0.5,-0.5,0.5,0.5,
1,1,1.215,0,0,-0.13125,0.5,-0.5,0.5,0.5,
1,1,1.217,0,0,-0.13125,0.5,-0.5,0.5,0.5,
1,1,1.219,0,0,-0.13125,0.5,-0.5,0.5,0.5,
1,1,1.221,0,0,-0.13125,0.5,-0.5,0.5,0.5,
1,1,1.223,0,0,-0.13125,0.5,-0.5,0.5,0.5,
1,1,1.225,0,0,-0.13125,0.5,-0.5,0.5,0.5,
1,1,1.227,0,0,-0.13125,0.5,-0.5,0.5,0.5,
1,1,1.229,0,0,-0.13125,0.5,-0.5,0.5,0.5,
1,1,1.231,0,0,-0.13125,0.5,-0.5,0.5,0.5,
1,1,1.233,0,0,-0.13125,0.5,-0.5,0.5,0.5,
1,1,1.235,0,0,-0.13125,0.5,-0.5,0.5,0.5,
1,1,1.237,0,0,-0.13125,0.5,-0.5,0.5,0.5,
1,1,1.239,0,0,-0.13125,0.5,-0.5,0.5,0.5,
1,1,1.241,0,0,-0.13125,0.5,-0.5,0.5,0.5,
1,1,1.243,0,0,-0.13125,0.5,-0.5,0.5,0.5,
1,1,1.245,0,0,-0.13125,0.5,-0.5,0.5,0.5,
1,1,1.247,0,0,-0.13125,0.5,-0.5,0.5,0.5,
1,1,1.249,0,0,-0.13125,0.5,-0.5,0.5,0.5,
1,1,1.251,0,0,-0.13125,0.5,-0.5,0.5,0.5,
1,1,1.253,0,0,-0.13125,0.5,-0.5,0.5,0.5,
1,1,1.255,0,0,-0.13125,0.5,-0.5,0.5,0.5,
1,1,1.257,0,0,-0.13125,0.5,-0.5,0.5,0.5,
1,1,1.259,0,0,-0.13125,0.5,-0.5,0.5,0.5,
1,1,1.261,0,0,-0.13125,0.5,-0.5,0.5,0.5,
1,1,1.263,0,0,-0.13125,0.5,-0.5,0.5,0.5,
1,1,1.265,0,0,-0.13125,0.5,-0.5,0.5,0.5,
1,1,1.267,0,0,-0.13125,0.5,-0.5,0.5,0.5,
1,1,1.269,0,0,-0.13125,0.5,-0.5,0.5,0.5,
1,1,1.271,0,0,-0.13125,0.5,-0.5,0.5,0.5,
1,1,1.273,0,0,-0.13125,0.5,-0.5,0.5,0.5,
1,1,1.275,0,0,-0.13125,0.5,-0.5,0.5,0.5,
1,1,1.277,0,0,-0.13125,0.5,-0.5,0.5,0.5,
1,1,1.279,0,0,-0.13125,0.5,-0.5,0.5,0.5,
1,1,1.281,0,0,-0.13125,0.5,-0.5,0.5,0.5,
1,1,1.283,0,0,-0.13125,0.5,-0.5,0.5,0.5,
1,1,1.285,0,0,-0.13125,0.5,-0.5,0.5,0.5,
1,1,1.287,0,0,-0.13125,0.5,-0.5,0.5,0.5,
1,1,1.289,0,0,-0.13125,0.5,-0.5,0.5,0.5,
1,1,1.291,0,0,-0.13125,0.5,-0.5,0.5,0.5,
1,1,1.293,0,0,-0.13125,0.5,-0.5,0.5,0.5,
1,1,1.295,0,0,-0.13125,0.5,-0.5,0.5,0.5,
1,1,1.297,0,0,-0.13125,0.5,-0.5,0.5,0.5,
1,1,1.299,0,0,-0.13125,0.5,-0.5,0.5,0.5,
1,1,1.301,0,0,-0.13125,0.5,-0.5,0.5,0.5,
1,1,1.303,0,0,-0.13125,0.5,-0.5,0.5,0.5,
1,1,1.305,0,0,-0.13125,0.5,-0.5,0.5,0.5,
1,1,1.307,0,0,-0.13125,0.5,-0.5,0.5,0.5,
1,1,1.309,0,0,-0.13125,0.5,-0.5,0.5,0.5,
1,1,1.311,0,0,-0.13125,0.5,-0.5,0.5,0.5,
1,1,1.313,0,0,-0.13125,0.5,-0.5,0.5,0.5,
1,1,1.315,0,0,-0.13125,0.5,-0.5,0.5,0.5,
1,1,1.317,0,0,-0.13125,0.5,-0.5,0.5,0.5,
1,1,1.319,0,0,-0.13125,0.5,-0.5,0.5,0.5,
1,1,1.321,0,0,-0.13125,0.5,-0.5,0.5,0.5,
1,1,1.323,0,0,-0.13125,0.5,-0.5,0.5,0.5,
1,1,1.325,0,0,-0.13125,0.5,-0.5,0.5,0.5,
1,1,1.327,0,0,-0.13125,0.5,-0.5,0.5,0.5,
1,1,1.329,0,0,-0.13125,0.5,-0.5,0.5,0.5,
1,1,1.331,0,0,-0.13125,0.5,-0.5,0.5,0.5,
1,1,1.333,0,0,-0.13125,0.5,-0.5,0.5,0.5,
1,1,1.335,0,0,-0.13125,0.5,-0.5,0.5,0.5,
1,1,1.337,0,0,-0.13125,0.5,-0.5,0.5,0.5,
1,1,1.339,0,0,-0.13125,0.5,-0.5,0.5,0.5,
1,1,1.341,0,0,-0.13125,0.5,-0.5,0.5,0.5,
1,1,1.343,0,0,-0.13125,0.5,-0.5,0.5,0.5,
1,1,1.345,0,0,-0.13125,0.5,-0.5,0.5,0.5,
1,1,1.347,0,0,-0.13125,0.5,-0.5,0.5,0.5,
1,1,1.349,0,0,-0.13125,0.5,-0.5,0.5,0.5,
1,1,1.351,0,0,-0.13125,0.5,-0.5,0.5,0.5,
1,1,1.353,0,0,-0.13125,0.5,-0.5,0.5,0.5,
1,1,1.355,0,0,-0.13125,0.5,-0.5,0.5,0.5,
1,1,1.357,0,0,-0.13125,0.5,-0.5,0.5,0.5,
1,1,1.359,0,0,-0.13125,0.5,-0.5,0.5,0.5,
1,1,1.361,0,0,-0.13125,0.5,-0.5,0.5,0.5,
1,1,1.363,0,0,-0.13125,0.5,-0.5,0.5,0.5,
1,1,1.365,0,0,-0.13125,0.5,-0.5,0.5,0.5,
1,1,1.367,0,0,-0.13125,0.5,-0.5,0.5,0.5,
1,1,1.369,0,0,-0.13125,0.5,-0.5,0.5,0.5,
1,1,1.371,0,0,-0.13125,0.5,-0.5,0.5,0.5,
1,1,1.373,0,0,-0.13125,0.5,-0.5,0.5,0.5,
1,1,1.375,0,0,-0.13125,0.5,-0.5,0.5,0.5,
1,1,1.377,0,0,-0.13125,0.5,-0.5,0.5,0.5,
1,1,1.379,0,0,-0.13125,0.5,-0.5,0.5,0.5,
1,1,1.381,0,0,-0.13125,0.5,-0.5,0.5,0.5,
1,1,1.383,0,0,-0.13125,0.5,-0.5,0.5,0.5,
1,1,1.385,0,0,-0.13125,0.5,-0.5,0.5,0.5,
1,1,1.387,0,0,-0.13125,0.5,-0.5,0.5,0.5,
1,1,1.389,0,0,-0.13125,0.5,-0.5,0.5,0.5,
1,1,1.391,0,0,-0.13125,0.5,-0.5,0.5,0.5,
1,1,1.393,0,0,-0.13125,0.5,-0.5,0.5,0.5,
1,1,1.395,0,0,-0.13125,0.5,-0.5,0.5,0.5,
1,1,1.397,0,0,-0.13125,0.5,-0.5,0.5,0.5,
1,1,1.399,0,0,-0.13125,0.5,-0.5,0.5,0.5,
1,1,1.401,0,0,-0.13125,0.5,-0.5,0.5,0.5,
1,1,1.403,0,0,-0.13125,0.5,-0.5,0.5,0.5,
1,1,1.405,0,0,-0.13125,0.5,-0.5,0.5,0.5,
1,1,1.407,0,0,-0.13125,0.5,-0.5,0.5,0.5,
1,1,1.409,0,0,-0.13125,0.5,-0.5,0.5,0.5,
1,1,1.411,0,0,-0.13125,0.5,-0.5,0.5,0.5,
1,1,1.413,0,0,-0.13125,0.5,-0.5,0.5,0.5,
1,1,1.415,0,0,-0.13125,0.5,-0.5,0.5,0.5,
1,1,1.417,0,0,-0.13125,0.5,-0.5,0.5,0.5,
1,1,1.419,0,0,-0.13125,0.5,-0.5,0.5,0.5,
1,1,1.421,0,0,-0.13125,0.5,-0.5,0.5,0.5,
1,1,1.423,0,0,-0.13125,0.5,-0.5,0.5,0.5,
1,1,1.425,0,0,-0.13125,0.5,-0.5,0.5,0.5,
1,1,1.427,0,0,-0.13125,0.5,-0.5,0.5,0.5,
1,1,1.429,0,0,-0.13125,0.5,-0.5,0.5,0.5,
1,1,1.431,0,0,-0.13125,0.5,-0.5,0.5,0.5,
1,1,1.433,0,0,-0.13125,0.5,-0.5,0.5,0.5,
1,1,1.435,0,0,-0.13125,0.5,-0.5,0.5,0.5,
1,1,1.437,0,0,-0.13125,0.5,-0.5,0.5,0.5,
1,1,1.439,0,0,-0.13125,0.5,-0.5,0.5,0.5,
1,1,1.441,0,0,-0.13125,0.5,-0.5,0.5,0.5,
1,1,1.443,0,0,-0.13125,0.5,-0.5,0.5,0.5,
1,1,1.445,0,0,-0.13125,0.5,-0.5,0.5,0.5,
1,1,1.447,0,0,-0.13125,0.5,-0.5,0.5,0.5,
1,1,1.449,0,0,-0.13125,0.5,-0.5,0.5,0.5,
1,1,1.451,0,0,-0.13125,0.5,-0.5,0.5,0.5,
1,1,1.453,0,0,-0.13125,0.5,-0.5,0.5,0.5,
1,1,1.455,0,0,-0.13125,0.5,-0.5,0.5,0.5,
1,1,1.457,0,0,-0.13125,0.5,-0.5,0.5,0.5,
1,1,1.459,0,0,-0.13125,0.5,-0.5,0.5,0.5,
1,1,1.461,0,0,-0.13125,0.5,-0.5,0.5,0.5,
1,1,1.463,0,0,-0.13125,0.5,-0.5,0.5,0.5,
1,1,1.465,0,0,-0.13125,0.5,-0.5,0.5,0.5,
1,1,1.467,0,0,-0.13125,0.5,-0.5,0.5,0.5,
1,1,1.469,0,0,-0.13125,0.5,-0.5,0.5,0.5,
1,1,1.471,0,0,-0.13125,0.5,-0.5,0.5,0.5,
1,1,1.473,0,0,-0.13125,0.5,-0.5,0.5,0.5,
1,1,1.475,0,0,-0.13125,0.5,-0.5,0.5,0.5,
1,1,1.477,0,0,-0.13125,0.5,-0.5,0.5,0.5,
1,1,1.479,0,0,-0.13125,0.5,-0.5,0.5,0.5,
1,1,1.481,0,0,-0.13125,0.5,-0.5,0.5,0.5,
1,1,1.483,0,0,-0.13125,0.5,-0.5,0.5,0.5,
1,1,1.485,0,0,-0.13125,0.5,-0.5,0.5,0.5,
1,1,1.487,0,0,-0.13125,0.5,-0.5,0.5,0.5,
1,1,1.489,0,0,-0.13125,0.5,-0.5,0.5,0.5,
1,1,1.491,0,0,-0.13125,0.5,-0.5,0.5,0.5,
1,1,1.493,0,0,-0.13125,0.5,-0.5,0.5,0.5,
1,1,1.495,0,0,-0.13125,0.5,-0.5,0.5,0.5,
1,1,1.497,0,0,-0.13125,0.5,-0.5,0.5,0.5,
1,1,1.499,0,0,-0.13125,0.5,-0.5,0.5,0.5,
1,1,1.501,0,0,-0.13125,0.5,-0.5,0.5,0.5,
1,1,1.503,0,0,-0.13125,0.5,-0.5,0.5,0.5,
1,1,1.505,0,0,-0.13125,0.5,-0.5,0.5,0.5,
1,1,1.507,0,0,-0.13125,0.5,-0.5,0.5,0.5,
1,1,1.509,0,0,-0.13125,0.5,-0.5,0.5,0.5,
1,1,1.511,0,0,-0.13125,0.5,-0.5,0.5,0.5,
1,1,1.513,0,0,-0.13125,0.5,-0.5,0.5,0.5,
1,1,1.515,0,0,-0.13125,0.5,-0.5,0.5,0.5,
1,1,1.517,0,0,-0.13125,0.5,-0.5,0.5,0.5,
1,1,1.519,0,0,-0.13125,0.5,-0.5,0.5,0.5,
1,1,1.521,0,0,-0.13125,0.5,-0.5,0.5,0.5,
1,1,1.523,0,0,-0.13125,0.5,-0.5,0.5,0.5,
1,1,1.525,0,0,-0.13125,0.5,-0.5,0.5,0.5,
1,1,1.527,0,0,-0.13125,0.5,-0.5,0.5,0.5,
1,1,1.529,0,0,-0.13125,0.5,-0.5,0.5,0.5,
1,1,1.531,0,0,-0.13125,0.5,-0.5,0.5,0.5,
1,1,1.533,0,0,-0.13125,0.5,-0.5,0.5,0.5,
1,1,1.535,0,0,-0.13125,0.5,-0.5,0.5,0.5,
1,1,1.537,0,0,-0.13125,0.5,-0.5,0.5,0.5,
1,1,1.539,0,0,-0.13125,0.5,-0.5,0.5,0.5,
1,1,1.541,0,0,-0.13125,0.5,-0.5,0.5,0.5,
1,1,1.543,0,0,-0.13125,0.5,-0.5,0.5,0.5,
1,1,1.545,0,0,-0.13125,0.5,-0.5,0.5,0.5,
1,1,1.547,0,0,-0.13125,0.5,-0.5,0.5,0.5,
1,1,1.549,0,0,-0.13125,0.5,-0.5,0.5,0.5,
1,1,1.551,0,0,-0.13125,0.5,-0.5,0.5,0.5,
1,1,1.553,0,0,-0.13125,0.5,-0.5,0.5,0.5,
1,1,1.555,0,0,-0.13125,0.5,-0.5,0.5,0.5,
1,1,1.557,0,0,-0.13125,0.5,-0.5,0.5,0.5,
1,1,1.559,0,0,-0.13125,0.5,-0.5,0.5,0.5,
1,1,1.561,0,0,-0.13125,0.5,-0.5,0.5,0.5,
1,1,1.563,0,0,-0.13125,0.5,-0.5,0.5,0.5,
1,1,1.565,0,0,-0.13125,0.5,-0.5,0.5,0.5,
1,1,1.567,0,0,-0.13125,0.5,-0.5,0.5,0.5,
1,1,1.569,0,0,-0.13125,0.5,-0.5,0.5,0.5,
1,1,1.571,0,0,-0.13125,0.5,-0.5,0.5,0.5,
1,1,1.573,0,0,-0.13125,0.5,-0.5,0.5,0.5,
1,1,1.575,0,0,-0.13125,0.5,-0.5,0.5,0.5,
1,1,1.577,0,0,-0.13125,0.5,-0.5,0.5,0.5,
1,1,1.579,0,0,-0.13125,0.5,-0.5,0.5,0.5,
1,1,1.581,0,0,-0.13125,0.5,-0.5,0.5,0.5,
1,1,1.583,0,0,-0.13125,0.5,-0.5,0.5,0.5,
1,1,1.585,0,0,-0.13125,0.5,-0.5,0.5,0.5,
1,1,1.587,0,0,-0.13125,0.5,-0.5,0.5,0.5,
1,1,1.589,0,0,-0.13125,0.5,-0.5,0.5,0.5,
1,1,1.591,0,0,-0.13125,0.5,-0.5,0.5,0.5,
1,1,1.593,0,0,-0.13125,0.5,-0.5,0.5,0.5,
1,1,1.595,0,0,-0.13125,0.5,-0.5,0.5,0.5,
1,1,1.597,0,0,-0.13125,0.5,-0.5,0.5,0.5,
1,1,1.599,0,0,-0.13125,0.5,-0.5,0.5,0.5,
1,1,1.601,0,0,-0.13125,0.5,-0.5,0.5,0.5,
1,1,1.603,0,0,-0.13125,0.5,-0.5,0.5,0.5,
1,1,1.605,0,0,-0.13125,0.5,-0.5,0.5,0.5,
1,1,1.607,0,0,-0.13125,0.5,-0.5,0.5,0.5,
1,1,1.609,0,0,-0.13125,0.5,-0.5,0.5,0.5,
1,1,1.611,0,0,-0.13125,0.5,-0.5,0.5,0.5,
1,1,1.613,0,0,-0.13125,0.5,-0.5,0.5,0.5,
1,1,1.615,0,0,-0.13125,0.5,-0.5,0.5,0.5,
1,1,1.617,0,0,-0.13125,0.5,-0.5,0.5,0.5,
1,1,1.619,0,0,-0.13125,0.5,-0.5,0.5,0.5,
1,1,1.621,0,0,-0.13125,0.5,-0.5,0.5,0.5,
1,1,1.623,0,0,-0.13125,0.5,-0.5,0.5,0.5,
1,1,1.625,0,0,-0.13125,0.5,-0.5,0.5,0.5,
1,1,1.627,0,0,-0.13125,0.5,-0.5,0.5,0.5,
1,1,1.629,0,0,-0.13125,0.5,-0.5,0.5,0.5,
1,1,1.631,0,0,-0.13125,0.5,-0.5,0.5,0.5,
1,1,1.633,0,0,-0.13125,0.5,-0.5,0.5,0.5,
1,1,1.635,0,0,-0.13125,0.5,-0.5,0.5,0.5,
1,1,1.637,0,0,-0.13125,0.5,-0.5,0.5,0.5,
1,1,1.639,0,0,-0.13125,0.5,-0.5,0.5,0.5,
1,1,1.641,0,0,-0.13125,0.5,-0.5,0.5,0.5,
1,1,1.643,0,0,-0.13125,0.5,-0.5,0.5,0.5,
1,1,1.645,0,0,-0.13125,0.5,-0.5,0.5,0.5,
1,1,1.647,0,0,-0.13125,0.5,-0.5,0.5,0.5,
1,1,1.649,0,0,-0.13125,0.5,-0.5,0.5,0.5,
1,1,1.651,0,0,-0.13125,0.5,-0.5,0.5,0.5,
1,1,1.653,0,0,-0.13125,0.5,-0.5,0.5,0.5,
1,1,1.655,0,0,-0.13125,0.5,-0.5,0.5,0.5,
1,1,1.657,0,0,-0.13125,0.5,-0.5,0.5,0.5,
1,1,1.659,0,0,-0.13125,0.5,-0.5,0.5,0.5,
1,1,1.661,0,0,-0.13125,0.5,-0.5,0.5,0.5,
1,1,1.663,0,0,-0.13125,0.5,-0.5,0.5,0.5,
1,1,1.665,0,0,-0.13125,0.5,-0.5,0.5,0.5,
1,1,1.667,0,0,-0.13125,0.5,-0.5,0.5,0.5,
1,1,1.669,0,0,-0.13125,0.5,-0.5,0.5,0.5,
1,1,1.671,0,0,-0.13125,0.5,-0.5,0.5,0.5,
1,1,1.673,0,0,-0.13125,0.5,-0.5,0.5,0.5,
1,1,1.675,0,0,-0.13125,0.5,-0.5,0.5,0.5,
1,1,1.677,0,0,-0.13125,0.5,-0.5,0.5,0.5,
1,1,1.679,0,0,-0.13125,0.5,-0.5,0.5,0.5,
1,1,1.681,0,0,-0.13125,0.5,-0.5,0.5,0.5,
1,1,1.683,0,0,-0.13125,0.5,-0.5,0.5,0.5,
1,1,1.685,0,0,-0.13125,0.5,-0.5,0.5,0.5,
1,1,1.687,0,0,-0.13125,0.5,-0.5,0.5,0.5,
1,1,1.689,0,0,-0.13125,0.5,-0.5,0.5,0.5,
1,1,1.691,0,0,-0.13125,0.5,-0.5,0.5,0.5,
1,1,1.693,0,0,-0.13125,0.5,-0.5,0.5,0.5,
1,1,1.695,0,0,-0.13125,0.5,-0.5,0.5,0.5,
1,1,1.697,0,0,-0.13125,0.5,-0.5,0.5,0.5,
1,1,1.699,0,0,-0.13125,0.5,-0.5,0.5,0.5,
1,1,1.701,0,0,-0.13125,0.5,-0.5,0.5,0.5,
1,1,1.703,0,0,-0.13125,0.5,-0.5,0.5,0.5,
1,1,1.705,0,0,-0.13125,0.5,-0.5,0.5,0.5,
1,1,1.707,0,0,-0.13125,0.5,-0.5,0.5,0.5,
1,1,1.709,0,0,-0.13125,0.5,-0.5,0.5,0.5,
1,1,1.711,0,0,-0.13125,0.5,-0.5,0.5,0.5,
1,1,1.713,0,0,-0.13125,0.5,-0.5,0.5,0.5,
1,1,1.715,0,0,-0.13125,0.5,-0.5,0.5,0.5,
1,1,1.717,0,0,-0.13125,0.5,-0.5,0.5,0.5,
1,1,1.719,0,0,-0.13125,0.5,-0.5,0.5,0.5,
1,1,1.721,0,0,-0.13125,0.5,-0.5,0.5,0.5,
1,1,1.723,0,0,-0.13125,0.5,-0.5,0.5,0.5,
1,1,1.725,0,0,-0.13125,0.5,-0.5,0.5,0.5,
1,1,1.727,0,0,-0.13125,0.5,-0.5,0.5,0.5,
1,1,1.729,0,0,-0.13125,0.5,-0.5,0.5,0.5,
1,1,1.731,0,0,-0.13125,0.5,-0.5,0.5,0.5,
1,1,1.733,0,0,-0.13125,0.5,-0.5,0.5,0.5,
1,1,1.735,0,0,-0.13125,0.5,-0.5,0.5,0.5,
1,1,1.737,0,0,-0.13125,0.5,-0.5,0.5,0.5,
1,1,1.739,0,0,-0.13125,0.5,-0.5,0.5,0.5,
1,1,1.741,0,0,-0.13125,0.5,-0.5,0.5,0.5,
1,1,1.743,0,0,-0.13125,0.5,-0.5,0.5,0.5,
1,1,1.745,0,0,-0.13125,0.5,-0.5,0.5,0.5,
1,1,1.747,0,0,-0.13125,0.5,-0.5,0.5,0.5,
1,1,1.749,0,0,-0.13125,0.5,-0.5,0.5,0.5,
1,1,1.751,0,0,-0.13125,0.5,-0.5,0.5,0.5,
1,1,1.753,0,0,-0.13125,0.5,-0.5,0.5,0.5,
1,1,1.755,0,0,-0.13125,0.5,-0.5,0.5,0.5,
1,1,1.757,0,0,-0.13125,0.5,-0.5,0.5,0.5,
1,1,1.759,0,0,-0.13125,0.5,-0.5,0.5,0.5,
1,1,1.761,0,0,-0.13125,0.5,-0.5,0.5,0.5,
1,1,1.763,0,0,-0.13125,0.5,-0.5,0.5,0.5,
1,1,1.765,0,0,-0.13125,0.5,-0.5,0.5,0.5,
1,1,1.767,0,0,-0.13125,0.5,-0.5,0.5,0.5,
1,1,1.769,0,0,-0.13125,0.5,-0.5,0.5,0.5,
1,1,1.771,0,0,-0.13125,0.5,-0.5,0.5,0.5,
1,1,1.773,0,0,-0.13125,0.5,-0.5,0.5,0.5,
1,1,1.775,0,0,-0.13125,0.5,-0.5,0.5,0.5,
1,1,1.777,0,0,-0.13125,0.5,-0.5,0.5,0.5,
1,1,1.779,0,0,-0.13125,0.5,-0.5,0.5,0.5,
1,1,1.781,0,0,-0.13125,0.5,-0.5,0.5,0.5,
1,1,1.783,0,0,-0.13125,0.5,-0.5,0.5,0.5,
1,1,1.785,0,0,-0.13125,0.5,-0.5,0.5,0.5,
1,1,1.787,0,0,-0.13125,0.5,-0.5,0.5,0.5,
1,1,1.789,0,0,-0.13125,0.5,-0.5,0.5,0.5,
1,1,1.791,0,0,-0.13125,0.5,-0.5,0.5,0.5,
1,1,1.793,0,0,-0.13125,0.5,-0.5,0.5,0.5,
1,1,1.795,0,0,-0.13125,0.5,-0.5,0.5,0.5,
1,1,1.797,0,0,-0.13125,0.5,-0.5,0.5,0.5,
1,1,1.799,0,0,-0.13125,0.5,-0.5,0.5,0.5,
1,1,1.801,0,0,-0.13125,0.5,-0.5,0.5,0.5,
1,1,1.803,0,0,-0.13125,0.5,-0.5,0.5,0.5,
1,1,1.805,0,0,-0.13125,0.5,-0.5,0.5,0.5,
1,1,1.807,0,0,-0.13125,0.5,-0.5,0.5,0.5,
1,1,1.809,0,0,-0.13125,0.5,-0.5,0.5,0.5,
1,1,1.811,0,0,-0.13125,0.5,-0.5,0.5,0.5,
1,1,1.813,0,0,-0.13125,0.5,-0.5,0.5,0.5,
1,1,1.815,0,0,-0.13125,0.5,-0.5,0.5,0.5,
1,1,1.817,0,0,-0.13125,0.5,-0.5,0.5,0.5,
1,1,1.819,0,0,-0.13125,0.5,-0.5,0.5,0.5,
1,1,1.821,0,0,-0.13125,0.5,-0.5,0.5,0.5,
1,1,1.823,0,0,-0.13125,0.5,-0.5,0.5,0.5,
1,1,1.825,0,0,-0.13125,0.5,-0.5,0.5,0.5,
1,1,1.827,0,0,-0.13125,0.5,-0.5,0.5,0.5,
1,1,1.829,0,0,-0.13125,0.5,-0.5,0.5,0.5,
1,1,1.831,0,0,-0.13125,0.5,-0.5,0.5,0.5,
1,1,1.833,0,0,-0.13125,0.5,-0.5,0.5,0.5,
1,1,1.835,0,0,-0.13125,0.5,-0.5,0.5,0.5,
1,1,1.837,0,0,-0.13125,0.5,-0.5,0.5,0.5,
1,1,1.839,0,0,-0.13125,0.5,-0.5,0.5,0.5,
1,1,1.841,0,0,-0.13125,0.5,-0.5,0.5,0.5,
1,1,1.843,0,0,-0.13125,0.5,-0.5,0.5,0.5,
1,1,1.845,0,0,-0.13125,0.5,-0.5,0.5,0.5,
1,1,1.847,0,0,-0.13125,0.5,-0.5,0.5,0.5,
1,1,1.849,0,0,-0.13125,0.5,-0.5,0.5,0.5,
1,1,1.851,0,0,-0.13125,0.5,-0.5,0.5,0.5,
1,1,1.853,0,0,-0.13125,0.5,-0.5,0.5,0.5,
1,1,1.855,0,0,-0.13125,0.5,-0.5,0.5,0.5,
1,1,1.857,0,0,-0.13125,0.5,-0.5,0.5,0.5,
1,1,1.859,0,0,-0.13125,0.5,-0.5,0.5,0.5,
1,1,1.861,0,0,-0.13125,0.5,-0.5,0.5,0.5,
1,1,1.863,0,0,-0.13125,0.5,-0.5,0.5,0.5,
1,1,1.865,0,0,-0.13125,0.5,-0.5,0.5,0.5,
1,1,1.867,0,0,-0.13125,0.5,-0.5,0.5,0.5,
1,1,1.869,0,0,-0.13125,0.5,-0.5,0.5,0.5,
1,1,1.871,0,0,-0.13125,0.5,-0.5,0.5,0.5,
1,1,1.873,0,0,-0.13125,0.5,-0.5,0.5,0.5,
1,1,1.875,0,0,-0.13125,0.5,-0.5,0.5,0.5,
1,1,1.877,0,0,-0.13125,0.5,-0.5,0.5,0.5,
1,1,1.879,0,0,-0.13125,0.5,-0.5,0.5,0.5,
1,1,1.881,0,0,-0.13125,0.5,-0.5,0.5,0.5,
1,1,1.883,0,0,-0.13125,0.5,-0.5,0.5,0.5,
1,1,1.885,0,0,-0.13125,0.5,-0.5,0.5,0.5,
1,1,1.887,0,0,-0.13125,0.5,-0.5,0.5,0.5,
1,1,1.889,0,0,-0.13125,0.5,-0.5,0.5,0.5,
1,1,1.891,0,0,-0.13125,0.5,-0.5,0.5,0.5,
1,1,1.893,0,0,-0.13125,0.5,-0.5,0.5,0.5,
1,1,1.895,0,0,-0.13125,0.5,-0.5,0.5,0.5,
1,1,1.897,0,0,-0.13125,0.5,-0.5,0.5,0.5,
1,1,1.899,0,0,-0.13125,0.5,-0.5,0.5,0.5,
1,1,1.901,0,0,-0.13125,0.5,-0.5,0.5,0.5,
1,1,1.903,0,0,-0.13125,0.5,-0.5,0.5,0.5,
1,1,1.905,0,0,-0.13125,0.5,-0.5,0.5,0.5,
1,1,1.907,0,0,-0.13125,0.5,-0.5,0.5,0.5,
1,1,1.909,0,0,-0.13125,0.5,-0.5,0.5,0.5,
1,1,1.911,0,0,-0.13125,0.5,-0.5,0.5,0.5,
1,1,1.913,0,0,-0.13125,0.5,-0.5,0.5,0.5,
1,1,1.915,0,0,-0.13125,0.5,-0.5,0.5,0.5,
1,1,1.917,0,0,-0.13125,0.5,-0.5,0.5,0.5,
1,1,1.919,0,0,-0.13125,0.5,-0.5,0.5,0.5,
1,1,1.921,0,0,-0.13125,0.5,-0.5,0.5,0.5,
1,1,1.923,0,0,-0.13125,0.5,-0.5,0.5,0.5,
1,1,1.925,0,0,-0.13125,0.5,-0.5,0.5,0.5,
1,1,1.927,0,0,-0.13125,0.5,-0.5,0.5,0.5,
1,1,1.929,0,0,-0.13125,0.5,-0.5,0.5,0.5,
1,1,1.931,0,0,-0.13125,0.5,-0.5,0.5,0.5,
1,1,1.933,0,0,-0.13125,0.5,-0.5,0.5,0.5,
1,1,1.935,0,0,-0.13125,0.5,-0.5,0.5,0.5,
1,1,1.937,0,0,-0.13125,0.5,-0.5,0.5,0.5,
1,1,1.939,0,0,-0.13125,0.5,-0.5,0.5,0.5,
1,1,1.941,0,0,-0.13125,0.5,-0.5,0.5,0.5,
1,1,1.943,0,0,-0.13125,0.5,-0.5,0.5,0.5,
1,1,1.945,0,0,-0.13125,0.5,-0.5,0.5,0.5,
1,1,1.947,0,0,-0.13125,0.5,-0.5,0.5,0.5,
1,1,1.949,0,0,-0.13125,0.5,-0.5,0.5,0.5,
1,1,1.951,0,0,-0.13125,0.5,-0.5,0.5,0.5,
1,1,1.953,0,0,-0.13125,0.5,-0.5,0.5,0.5,
1,1,1.955,0,0,-0.13125,0.5,-0.5,0.5,0.5,
1,1,1.957,0,0,-0.13125,0.5,-0.5,0.5,0.5,
1,1,1.959,0,0,-0.13125,0.5,-0.5,0.5,0.5,
1,1,1.961,0,0,-0.13125,0.5,-0.5,0.5,0.5,
1,1,1.963,0,0,-0.13125,0.5,-0.5,0.5,0.5,
1,1,1.965,0,0,-0.13125,0.5,-0.5,0.5,0.5,
1,1,1.967,0,0,-0.13125,0.5,-0.5,0.5,0.5,
1,1,1.969,0,0,-0.13125,0.5,-0.5,0.5,0.5,
1,1,1.971,0,0,-0.13125,0.5,-0.5,0.5,0.5,
1,1,1.973,0,0,-0.13125,0.5,-0.5,0.5,0.5,
1,1,1.975,0,0,-0.13125,0.5,-0.5,0.5,0.5,
1,1,1.977,0,0,-0.13125,0.5,-0.5,0.5,0.5,
1,1,1.979,0,0,-0.13125,0.5,-0.5,0.5,0.5,
1,1,1.981,0,0,-0.13125,0.5,-0.5,0.5,0.5,
1,1,1.983,0,0,-0.13125,0.5,-0.5,0.5,0.5,
1,1,1.985,0,0,-0.13125,0.5,-0.5,0.5,0.5,
1,1,1.987,0,0,-0.13125,0.5,-0.5,0.5,0.5,
1,1,1.989,0,0,-0.13125,0.5,-0.5,0.5,0.5,
1,1,1.991,0,0,-0.13125,0.5,-0.5,0.5,0.5,
1,1,1.993,0,0,-0.13125,0.5,-0.5,0.5,0.5,
1,1,1.995,0,0,-0.13125,0.5,-0.5,0.5,0.5,
1,1,1.997,0,0,-0.13125,0.5,-0.5,0.5,0.5,
1,1,1.999,0,0,-0.13125,0.5,-0.5,0.5,0.5,
1,1,2.001,0,0,-0.13125,0.5,-0.5,0.5,0.5,
1,1,2.003,0,0,-0.13125,0.5,-0.5,0.5,0.5,
1,1,2.005,0,0,-0.13125,0.5,-0.5,0.5,0.5,
1,1,2.007,0,0,-0.13125,0.5,-0.5,0.5,0.5,
1,1,2.009,0,0,-0.13125,0.5,-0.5,0.5,0.5,
1,1,2.011,0,0,-0.13125,0.5,-0.5,0.5,0.5,
1,1,2.013,0,0,-0.13125,0.5,-0.5,0.5,0.5,
1,1,2.015,0,0,-0.13125,0.5,-0.5,0.5,0.5,
1,1,2.017,0,0,-0.13125,0.5,-0.5,0.5,0.5,
1,1,2.019,0,0,-0.13125,0.5,-0.5,0.5,0.5,
1,1,2.021,0,0,-0.13125,0.5,-0.5,0.5,0.5,
1,1,2.023,0,0,-0.13125,0.5,-0.5,0.5,0.5,
1,1,2.025,0,0,-0.13125,0.5,-0.5,0.5,0.5,
1,1,2.027,0,0,-0.13125,0.5,-0.5,0.5,0.5,
1,1,2.029,0,0,-0.13125,0.5,-0.5,0.5,0.5,
1,1,2.031,0,0,-0.13125,0.5,-0.5,0.5,0.5,
1,1,2.033,0,0,-0.13125,0.5,-0.5,0.5,0.5,
1,1,2.035,0,0,-0.13125,0.5,-0.5,0.5,0.5,
1,1,2.037,0,0,-0.13125,0.5,-0.5,0.5,0.5,
1,1,2.039,0,0,-0.13125,0.5,-0.5,0.5,0.5,
1,1,2.041,0,0,-0.13125,0.5,-0.5,0.5,0.5,
1,1,2.043,0,0,-0.13125,0.5,-0.5,0.5,0.5,
1,1,2.045,0,0,-0.13125,0.5,-0.5,0.5,0.5,
1,1,2.047,0,0,-0.13125,0.5,-0.5,0.5,0.5,
1,1,2.049,0,0,-0.13125,0.5,-0.5,0.5,0.5,
1,1,2.051,0,0,-0.13125,0.5,-0.5,0.5,0.5,
1,1,2.053,0,0,-0.13125,0.5,-0.5,0.5,0.5,
1,1,2.055,0,0,-0.13125,0.5,-0.5,0.5,0.5,
1,1,2.057,0,0,-0.13125,0.5,-0.5,0.5,0.5,
1,1,2.059,0,0,-0.13125,0.5,-0.5,0.5,0.5,
1,1,2.061,0,0,-0.13125,0.5,-0.5,0.5,0.5,
1,1,2.063,0,0,-0.13125,0.5,-0.5,0.5,0.5,
1,1,2.065,0,0,-0.13125,0.5,-0.5,0.5,0.5,
1,1,2.067,0,0,-0.13125,0.5,-0.5,0.5,0.5,
1,1,2.069,0,0,-0.13125,0.5,-0.5,0.5,0.5,
1,1,2.071,0,0,-0.13125,0.5,-0.5,0.5,0.5,
1,1,2.073,0,0,-0.13125,0.5,-0.5,0.5,0.5,
1,1,2.075,0,0,-0.13125,0.5,-0.5,0.5,0.5,
1,1,2.077,0,0,-0.13125,0.5,-0.5,0.5,0.5,
1,1,2.079,0,0,-0.13125,0.5,-0.5,0.5,0.5,
1,1,2.081,0,0,-0.13125,0.5,-0.5,0.5,0.5,CourtEnter
1,1,2.083,0,0,-0.13125,0.5,-0.5,0.5,0.5,
1,1,2.085,0,0,-0.13125,0.5,-0.5,0.5,0.5,
1,1,2.087,0,0,-0.13125,0.5,-0.5,0.5,0.5,
1,1,2.089,0,0,-0.13125,0.5,-0.5,0.5,0.5,
1,1,2.091,0,0,-0.13125,0.5,-0.5,0.5,0.5,CourtExit
1,1,2.093,0,0,-0.13125,0.5,-0.5,0.5,0.5,
1,1,2.095,0,0,-0.13125,0.5,-0.5,0.5,0.5,
1,1,2.097,0,0,-0.13125,0.5,-0.5,0.5,0.5,
1,1,2.099,0,0,-0.13125,0.5,-0.5,0.5,0.5,
1,1,2.101,0,0,-0.13125,0.5,-0.5,0.5,0.5,
1,1,2.103,0,0,-0.13125,0.5,-0.5,0.5,0.5,
1,1,2.105,0,0,-0.13125,0.5,-0.5,0.5,0.5,
1,1,2.107,0,0,-0.13125,0.5,-0.5,0.5,0.5,
1,1,2.109,0,0,-0.13125,0.5,-0.5,0.5,0.5,
1,1,2.111,0,0,-0.13125,0.5,-0.5,0.5,0.5,
1,1,2.113,0,0,-0.13125,0.5,-0.5,0.5,0.5,
1,1,2.115,0,0,-0.13125,0.5,-0.5,0.5,0.5,
1,1,2.117,0,0,-0.13125,0.5,-0.5,0.5,0.5,
1,1,2.119,0,0,-0.13125,0.5,-0.5,0.5,0.5,
1,1,2.121,0,0,-0.13125,0.5,-0.5,0.5,0.5,
1,1,2.123,0,0,-0.13125,0.5,-0.5,0.5,0.5,
1,1,2.125,0,0,-0.13125,0.5,-0.5,0.5,0.5,
1,1,2.127,0,0,-0.13125,0.5,-0.5,0.5,0.5,
1,1,2.129,0,0,-0.13125,0.5,-0.5,0.5,0.5,
1,1,2.131,0,0,-0.13125,0.5,-0.5,0.5,0.5,
1,1,2.133,0,0,-0.13125,0.5,-0.5,0.5,0.5,
1,1,2.135,0,0,-0.13125,0.5,-0.5,0.5,0.5,
1,1,2.137,0,0,-0.13125,0.5,-0.5,0.5,0.5,
1,1,2.139,0,0,-0.13125,0.5,-0.5,0.5,0.5,
1,1,2.141,0,0,-0.13125,0.5,-0.5,0.5,0.5,
1,1,2.143,0,0,-0.13125,0.5,-0.5,0.5,0.5,
1,1,2.145,0,0,-0.13125,0.5,-0.5,0.5,0.5,
1,1,2.147,0,0,-0.13125,0.5,-0.5,0.5,0.5,
1,1,2.149,0,0,-0.13125,0.5,-0.5,0.5,0.5,
1,1,2.151,0,0,-0.13125,0.5,-0.5,0.5,0.5,
1,1,2.153,0,0,-0.13125,0.5,-0.5,0.5,0.5,
1,1,2.155,0,0,-0.13125,0.5,-0.5,0.5,0.5,
1,1,2.157,0,0,-0.13125,0.5,-0.5,0.5,0.5,
1,1,2.159,0,0,-0.13125,0.5,-0.5,0.5,0.5,
1,1,2.161,0,0,-0.13125,0.5,-0.5,0.5,0.5,
1,1,2.163,0,0,-0.13125,0.5,-0.5,0.5,0.5,
1,1,2.165,0,0,-0.13125,0.5,-0.5,0.5,0.5,
1,1,2.167,0,0,-0.13125,0.5,-0.5,0.5,0.5,
1,1,2.169,0,0,-0.13125,0.5,-0.5,0.5,0.5,
1,1,2.171,0,0,-0.13125,0.5,-0.5,0.5,0.5,
1,1,2.173,0,0,-0.13125,0.5,-0.5,0.5,0.5,
1,1,2.175,0,0,-0.13125,0.5,-0.5,0.5,0.5,
1,1,2.177,0,0,-0.13125,0.5,-0.5,0.5,0.5,
1,1,2.179,0,0,-0.13125,0.5,-0.5,0.5,0.5,
1,1,2.181,0,0,-0.13125,0.5,-0.5,0.5,0.5,
1,1,2.183,0,0,-0.13125,0.5,-0.5,0.5,0.5,
1,1,2.185,0,0,-0.13125,0.5,-0.5,0.5,0.5,
1,1,2.187,0,0,-0.13125,0.5,-0.5,0.5,0.5,
1,1,2.189,0,0,-0.13125,0.5,-0.5,0.5,0.5,
1,1,2.191,0,0,-0.13125,0.5,-0.5,0.5,0.5,
1,1,2.193,0,0,-0.13125,0.5,-0.5,0.5,0.5,
1,1,2.195,0,0,-0.13125,0.5,-0.5,0.5,0.5,
1,1,2.197,0,0,-0.13125,0.5,-0.5,0.5,0.5,
1,1,2.199,0,0,-0.13125,0.5,-0.5,0.5,0.5,
1,1,2.201,0,0,-0.13125,0.5,-0.5,0.5,0.5,
1,1,2.203,0,0,-0.13125,0.5,-0.5,0.5,0.5,
1,1,2.205,0,0,-0.13125,0.5,-0.5,0.5,0.5,
1,1,2.207,0,0,-0.13125,0.5,-0.5,0.5,0.5,
1,1,2.209,0,0,-0.13125,0.5,-0.5,0.5,0.5,
1,1,2.211,0,0,-0.13125,0.5,-0.5,0.5,0.5,
1,1,2.213,0,0,-0.13125,0.5,-0.5,0.5,0.5,
1,1,2.215,0,0,-0.13125,0.5,-0.5,0.5,0.5,
1,1,2.217,0,0,-0.13125,0.5,-0.5,0.5,0.5,
1,1,2.219,0,0,-0.13125,0.5,-0.5,0.5,0.5,
1,1,2.221,0,0,-0.13125,0.5,-0.5,0.5,0.5,
1,1,2.223,0,0,-0.13125,0.5,-0.5,0.5,0.5,
1,1,2.225,0,0,-0.13125,0.5,-0.5,0.5,0.5,
1,1,2.227,0,0,-0.13125,0.5,-0.5,0.5,0.5,
1,1,2.229,0,0,-0.13125,0.5,-0.5,0.5,0.5,
1,1,2.231,0,0,-0.13125,0.5,-0.5,0.5,0.5,
1,1,2.233,0,0,-0.13125,0.5,-0.5,0.5,0.5,
1,1,2.235,0,0,-0.13125,0.5,-0.5,0.5,0.5,
1,1,2.237,0,0,-0.13125,0.5,-0.5,0.5,0.5,
1,1,2.239,0,0,-0.13125,0.5,-0.5,0.5,0.5,
1,1,2.241,0,0,-0.13125,0.5,-0.5,0.5,0.5,
1,1,2.243,0,0,-0.13125,0.5,-0.5,0.5,0.5,
1,1,2.245,0,0,-0.13125,0.5,-0.5,0.5,0.5,
1,1,2.247,0,0,-0.13125,0.5,-0.5,0.5,0.5,
1,1,2.249,0,0,-0.13125,0.5,-0.5,0.5,0.5,
1,1,2.251,0,0,-0.13125,0.5,-0.5,0.5,0.5,
1,1,2.253,0,0,-0.13125,0.5,-0.5,0.5,0.5,
1,1,2.255,0,0,-0.13125,0.5,-0.5,0.5,0.5,
1,1,2.257,0,0,-0.13125,0.5,-0.5,0.5,0.5,
1,1,2.259,0,0,-0.13125,0.5,-0.5,0.5,0.5,
1,1,2.261,0,0,-0.13125,0.5,-0.5,0.5,0.5,
1,1,2.263,0,0,-0.13125,0.5,-0.5,0.5,0.5,
1,1,2.265,0,0,-0.13125,0.5,-0.5,0.5,0.5,
1,1,2.267,0,0,-0.13125,0.5,-0.5,0.5,0.5,
1,1,2.269,0,0,-0.13125,0.5,-0.5,0.5,0.5,
1,1,2.271,0,0,-0.13125,0.5,-0.5,0.5,0.5,
1,1,2.273,0,0,-0.13125,0.5,-0.5,0.5,0.5,
1,1,2.275,0,0,-0.13125,0.5,-0.5,0.5,0.5,
1,1,2.277,0,0,-0.13125,0.5,-0.5,0.5,0.5,
1,1,2.279,0,0,-0.13125,0.5,-0.5,0.5,0.5,
1,1,2.281,0,0,-0.13125,0.5,-0.5,0.5,0.5,
1,1,2.283,0,0,-0.13125,0.5,-0.5,0.5,0.5,
1,1,2.285,0,0,-0.13125,0.5,-0.5,0.5,0.5,
1,1,2.287,0,0,-0.13125,0.5,-0.5,0.5,0.5,
1,1,2.289,0,0,-0.13125,0.5,-0.5,0.5,0.5,
1,1,2.291,0,0,-0.13125,0.5,-0.5,0.5,0.5,
1,1,2.293,0,0,-0.13125,0.5,-0.5,0.5,0.5,
1,1,2.295,0,0,-0.13125,0.5,-0.5,0.5,0.5,
1,1,2.297,0,0,-0.13125,0.5,-0.5,0.5,0.5,
1,1,2.299,0,0,-0.13125,0.5,-0.5,0.5,0.5,
1,1,2.301,0,0,-0.13125,0.5,-0.5,0.5,0.5,
1,1,2.303,0,0,-0.13125,0.5,-0.5,0.5,0.5,
1,1,2.305,0,0,-0.13125,0.5,-0.5,0.5,0.5,
1,1,2.307,0,0,-0.13125,0.5,-0.5,0.5,0.5,
1,1,2.309,0,0,-0.13125,0.5,-0.5,0.5,0.5,
1,1,2.311,0,0,-0.13125,0.5,-0.5,0.5,0.5,
1,1,2.313,0,0,-0.13125,0.5,-0.5,0.5,0.5,
1,1,2.315,0,0,-0.13125,0.5,-0.5,0.5,0.5,
1,1,2.317,0,0,-0.13125,0.5,-0.5,0.5,0.5,
1,1,2.319,0,0,-0.13125,0.5,-0.5,0.5,0.5,
1,1,2.321,0,0,-0.13125,0.5,-0.5,0.5,0.5,
1,1,2.323,0,0,-0.13125,0.5,-0.5,0.5,0.5,
1,1,2.325,0,0,-0.13125,0.5,-0.5,0.5,0.5,
1,1,2.327,0,0,-0.13125,0.5,-0.5,0.5,0.5,
1,1,2.329,0,0,-0.13125,0.5,-0.5,0.5,0.5,
1,1,2.331,0,0,-0.13125,0.5,-0.5,0.5,0.5,
1,1,2.333,0,0,-0.13125,0.5,-0.5,0.5,0.5,
1,1,2.335,0,0,-0.13125,0.5,-0.5,0.5,0.5,
1,1,2.337,0,0,-0.13125,0.5,-0.5,0.5,0.5,
1,1,2.339,0,0,-0.13125,0.5,-0.5,0.5,0.5,
1,1,2.341,0,0,-0.13125,0.5,-0.5,0.5,0.5,
1,1,2.343,0,0,-0.13125,0.5,-0.5,0.5,0.5,
1,1,2.345,0,0,-0.13125,0.5,-0.5,0.5,0.5,
1,1,2.347,0,0,-0.13125,0.5,-0.5,0.5,0.5,
1,1,2.349,0,0,-0.13125,0.5,-0.5,0.5,0.5,
1,1,2.351,0,0,-0.13125,0.5,-0.5,0.5,0.5,
1,1,2.353,0,0,-0.13125,0.5,-0.5,0.5,0.5,
1,1,2.355,0,0,-0.13125,0.5,-0.5,0.5,0.5,
1,1,2.357,0,0,-0.13125,0.5,-0.5,0.5,0.5,
1,1,2.359,0,0,-0.13125,0.5,-0.5,0.5,0.5,
1,1,2.361,0,0,-0.13125,0.5,-0.5,0.5,0.5,
1,1,2.363,0,0,-0.13125,0.5,-0.5,0.5,0.5,
1,1,2.365,0,0,-0.13125,0.5,-0.5,0.5,0.5,
1,1,2.367,0,0,-0.13125,0.5,-0.5,0.5,0.5,
1,1,2.369,0,0,-0.13125,0.5,-0.5,0.5,0.5,
1,1,2.371,0,0,-0.13125,0.5,-0.5,0.5,0.5,
1,1,2.373,0,0,-0.13125,0.5,-0.5,0.5,0.5,
1,1,2.375,0,0,-0.13125,0.5,-0.5,0.5,0.5,
1,1,2.377,0,0,-0.13125,0.5,-0.5,0.5,0.5,
1,1,2.379,0,0,-0.13125,0.5,-0.5,0.5,0.5,
1,1,2.381,0,0,-0.13125,0.5,-0.5,0.5,0.5,
1,1,2.383,0,0,-0.13125,0.5,-0.5,0.5,0.5,
1,1,2.385,0,0,-0.13125,0.5,-0.5,0.5,0.5,
1,1,2.387,0,0,-0.13125,0.5,-0.5,0.5,0.5,
1,1,2.389,0,0,-0.13125,0.5,-0.5,0.5,0.5,
1,1,2.391,0,0,-0.13125,0.5,-0.5,0.5,0.5,
1,1,2.393,0,0,-0.13125,0.5,-0.5,0.5,0.5,
1,1,2.395,0,0,-0.13125,0.5,-0.5,0.5,0.5,
1,1,2.397,0,0,-0.13125,0.5,-0.5,0.5,0.5,
1,1,2.399,0,0,-0.13125,0.5,-0.5,0.5,0.5,
1,1,2.401,0,0,-0.13125,0.5,-0.5,0.5,0.5,
1,1,2.403,0,0,-0.13125,0.5,-0.5,0.5,0.5,
1,1,2.405,0,0,-0.13125,0.5,-0.5,0.5,0.5,
1,1,2.407,0,0,-0.13125,0.5,-0.5,0.5,0.5,
1,1,2.409,0,0,-0.13125,0.5,-0.5,0.5,0.5,
1,1,2.411,0,0,-0.13125,0.5,-0.5,0.5,0.5,
1,1,2.413,0,0,-0.13125,0.5,-0.5,0.5,0.5,
1,1,2.415,0,0,-0.13125,0.5,-0.5,0.5,0.5,
1,1,2.417,0,0,-0.13125,0.5,-0.5,0.5,0.5,
1,1,2.419,0,0,-0.13125,0.5,-0.5,0.5,0.5,
1,1,2.421,0,0,-0.13125,0.5,-0.5,0.5,0.5,
1,1,2.423,0,0,-0.13125,0.5,-0.5,0.5,0.5,
1,1,2.425,0,0,-0.13125,0.5,-0.5,0.5,0.5,
1,1,2.427,0,0,-0.13125,0.5,-0.5,0.5,0.5,
1,1,2.429,0,0,-0.13125,0.5,-0.5,0.5,0.5,
1,1,2.431,0,0,-0.13125,0.5,-0.5,0.5,0.5,
1,1,2.433,0,0,-0.13125,0.5,-0.5,0.5,0.5,
1,1,2.435,0,0,-0.13125,0.5,-0.5,0.5,0.5,
1,1,2.437,0,0,-0.13125,0.5,-0.5,0.5,0.5,
1,1,2.439,0,0,-0.13125,0.5,-0.5,0.5,0.5,
1,1,2.441,0,0,-0.13125,0.5,-0.5,0.5,0.5,
1,1,2.443,0,0,-0.13125,0.5,-0.5,0.5,0.5,
1,1,2.445,0,0,-0.13125,0.5,-0.5,0.5,0.5,
1,1,2.447,0,0,-0.13125,0.5,-0.5,0.5,0.5,
1,1,2.449,0,0,-0.13125,0.5,-0.5,0.5,0.5,
1,1,2.451,0,0,-0.13125,0.5,-0.5,0.5,0.5,
1,1,2.453,0,0,-0.13125,0.5,-0.5,0.5,0.5,
1,1,2.455,0,0,-0.13125,0.5,-0.5,0.5,0.5,
1,1,2.457,0,0,-0.13125,0.5,-0.5,0.5,0.5,
1,1,2.459,0,0,-0.13125,0.5,-0.5,0.5,0.5,
1,1,2.461,0,0,-0.13125,0.5,-0.5,0.5,0.5,
1,1,2.463,0,0,-0.13125,0.5,-0.5,0.5,0.5,
1,1,2.465,0,0,-0.13125,0.5,-0.5,0.5,0.5,
1,1,2.467,0,0,-0.13125,0.5,-0.5,0.5,0.5,
1,1,2.469,0,0,-0.13125,0.5,-0.5,0.5,0.5,
1,1,2.471,0,0,-0.13125,0.5,-0.5,0.5,0.5,
1,1,2.473,0,0,-0.13125,0.5,-0.5,0.5,0.5,
1,1,2.475,0,0,-0.13125,0.5,-0.5,0.5,0.5,
1,1,2.477,0,0,-0.13125,0.5,-0.5,0.5,0.5,
1,1,2.479,0,0,-0.13125,0.5,-0.5,0.5,0.5,
1,1,2.481,0,0,-0.13125,0.5,-0.5,0.5,0.5,
1,1,2.483,0,0,-0.13125,0.5,-0.5,0.5,0.5,
1,1,2.485,0,0,-0.13125,0.5,-0.5,0.5,0.5,
1,1,2.487,0,0,-0.13125,0.5,-0.5,0.5,0.5,
1,1,2.489,0,0,-0.13125,0.5,-0.5,0.5,0.5,
1,1,2.491,0,0,-0.13125,0.5,-0.5,0.5,0.5,
1,1,2.493,0,0,-0.13125,0.5,-0.5,0.5,0.5,
1,1,2.495,0,0,-0.13125,0.5,-0.5,0.5,0.5,
1,1,2.497,0,0,-0.13125,0.5,-0.5,0.5,0.5,
1,1,2.499,0,0,-0.13125,0.5,-0.5,0.5,0.5,
1,1,2.501,0,0,-0.13125,0.5,-0.5,0.5,0.5,
1,1,2.503,0,0,-0.13125,0.5,-0.5,0.5,0.5,
1,1,2.505,0,0,-0.13125,0.5,-0.5,0.5,0.5,
1,1,2.507,0,0,-0.13125,0.5,-0.5,0.5,0.5,
1,1,2.509,0,0,-0.13125,0.5,-0.5,0.5,0.5,
1,1,2.511,0,0,-0.13125,0.5,-0.5,0.5,0.5,
1,1,2.513,0,0,-0.13125,0.5,-0.5,0.5,0.5,
1,1,2.515,0,0,-0.13125,0.5,-0.5,0.5,0.5,
1,1,2.517,0,0,-0.13125,0.5,-0.5,0.5,0.5,
1,1,2.519,0,0,-0.13125,0.5,-0.5,0.5,0.5,
1,1,2.521,0,0,-0.13125,0.5,-0.5,0.5,0.5,
1,1,2.523,0,0,-0.13125,0.5,-0.5,0.5,0.5,
1,1,2.525,0,0,-0.13125,0.5,-0.5,0.5,0.5,
1,1,2.527,0,0,-0.13125,0.5,-0.5,0.5,0.5,
1,1,2.529,0,0,-0.13125,0.5,-0.5,0.5,0.5,
1,1,2.531,0,0,-0.13125,0.5,-0.5,0.5,0.5,
1,1,2.533,0,0,-0.13125,0.5,-0.5,0.5,0.5,
1,1,2.535,0,0,-0.13125,0.5,-0.5,0.5,0.5,
1,1,2.537,0,0,-0.13125,0.5,-0.5,0.5,0.5,
1,1,2.539,0,0,-0.13125,0.5,-0.5,0.5,0.5,
1,1,2.541,0,0,-0.13125,0.5,-0.5,0.5,0.5,
1,1,2.543,0,0,-0.13125,0.5,-0.5,0.5,0.5,
1,1,2.545,0,0,-0.13125,0.5,-0.5,0.5,0.5,
1,1,2.547,0,0,-0.13125,0.5,-0.5,0.5,0.5,
1,1,2.549,0,0,-0.13125,0.5,-0.5,0.5,0.5,
1,1,2.551,0,0,-0.13125,0.5,-0.5,0.5,0.5,
1,1,2.553,0,0,-0.13125,0.5,-0.5,0.5,0.5,
1,1,2.555,0,0,-0.13125,0.5,-0.5,0.5,0.5,
1,1,2.557,0,0,-0.13125,0.5,-0.5,0.5,0.5,
1,1,2.559,0,0,-0.13125,0.5,-0.5,0.5,0.5,
1,1,2.561,0,0,-0.13125,0.5,-0.5,0.5,0.5,
1,1,2.563,0,0,-0.13125,0.5,-0.5,0.5,0.5,
1,1,2.565,0,0,-0.13125,0.5,-0.5,0.5,0.5,
1,1,2.567,0,0,-0.13125,0.5,-0.5,0.5,0.5,
1,1,2.569,0,0,-0.13125,0.5,-0.5,0.5,0.5,
1,1,2.571,0,0,-0.13125,0.5,-0.5,0.5,0.5,
1,1,2.573,0,0,-0.13125,0.5,-0.5,0.5,0.5,
1,1,2.575,0,0,-0.13125,0.5,-0.5,0.5,0.5,
1,1,2.577,0,0,-0.13125,0.5,-0.5,0.5,0.5,
1,1,2.579,0,0,-0.13125,0.5,-0.5,0.5,0.5,
1,1,2.581,0,0,-0.13125,0.5,-0.5,0.5,0.5,
1,1,2.583,0,0,-0.13125,0.5,-0.5,0.5,0.5,
1,1,2.585,0,0,-0.13125,0.5,-0.5,0.5,0.5,
1,1,2.587,0,0,-0.13125,0.5,-0.5,0.5,0.5,
1,1,2.589,0,0,-0.13125,0.5,-0.5,0.5,0.5,
1,1,2.591,0,0,-0.13125,0.5,-0.5,0.5,0.5,
1,1,2.593,0,0,-0.13125,0.5,-0.5,0.5,0.5,
1,1,2.595,0,0,-0.13125,0.5,-0.5,0.5,0.5,
1,1,2.597,0,0,-0.13125,0.5,-0.5,0.5,0.5,
1,1,2.599,0,0,-0.13125,0.5,-0.5,0.5,0.5,
1,1,2.601,0,0,-0.13125,0.5,-0.5,0.5,0.5,
1,1,2.603,0,0,-0.13125,0.5,-0.5,0.5,0.5,
1,1,2.605,0,0,-0.13125,0.5,-0.5,0.5,0.5,
1,1,2.607,0,0,-0.13125,0.5,-0.5,0.5,0.5,
1,1,2.609,0,0,-0.13125,0.5,-0.5,0.5,0.5,
1,1,2.611,0,0,-0.13125,0.5,-0.5,0.5,0.5,
1,1,2.613,0,0,-0.13125,0.5,-0.5,0.5,0.5,
1,1,2.615,0,0,-0.13125,0.5,-0.5,0.5,0.5,
1,1,2.617,0,0,-0.13125,0.5,-0.5,0.5,0.5,
1,1,2.619,0,0,-0.13125,0.5,-0.5,0.5,0.5,
1,1,2.621,0,0,-0.13125,0.5,-0.5,0.5,0.5,
1,1,2.623,0,0,-0.13125,0.5,-0.5,0.5,0.5,
1,1,2.625,0,0,-0.13125,0.5,-0.5,0.5,0.5,
1,1,2.627,0,0,-0.13125,0.5,-0.5,0.5,0.5,
1,1,2.629,0,0,-0.13125,0.5,-0.5,0.5,0.5,
1,1,2.631,0,0,-0.13125,0.5,-0.5,0.5,0.5,
1,1,2.633,0,0,-0.13125,0.5,-0.5,0.5,0.5,
1,1,2.635,0,0,-0.13125,0.5,-0.5,0.5,0.5,
1,1,2.637,0,0,-0.13125,0.5,-0.5,0.5,0.5,
1,1,2.639,0,0,-0.13125,0.5,-0.5,0.5,0.5,
1,1,2.641,0,0,-0.13125,0.5,-0.5,0.5,0.5,
1,1,2.643,0,0,-0.13125,0.5,-0.5,0.5,0.5,
1,1,2.645,0,0,-0.13125,0.5,-0.5,0.5,0.5,
1,1,2.647,0,0,-0.13125,0.5,-0.5,0.5,0.5,
1,1,2.649,0,0,-0.13125,0.5,-0.5,0.5,0.5,
1,1,2.651,0,0,-0.13125,0.5,-0.5,0.5,0.5,
1,1,2.653,0,0,-0.13125,0.5,-0.5,0.5,0.5,
1,1,2.655,0,0,-0.13125,0.5,-0.5,0.5,0.5,
1,1,2.657,0,0,-0.13125,0.5,-0.5,0.5,0.5,
1,1,2.659,0,0,-0.13125,0.5,-0.5,0.5,0.5,
1,1,2.661,0,0,-0.13125,0.5,-0.5,0.5,0.5,
1,1,2.663,0,0,-0.13125,0.5,-0.5,0.5,0.5,
1,1,2.665,0,0,-0.13125,0.5,-0.5,0.5,0.5,
1,1,2.667,0,0,-0.13125,0.5,-0.5,0.5,0.5,
1,1,2.669,0,0,-0.13125,0.5,-0.5,0.5,0.5,
1,1,2.671,0,0,-0.13125,0.5,-0.5,0.5,0.5,
1,1,2.673,0,0,-0.13125,0.5,-0.5,0.5,0.5,
1,1,2.675,0,0,-0.13125,0.5,-0.5,0.5,0.5,
1,1,2.677,0,0,-0.13125,0.5,-0.5,0.5,0.5,
1,1,2.679,0,0,-0.13125,0.5,-0.5,0.5,0.5,
1,1,2.681,0,0,-0.13125,0.5,-0.5,0.5,0.5,
1,1,2.683,0,0,-0.13125,0.5,-0.5,0.5,0.5,
1,1,2.685,0,0,-0.13125,0.5,-0.5,0.5,0.5,
1,1,2.687,0,0,-0.13125,0.5,-0.5,0.5,0.5,
1,1,2.689,0,0,-0.13125,0.5,-0.5,0.5,0.5,
1,1,2.691,0,0,-0.13125,0.5,-0.5,0.5,0.5,
1,1,2.693,0,0,-0.13125,0.5,-0.5,0.5,0.5,
1,1,2.695,0,0,-0.13125,0.5,-0.5,0.5,0.5,
1,1,2.697,0,0,-0.13125,0.5,-0.5,0.5,0.5,
1,1,2.699,0,0,-0.13125,0.5,-0.5,0.5,0.5,
1,1,2.701,0,0,-0.13125,0.5,-0.5,0.5,0.5,
1,1,2.703,0,0,-0.13125,0.5,-0.5,0.5,0.5,
1,1,2.705,0,0,-0.13125,0.5,-0.5,0.5,0.5,
1,1,2.707,0,0,-0.13125,0.5,-0.5,0.5,0.5,
1,1,2.709,0,0,-0.13125,0.5,-0.5,0.5,0.5,
1,1,2.711,0,0,-0.13125,0.5,-0.5,0.5,0.5,
1,1,2.713,0,0,-0.13125,0.5,-0.5,0.5,0.5,
1,1,2.715,0,0,-0.13125,0.5,-0.5,0.5,0.5,
1,1,2.717,0,0,-0.13125,0.5,-0.5,0.5,0.5,
1,1,2.719,0,0,-0.13125,0.5,-0.5,0.5,0.5,
1,1,2.721,0,0,-0.13125,0.5,-0.5,0.5,0.5,
1,1,2.723,0,0,-0.13125,0.5,-0.5,0.5,0.5,
1,1,2.725,0,0,-0.13125,0.5,-0.5,0.5,0.5,
1,1,2.727,0,0,-0.13125,0.5,-0.5,0.5,0.5,
1,1,2.729,0,0,-0.13125,0.5,-0.5,0.5,0.5,
1,1,2.731,0,0,-0.13125,0.5,-0.5,0.5,0.5,
1,1,2.733,0,0,-0.13125,0.5,-0.5,0.5,0.5,
1,1,2.735,0,0,-0.13125,0.5,-0.5,0.5,0.5,
1,1,2.737,0,0,-0.13125,0.5,-0.5,0.5,0.5,
1,1,2.739,0,0,-0.13125,0.5,-0.5,0.5,0.5,
1,1,2.741,0,0,-0.13125,0.5,-0.5,0.5,0.5,
1,1,2.743,0,0,-0.13125,0.5,-0.5,0.5,0.5,
1,1,2.745,0,0,-0.13125,0.5,-0.5,0.5,0.5,
1,1,2.747,0,0,-0.13125,0.5,-0.5,0.5,0.5,
1,1,2.749,0,0,-0.13125,0.5,-0.5,0.5,0.5,
1,1,2.751,0,0,-0.13125,0.5,-0.5,0.5,0.5,
1,1,2.753,0,0,-0.13125,0.5,-0.5,0.5,0.5,
1,1,2.755,0,0,-0.13125,0.5,-0.5,0.5,0.5,CourtEnter
1,1,2.757,0,0,-0.13125,0.5,-0.5,0.5,0.5,
1,1,2.759,0,0,-0.13125,0.5,-0.5,0.5,0.5,
1,1,2.761,0,0,-0.13125,0.5,-0.5,0.5,0.5,
1,1,2.763,0,0,-0.13125,0.5,-0.5,0.5,0.5,
1,1,2.765,0,0,-0.13125,0.5,-0.5,0.5,0.5,
1,1,2.767,0,0,-0.13125,0.5,-0.5,0.5,0.5,CourtExit
1,1,2.769,0,0,-0.13125,0.5,-0.5,0.5,0.5,
1,1,2.771,0,0,-0.13125,0.5,-0.5,0.5,0.5,
1,1,2.773,0,0,-0.13125,0.5,-0.5,0.5,0.5,
1,1,2.775,0,0,-0.13125,0.5,-0.5,0.5,0.5,
1,1,2.777,0,0,-0.13125,0.5,-0.5,0.5,0.5,
1,1,2.779,0,0,-0.13125,0.5,-0.5,0.5,0.5,
1,1,2.781,0,0,-0.13125,0.5,-0.5,0.5,0.5,
1,1,2.783,0,0,-0.13125,0.5,-0.5,0.5,0.5,
1,1,2.785,0,0,-0.13125,0.5,-0.5,0.5,0.5,
1,1,2.787,0,0,-0.13125,0.5,-0.5,0.5,0.5,
1,1,2.789,0,0,-0.13125,0.5,-0.5,0.5,0.5,
1,1,2.791,0,0,-0.13125,0.5,-0.5,0.5,0.5,
1,1,2.793,0,0,-0.13125,0.5,-0.5,0.5,0.5,
1,1,2.795,0,0,-0.13125,0.5,-0.5,0.5,0.5,
1,1,2.797,0,0,-0.13125,0.5,-0.5,0.5,0.5,
1,1,2.799,0,0,-0.13125,0.5,-0.5,0.5,0.5,
1,1,2.801,0,0,-0.13125,0.5,-0.5,0.5,0.5,
1,1,2.803,0,0,-0.13125,0.5,-0.5,0.5,0.5,
1,1,2.805,0,0,-0.13125,0.5,-0.5,0.5,0.5,
1,1,2.807,0,0,-0.13125,0.5,-0.5,0.5,0.5,
1,1,2.809,0,0,-0.13125,0.5,-0.5,0.5,0.5,
1,1,2.811,0,0,-0.13125,0.5,-0.5,0.5,0.5,
1,1,2.813,0,0,-0.13125,0.5,-0.5,0.5,0.5,
1,1,2.815,0,0,-0.13125,0.5,-0.5,0.5,0.5,
1,1,2.817,0,0,-0.13125,0.5,-0.5,0.5,0.5,
1,1,2.819,0,0,-0.13125,0.5,-0.5,0.5,0.5,
1,1,2.821,0,0,-0.13125,0.5,-0.5,0.5,0.5,
1,1,2.823,0,0,-0.13125,0.5,-0.5,0.5,0.5,
1,1,2.825,0,0,-0.13125,0.5,-0.5,0.5,0.5,
1,1,2.827,0,0,-0.13125,0.5,-0.5,0.5,0.5,
1,1,2.829,0,0,-0.13125,0.5,-0.5,0.5,0.5,
1,1,2.831,0,0,-0.13125,0.5,-0.5,0.5,0.5,
1,1,2.833,0,0,-0.13125,0.5,-0.5,0.5,0.5,
1,1,2.835,0,0,-0.13125,0.5,-0.5,0.5,0.5,
1,1,2.837,0,0,-0.13125,0.5,-0.5,0.5,0.5,
1,1,2.839,0,0,-0.13125,0.5,-0.5,0.5,0.5,
1,1,2.841,0,0,-0.13125,0.5,-0.5,0.5,0.5,
1,1,2.843,0,0,-0.13125,0.5,-0.5,0.5,0.5,
1,1,2.845,0,0,-0.13125,0.5,-0.5,0.5,0.5,
1,1,2.847,0,0,-0.13125,0.5,-0.5,0.5,0.5,
1,1,2.849,0,0,-0.13125,0.5,-0.5,0.5,0.5,
1,1,2.851,0,0,-0.13125,0.5,-0.5,0.5,0.5,
1,1,2.853,0,0,-0.13125,0.5,-0.5,0.5,0.5,
1,1,2.855,0,0,-0.13125,0.5,-0.5,0.5,0.5,
1,1,2.857,0,0,-0.13125,0.5,-0.5,0.5,0.5,
1,1,2.859,0,0,-0.13125,0.5,-0.5,0.5,0.5,
1,1,2.861,0,0,-0.13125,0.5,-0.5,0.5,0.5,
1,1,2.863,0,0,-0.13125,0.5,-0.5,0.5,0.5,
1,1,2.865,0,0,-0.13125,0.5,-0.5,0.5,0.5,
1,1,2.867,0,0,-0.13125,0.5,-0.5,0.5,0.5,
1,1,2.869,0,0,-0.13125,0.5,-0.5,0.5,0.5,
1,1,2.871,0,0,-0.13125,0.5,-0.5,0.5,0.5,
1,1,2.873,0,0,-0.13125,0.5,-0.5,0.5,0.5,
1,1,2.875,0,0,-0.13125,0.5,-0.5,0.5,0.5,
1,1,2.877,0,0,-0.13125,0.5,-0.5,0.5,0.5,
1,1,2.879,0,0,-0.13125,0.5,-0.5,0.5,0.5,
1,1,2.881,0,0,-0.13125,0.5,-0.5,0.5,0.5,
1,1,2.883,0,0,-0.13125,0.5,-0.5,0.5,0.5,
1,1,2.885,0,0,-0.13125,0.5,-0.5,0.5,0.5,
1,1,2.887,0,0,-0.13125,0.5,-0.5,0.5,0.5,
1,1,2.889,0,0,-0.13125,0.5,-0.5,0.5,0.5,
1,1,2.891,0,0,-0.13125,0.5,-0.5,0.5,0.5,
1,1,2.893,0,0,-0.13125,0.5,-0.5,0.5,0.5,
1,1,2.895,0,0,-0.13125,0.5,-0.5,0.5,0.5,
1,1,2.897,0,0,-0.13125,0.5,-0.5,0.5,0.5,
1,1,2.899,0,0,-0.13125,0.5,-0.5,0.5,0.5,
1,1,2.901,0,0,-0.13125,0.5,-0.5,0.5,0.5,
1,1,2.903,0,0,-0.13125,0.5,-0.5,0.5,0.5,
1,1,2.905,0,0,-0.13125,0.5,-0.5,0.5,0.5,
1,1,2.907,0,0,-0.13125,0.5,-0.5,0.5,0.5,
1,1,2.909,0,0,-0.13125,0.5,-0.5,0.5,0.5,
1,1,2.911,0,0,-0.13125,0.5,-0.5,0.5,0.5,
1,1,2.913,0,0,-0.13125,0.5,-0.5,0.5,0.5,
1,1,2.915,0,0,-0.13125,0.5,-0.5,0.5,0.5,
1,1,2.917,0,0,-0.13125,0.5,-0.5,0.5,0.5,
1,1,2.919,0,0,-0.13125,0.5,-0.5,0.5,0.5,
1,1,2.921,0,0,-0.13125,0.5,-0.5,0.5,0.5,
1,1,2.923,0,0,-0.13125,0.5,-0.5,0.5,0.5,
1,1,2.925,0,0,-0.13125,0.5,-0.5,0.5,0.5,
1,1,2.927,0,0,-0.13125,0.5,-0.5,0.5,0.5,
1,1,2.929,0,0,-0.13125,0.5,-0.5,0.5,0.5,
1,1,2.931,0,0,-0.13125,0.5,-0.5,0.5,0.5,
1,1,2.933,0,0,-0.13125,0.5,-0.5,0.5,0.5,
1,1,2.935,0,0,-0.13125,0.5,-0.5,0.5,0.5,
1,1,2.937,0,0,-0.13125,0.5,-0.5,0.5,0.5,
1,1,2.939,0,0,-0.13125,0.5,-0.5,0.5,0.5,
1,1,2.941,0,0,-0.13125,0.5,-0.5,0.5,0.5,
1,1,2.943,0,0,-0.13125,0.5,-0.5,0.5,0.5,
1,1,2.945,0,0,-0.13125,0.5,-0.5,0.5,0.5,
1,1,2.947,0,0,-0.13125,0.5,-0.5,0.5,0.5,
1,1,2.949,0,0,-0.13125,0.5,-0.5,0.5,0.5,
1,1,2.951,0,0,-0.13125,0.5,-0.5,0.5,0.5,
1,1,2.953,0,0,-0.13125,0.5,-0.5,0.5,0.5,
1,1,2.955,0,0,-0.13125,0.5,-0.5,0.5,0.5,
1,1,2.957,0,0,-0.13125,0.5,-0.5,0.5,0.5,
1,1,2.959,0,0,-0.13125,0.5,-0.5,0.5,0.5,
1,1,2.961,0,0,-0.13125,0.5,-0.5,0.5,0.5,
1,1,2.963,0,0,-0.13125,0.5,-0.5,0.5,0.5,
1,1,2.965,0,0,-0.13125,0.5,-0.5,0.5,0.5,
1,1,2.967,0,0,-0.13125,0.5,-0.5,0.5,0.5,
1,1,2.969,0,0,-0.13125,0.5,-0.5,0.5,0.5,
1,1,2.971,0,0,-0.13125,0.5,-0.5,0.5,0.5,
1,1,2.973,0,0,-0.13125,0.5,-0.5,0.5,0.5,
1,1,2.975,0,0,-0.13125,0.5,-0.5,0.5,0.5,
1,1,2.977,0,0,-0.13125,0.5,-0.5,0.5,0.5,
1,1,2.979,0,0,-0.13125,0.5,-0.5,0.5,0.5,
1,1,2.981,0,0,-0.13125,0.5,-0.5,0.5,0.5,
1,1,2.983,0,0,-0.13125,0.5,-0.5,0.5,0.5,
1,1,2.985,0,0,-0.13125,0.5,-0.5,0.5,0.5,
1,1,2.987,0,0,-0.13125,0.5,-0.5,0.5,0.5,
1,1,2.989,0,0,-0.13125,0.5,-0.5,0.5,0.5,
1,1,2.991,0,0,-0.13125,0.5,-0.5,0.5,0.5,
1,1,2.993,0,0,-0.13125,0.5,-0.5,0.5,0.5,
1,1,2.995,0,0,-0.13125,0.5,-0.5,0.5,0.5,
1,1,2.997,0,0,-0.13125,0.5,-0.5,0.5,0.5,
1,1,2.999,0,0,-0.13125,0.5,-0.5,0.5,0.5,
1,1,3.001,0,0,-0.13125,0.5,-0.5,0.5,0.5,
1,1,3.003,0,0,-0.13125,0.5,-0.5,0.5,0.5,
1,1,3.005,0,0,-0.13125,0.5,-0.5,0.5,0.5,
1,1,3.007,0,0,-0.13125,0.5,-0.5,0.5,0.5,
1,1,3.009,0,0,-0.13125,0.5,-0.5,0.5,0.5,
1,1,3.011,0,0,-0.13125,0.5,-0.5,0.5,0.5,
1,1,3.013,0,0,-0.13125,0.5,-0.5,0.5,0.5,
1,1,3.015,0,0,-0.13125,0.5,-0.5,0.5,0.5,
1,1,3.017,0,0,-0.13125,0.5,-0.5,0.5,0.5,
1,1,3.019,0,0,-0.13125,0.5,-0.5,0.5,0.5,
1,1,3.021,0,0,-0.13125,0.5,-0.5,0.5,0.5,
1,1,3.023,0,0,-0.13125,0.5,-0.5,0.5,0.5,
1,1,3.025,0,0,-0.13125,0.5,-0.5,0.5,0.5,
1,1,3.027,0,0,-0.13125,0.5,-0.5,0.5,0.5,
1,1,3.029,0,0,-0.13125,0.5,-0.5,0.5,0.5,
1,1,3.031,0,0,-0.13125,0.5,-0.5,0.5,0.5,
1,1,3.033,0,0,-0.13125,0.5,-0.5,0.5,0.5,
1,1,3.035,0,0,-0.13125,0.5,-0.5,0.5,0.5,
1,1,3.037,0,0,-0.13125,0.5,-0.5,0.5,0.5,
1,1,3.039,0,0,-0.13125,0.5,-0.5,0.5,0.5,
1,1,3.041,0,0,-0.13125,0.5,-0.5,0.5,0.5,
1,1,3.043,0,0,-0.13125,0.5,-0.5,0.5,0.5,
1,1,3.045,0,0,-0.13125,0.5,-0.5,0.5,0.5,
1,1,3.047,0,0,-0.13125,0.5,-0.5,0.5,0.5,
1,1,3.049,0,0,-0.13125,0.5,-0.5,0.5,0.5,
1,1,3.051,0,0,-0.13125,0.5,-0.5,0.5,0.5,
1,1,3.053,0,0,-0.13125,0.5,-0.5,0.5,0.5,
1,1,3.055,0,0,-0.13125,0.5,-0.5,0.5,0.5,
1,1,3.057,0,0,-0.13125,0.5,-0.5,0.5,0.5,
1,1,3.059,0,0,-0.13125,0.5,-0.5,0.5,0.5,
1,1,3.061,0,0,-0.13125,0.5,-0.5,0.5,0.5,
1,1,3.063,0,0,-0.13125,0.5,-0.5,0.5,0.5,
1,1,3.065,0,0,-0.13125,0.5,-0.5,0.5,0.5,
1,1,3.067,0,0,-0.13125,0.5,-0.5,0.5,0.5,
1,1,3.069,0,0,-0.13125,0.5,-0.5,0.5,0.5,
1,1,3.071,0,0,-0.13125,0.5,-0.5,0.5,0.5,
1,1,3.073,0,0,-0.13125,0.5,-0.5,0.5,0.5,
1,1,3.075,0,0,-0.13125,0.5,-0.5,0.5,0.5,
1,1,3.077,0,0,-0.13125,0.5,-0.5,0.5,0.5,
1,1,3.079,0,0,-0.13125,0.5,-0.5,0.5,0.5,
1,1,3.081,0,0,-0.13125,0.5,-0.5,0.5,0.5,
1,1,3.083,0,0,-0.13125,0.5,-0.5,0.5,0.5,
1,1,3.085,0,0,-0.13125,0.5,-0.5,0.5,0.5,
1,1,3.087,0,0,-0.13125,0.5,-0.5,0.5,0.5,
1,1,3.089,0,0,-0.13125,0.5,-0.5,0.5,0.5,
1,1,3.091,0,0,-0.13125,0.5,-0.5,0.5,0.5,
1,1,3.093,0,0,-0.13125,0.5,-0.5,0.5,0.5,
1,1,3.095,0,0,-0.13125,0.5,-0.5,0.5,0.5,
1,1,3.097,0,0,-0.13125,0.5,-0.5,0.5,0.5,
1,1,3.099,0,0,-0.13125,0.5,-0.5,0.5,0.5,
1,1,3.101,0,0,-0.13125,0.5,-0.5,0.5,0.5,
1,1,3.103,0,0,-0.13125,0.5,-0.5,0.5,0.5,
1,1,3.105,0,0,-0.13125,0.5,-0.5,0.5,0.5,
1,1,3.107,0,0,-0.13125,0.5,-0.5,0.5,0.5,
1,1,3.109,0,0,-0.13125,0.5,-0.5,0.5,0.5,
1,1,3.111,0,0,-0.13125,0.5,-0.5,0.5,0.5,
1,1,3.113,0,0,-0.13125,0.5,-0.5,0.5,0.5,
1,1,3.115,0,0,-0.13125,0.5,-0.5,0.5,0.5,
1,1,3.117,0,0,-0.13125,0.5,-0.5,0.5,0.5,
1,1,3.119,0,0,-0.13125,0.5,-0.5,0.5,0.5,
1,1,3.121,0,0,-0.13125,0.5,-0.5,0.5,0.5,
1,1,3.123,0,0,-0.13125,0.5,-0.5,0.5,0.5,
1,1,3.125,0,0,-0.13125,0.5,-0.5,0.5,0.5,
1,1,3.127,0,0,-0.13125,0.5,-0.5,0.5,0.5,
1,1,3.129,0,0,-0.13125,0.5,-0.5,0.5,0.5,
1,1,3.131,0,0,-0.13125,0.5,-0.5,0.5,0.5,
1,1,3.133,0,0,-0.13125,0.5,-0.5,0.5,0.5,
1,1,3.135,0,0,-0.13125,0.5,-0.5,0.5,0.5,
1,1,3.137,0,0,-0.13125,0.5,-0.5,0.5,0.5,
1,1,3.139,0,0,-0.13125,0.5,-0.5,0.5,0.5,
1,1,3.141,0,0,-0.13125,0.5,-0.5,0.5,0.5,
1,1,3.143,0,0,-0.13125,0.5,-0.5,0.5,0.5,
1,1,3.145,0,0,-0.13125,0.5,-0.5,0.5,0.5,
1,1,3.147,0,0,-0.13125,0.5,-0.5,0.5,0.5,
1,1,3.149,0,0,-0.13125,0.5,-0.5,0.5,0.5,
1,1,3.151,0,0,-0.13125,0.5,-0.5,0.5,0.5,
1,1,3.153,0,0,-0.13125,0.5,-0.5,0.5,0.5,
1,1,3.155,0,0,-0.13125,0.5,-0.5,0.5,0.5,
1,1,3.157,0,0,-0.13125,0.5,-0.5,0.5,0.5,
1,1,3.159,0,0,-0.13125,0.5,-0.5,0.5,0.5,
1,1,3.161,0,0,-0.13125,0.5,-0.5,0.5,0.5,
1,1,3.163,0,0,-0.13125,0.5,-0.5,0.5,0.5,
1,1,3.165,0,0,-0.13125,0.5,-0.5,0.5,0.5,
1,1,3.167,0,0,-0.13125,0.5,-0.5,0.5,0.5,
1,1,3.169,0,0,-0.13125,0.5,-0.5,0.5,0.5,
1,1,3.171,0,0,-0.13125,0.5,-0.5,0.5,0.5,
1,1,3.173,0,0,-0.13125,0.5,-0.5,0.5,0.5,
1,1,3.175,0,0,-0.13125,0.5,-0.5,0.5,0.5,
1,1,3.177,0,0,-0.13125,0.5,-0.5,0.5,0.5,
1,1,3.179,0,0,-0.13125,0.5,-0.5,0.5,0.5,
1,1,3.181,0,0,-0.13125,0.5,-0.5,0.5,0.5,
1,1,3.183,0,0,-0.13125,0.5,-0.5,0.5,0.5,
1,1,3.185,0,0,-0.13125,0.5,-0.5,0.5,0.5,
1,1,3.187,0,0,-0.13125,0.5,-0.5,0.5,0.5,
1,1,3.189,0,0,-0.13125,0.5,-0.5,0.5,0.5,
1,1,3.191,0,0,-0.13125,0.5,-0.5,0.5,0.5,
1,1,3.193,0,0,-0.13125,0.5,-0.5,0.5,0.5,
1,1,3.195,0,0,-0.13125,0.5,-0.5,0.5,0.5,
1,1,3.197,0,0,-0.13125,0.5,-0.5,0.5,0.5,
1,1,3.199,0,0,-0.13125,0.5,-0.5,0.5,0.5,
1,1,3.201,0,0,-0.13125,0.5,-0.5,0.5,0.5,
1,1,3.203,0,0,-0.13125,0.5,-0.5,0.5,0.5,
1,1,3.205,0,0,-0.13125,0.5,-0.5,0.5,0.5,
1,1,3.207,0,0,-0.13125,0.5,-0.5,0.5,0.5,
1,1,3.209,0,0,-0.13125,0.5,-0.5,0.5,0.5,
1,1,3.211,0,0,-0.13125,0.5,-0.5,0.5,0.5,
1,1,3.213,0,0,-0.13125,0.5,-0.5,0.5,0.5,
1,1,3.215,0,0,-0.13125,0.5,-0.5,0.5,0.5,
1,1,3.217,0,0,-0.13125,0.5,-0.5,0.5,0.5,
1,1,3.219,0,0,-0.13125,0.5,-0.5,0.5,0.5,
1,1,3.221,0,0,-0.13125,0.5,-0.5,0.5,0.5,
1,1,3.223,0,0,-0.13125,0.5,-0.5,0.5,0.5,
1,1,3.225,0,0,-0.13125,0.5,-0.5,0.5,0.5,
1,1,3.227,0,0,-0.13125,0.5,-0.5,0.5,0.5,
1,1,3.229,0,0,-0.13125,0.5,-0.5,0.5,0.5,
1,1,3.231,0,0,-0.13125,0.5,-0.5,0.5,0.5,
1,1,3.233,0,0,-0.13125,0.5,-0.5,0.5,0.5,
1,1,3.235,0,0,-0.13125,0.5,-0.5,0.5,0.5,
1,1,3.237,0,0,-0.13125,0.5,-0.5,0.5,0.5,
1,1,3.239,0,0,-0.13125,0.5,-0.5,0.5,0.5,
1,1,3.241,0,0,-0.13125,0.5,-0.5,0.5,0.5,
1,1,3.243,0,0,-0.13125,0.5,-0.5,0.5,0.5,
1,1,3.245,0,0,-0.13125,0.5,-0.5,0.5,0.5,
1,1,3.247,0,0,-0.13125,0.5,-0.5,0.5,0.5,
1,1,3.249,0,0,-0.13125,0.5,-0.5,0.5,0.5,
1,1,3.251,0,0,-0.13125,0.5,-0.5,0.5,0.5,
1,1,3.253,0,0,-0.13125,0.5,-0.5,0.5,0.5,
1,1,3.255,0,0,-0.13125,0.5,-0.5,0.5,0.5,
1,1,3.257,0,0,-0.13125,0.5,-0.5,0.5,0.5,
1,1,3.259,0,0,-0.13125,0.5,-0.5,0.5,0.5,
1,1,3.261,0,0,-0.13125,0.5,-0.5,0.5,0.5,CourtEnter
1,1,3.263,0,0,-0.13125,0.5,-0.5,0.5,0.5,
1,1,3.265,0,0,-0.13125,0.5,-0.5,0.5,0.5,
1,1,3.267,0,0,-0.13125,0.5,-0.5,0.5,0.5,
1,1,3.269,0,0,-0.13125,0.5,-0.5,0.5,0.5,
1,1,3.271,0,0,-0.13125,0.5,-0.5,0.5,0.5,
1,1,3.273,0,0,-0.13125,0.5,-0.5,0.5,0.5,
1,1,3.275,0,0,-0.13125,0.5,-0.5,0.5,0.5,
1,1,3.277,0,0,-0.13125,0.5,-0.5,0.5,0.5,
1,1,3.279,0,0,-0.13125,0.5,-0.5,0.5,0.5,CourtExit
1,1,3.281,0,0,-0.13125,0.5,-0.5,0.5,0.5,
1,1,3.283,0,0,-0.13125,0.5,-0.5,0.5,0.5,
1,1,3.285,0,0,-0.13125,0.5,-0.5,0.5,0.5,
1,1,3.287,0,0,-0.13125,0.5,-0.5,0.5,0.5,
1,1,3.289,0,0,-0.13125,0.5,-0.5,0.5,0.5,
1,1,3.291,0,0,-0.13125,0.5,-0.5,0.5,0.5,
1,1,3.293,0,0,-0.13125,0.5,-0.5,0.5,0.5,
1,1,3.295,0,0,-0.13125,0.5,-0.5,0.5,0.5,
1,1,3.297,0,0,-0.13125,0.5,-0.5,0.5,0.5,
1,1,3.299,0,0,-0.13125,0.5,-0.5,0.5,0.5,
1,1,3.301,0,0,-0.13125,0.5,-0.5,0.5,0.5,
1,1,3.303,0,0,-0.13125,0.5,-0.5,0.5,0.5,
1,1,3.305,0,0,-0.13125,0.5,-0.5,0.5,0.5,
1,1,3.307,0,0,-0.13125,0.5,-0.5,0.5,0.5,
1,1,3.309,0,0,-0.13125,0.5,-0.5,0.5,0.5,
1,1,3.311,0,0,-0.13125,0.5,-0.5,0.5,0.5,
1,1,3.313,0,0,-0.13125,0.5,-0.5,0.5,0.5,
1,1,3.315,0,0,-0.13125,0.5,-0.5,0.5,0.5,
1,1,3.317,0,0,-0.13125,0.5,-0.5,0.5,0.5,
1,1,3.319,0,0,-0.13125,0.5,-0.5,0.5,0.5,
1,1,3.321,0,0,-0.13125,0.5,-0.5,0.5,0.5,
1,1,3.323,0,0,-0.13125,0.5,-0.5,0.5,0.5,
1,1,3.325,0,0,-0.13125,0.5,-0.5,0.5,0.5,
1,1,3.327,0,0,-0.13125,0.5,-0.5,0.5,0.5,
1,1,3.329,0,0,-0.13125,0.5,-0.5,0.5,0.5,
1,1,3.331,0,0,-0.13125,0.5,-0.5,0.5,0.5,
1,1,3.333,0,0,-0.13125,0.5,-0.5,0.5,0.5,
1,1,3.335,0,0,-0.13125,0.5,-0.5,0.5,0.5,
1,1,3.337,0,0,-0.13125,0.5,-0.5,0.5,0.5,
1,1,3.339,0,0,-0.13125,0.5,-0.5,0.5,0.5,
1,1,3.341,0,0,-0.13125,0.5,-0.5,0.5,0.5,
1,1,3.343,0,0,-0.13125,0.5,-0.5,0.5,0.5,
1,1,3.345,0,0,-0.13125,0.5,-0.5,0.5,0.5,
1,1,3.347,0,0,-0.13125,0.5,-0.5,0.5,0.5,
1,1,3.349,0,0,-0.13125,0.5,-0.5,0.5,0.5,
1,1,3.351,0,0,-0.13125,0.5,-0.5,0.5,0.5,
1,1,3.353,0,0,-0.13125,0.5,-0.5,0.5,0.5,
1,1,3.355,0,0,-0.13125,0.5,-0.5,0.5,0.5,
1,1,3.357,0,0,-0.13125,0.5,-0.5,0.5,0.5,
1,1,3.359,0,0,-0.13125,0.5,-0.5,0.5,0.5,
1,1,3.361,0,0,-0.13125,0.5,-0.5,0.5,0.5,
1,1,3.363,0,0,-0.13125,0.5,-0.5,0.5,0.5,
1,1,3.365,0,0,-0.13125,0.5,-0.5,0.5,0.5,
1,1,3.367,0,0,-0.13125,0.5,-0.5,0.5,0.5,
1,1,3.369,0,0,-0.13125,0.5,-0.5,0.5,0.5,
1,1,3.371,0,0,-0.13125,0.5,-0.5,0.5,0.5,
1,1,3.373,0,0,-0.13125,0.5,-0.5,0.5,0.5,
1,1,3.375,0,0,-0.13125,0.5,-0.5,0.5,0.5,
1,1,3.377,0,0,-0.13125,0.5,-0.5,0.5,0.5,
1,1,3.379,0,0,-0.13125,0.5,-0.5,0.5,0.5,
1,1,3.381,0,0,-0.13125,0.5,-0.5,0.5,0.5,
1,1,3.383,0,0,-0.13125,0.5,-0.5,0.5,0.5,
1,1,3.385,0,0,-0.13125,0.5,-0.5,0.5,0.5,
1,1,3.387,0,0,-0.13125,0.5,-0.5,0.5,0.5,
1,1,3.389,0,0,-0.13125,0.5,-0.5,0.5,0.5,
1,1,3.391,0,0,-0.13125,0.5,-0.5,0.5,0.5,
1,1,3.393,0,0,-0.13125,0.5,-0.5,0.5,0.5,
1,1,3.395,0,0,-0.13125,0.5,-0.5,0.5,0.5,
1,1,3.397,0,0,-0.13125,0.5,-0.5,0.5,0.5,
1,1,3.399,0,0,-0.13125,0.5,-0.5,0.5,0.5,
1,1,3.401,0,0,-0.13125,0.5,-0.5,0.5,0.5,
1,1,3.403,0,0,-0.13125,0.5,-0.5,0.5,0.5,
1,1,3.405,0,0,-0.13125,0.5,-0.5,0.5,0.5,
1,1,3.407,0,0,-0.13125,0.5,-0.5,0.5,0.5,
1,1,3.409,0,0,-0.13125,0.5,-0.5,0.5,0.5,
1,1,3.411,0,0,-0.13125,0.5,-0.5,0.5,0.5,
1,1,3.413,0,0,-0.13125,0.5,-0.5,0.5,0.5,
1,1,3.415,0,0,-0.13125,0.5,-0.5,0.5,0.5,
1,1,3.417,0,0,-0.13125,0.5,-0.5,0.5,0.5,
1,1,3.419,0,0,-0.13125,0.5,-0.5,0.5,0.5,
1,1,3.421,0,0,-0.13125,0.5,-0.5,0.5,0.5,
1,1,3.423,0,0,-0.13125,0.5,-0.5,0.5,0.5,
1,1,3.425,0,0,-0.13125,0.5,-0.5,0.5,0.5,
1,1,3.427,0,0,-0.13125,0.5,-0.5,0.5,0.5,
1,1,3.429,0,0,-0.13125,0.5,-0.5,0.5,0.5,
1,1,3.431,0,0,-0.13125,0.5,-0.5,0.5,0.5,
1,1,3.433,0,0,-0.13125,0.5,-0.5,0.5,0.5,
1,1,3.435,0,0,-0.13125,0.5,-0.5,0.5,0.5,
1,1,3.437,0,0,-0.13125,0.5,-0.5,0.5,0.5,
1,1,3.439,0,0,-0.13125,0.5,-0.5,0.5,0.5,
1,1,3.441,0,0,-0.13125,0.5,-0.5,0.5,0.5,
1,1,3.443,0,0,-0.13125,0.5,-0.5,0.5,0.5,
1,1,3.445,0,0,-0.13125,0.5,-0.5,0.5,0.5,
1,1,3.447,0,0,-0.13125,0.5,-0.5,0.5,0.5,
1,1,3.449,0,0,-0.13125,0.5,-0.5,0.5,0.5,
1,1,3.451,0,0,-0.13125,0.5,-0.5,0.5,0.5,
1,1,3.453,0,0,-0.13125,0.5,-0.5,0.5,0.5,
1,1,3.455,0,0,-0.13125,0.5,-0.5,0.5,0.5,
1,1,3.457,0,0,-0.13125,0.5,-0.5,0.5,0.5,
1,1,3.459,0,0,-0.13125,0.5,-0.5,0.5,0.5,
1,1,3.461,0,0,-0.13125,0.5,-0.5,0.5,0.5,
1,1,3.463,0,0,-0.13125,0.5,-0.5,0.5,0.5,
1,1,3.465,0,0,-0.13125,0.5,-0.5,0.5,0.5,
1,1,3.467,0,0,-0.13125,0.5,-0.5,0.5,0.5,
1,1,3.469,0,0,-0.13125,0.5,-0.5,0.5,0.5,
1,1,3.471,0,0,-0.13125,0.5,-0.5,0.5,0.5,
1,1,3.473,0,0,-0.13125,0.5,-0.5,0.5,0.5,
1,1,3.475,0,0,-0.13125,0.5,-0.5,0.5,0.5,
1,1,3.477,0,0,-0.13125,0.5,-0.5,0.5,0.5,
1,1,3.479,0,0,-0.13125,0.5,-0.5,0.5,0.5,
1,1,3.481,0,0,-0.13125,0.5,-0.5,0.5,0.5,
1,1,3.483,0,0,-0.13125,0.5,-0.5,0.5,0.5,
1,1,3.485,0,0,-0.13125,0.5,-0.5,0.5,0.5,
1,1,3.487,0,0,-0.13125,0.5,-0.5,0.5,0.5,
1,1,3.489,0,0,-0.13125,0.5,-0.5,0.5,0.5,
1,1,3.491,0,0,-0.13125,0.5,-0.5,0.5,0.5,
1,1,3.493,0,0,-0.13125,0.5,-0.5,0.5,0.5,
1,1,3.495,0,0,-0.13125,0.5,-0.5,0.5,0.5,
1,1,3.497,0,0,-0.13125,0.5,-0.5,0.5,0.5,
1,1,3.499,0,0,-0.13125,0.5,-0.5,0.5,0.5,
1,1,3.501,0,0,-0.13125,0.5,-0.5,0.5,0.5,
1,1,3.503,0,0,-0.13125,0.5,-0.5,0.5,0.5,
1,1,3.505,0,0,-0.13125,0.5,-0.5,0.5,0.5,
1,1,3.507,0,0,-0.13125,0.5,-0.5,0.5,0.5,
1,1,3.509,0,0,-0.13125,0.5,-0.5,0.5,0.5,
1,1,3.511,0,0,-0.13125,0.5,-0.5,0.5,0.5,
1,1,3.513,0,0,-0.13125,0.5,-0.5,0.5,0.5,
1,1,3.515,0,0,-0.13125,0.5,-0.5,0.5,0.5,
1,1,3.517,0,0,-0.13125,0.5,-0.5,0.5,0.5,
1,1,3.519,0,0,-0.13125,0.5,-0.5,0.5,0.5,
1,1,3.521,0,0,-0.13125,0.5,-0.5,0.5,0.5,
1,1,3.523,0,0,-0.13125,0.5,-0.5,0.5,0.5,
1,1,3.525,0,0,-0.13125,0.5,-0.5,0.5,0.5,
1,1,3.527,0,0,-0.13125,0.5,-0.5,0.5,0.5,
1,1,3.529,0,0,-0.13125,0.5,-0.5,0.5,0.5,
1,1,3.531,0,0,-0.13125,0.5,-0.5,0.5,0.5,
1,1,3.533,0,0,-0.13125,0.5,-0.5,0.5,0.5,
1,1,3.535,0,0,-0.13125,0.5,-0.5,0.5,0.5,
1,1,3.537,0,0,-0.13125,0.5,-0.5,0.5,0.5,
1,1,3.539,0,0,-0.13125,0.5,-0.5,0.5,0.5,
1,1,3.541,0,0,-0.13125,0.5,-0.5,0.5,0.5,
1,1,3.543,0,0,-0.13125,0.5,-0.5,0.5,0.5,
1,1,3.545,0,0,-0.13125,0.5,-0.5,0.5,0.5,
1,1,3.547,0,0,-0.13125,0.5,-0.5,0.5,0.5,
1,1,3.549,0,0,-0.13125,0.5,-0.5,0.5,0.5,
1,1,3.551,0,0,-0.13125,0.5,-0.5,0.5,0.5,
1,1,3.553,0,0,-0.13125,0.5,-0.5,0.5,0.5,
1,1,3.555,0,0,-0.13125,0.5,-0.5,0.5,0.5,
1,1,3.557,0,0,-0.13125,0.5,-0.5,0.5,0.5,
1,1,3.559,0,0,-0.13125,0.5,-0.5,0.5,0.5,
1,1,3.561,0,0,-0.13125,0.5,-0.5,0.5,0.5,
1,1,3.563,0,0,-0.13125,0.5,-0.5,0.5,0.5,
1,1,3.565,0,0,-0.13125,0.5,-0.5,0.5,0.5,
1,1,3.567,0,0,-0.13125,0.5,-0.5,0.5,0.5,
1,1,3.569,0,0,-0.13125,0.5,-0.5,0.5,0.5,
1,1,3.571,0,0,-0.13125,0.5,-0.5,0.5,0.5,
1,1,3.573,0,0,-0.13125,0.5,-0.5,0.5,0.5,
1,1,3.575,0,0,-0.13125,0.5,-0.5,0.5,0.5,
1,1,3.577,0,0,-0.13125,0.5,-0.5,0.5,0.5,
1,1,3.579,0,0,-0.13125,0.5,-0.5,0.5,0.5,
1,1,3.581,0,0,-0.13125,0.5,-0.5,0.5,0.5,
1,1,3.583,0,0,-0.13125,0.5,-0.5,0.5,0.5,
1,1,3.585,0,0,-0.13125,0.5,-0.5,0.5,0.5,
1,1,3.587,0,0,-0.13125,0.5,-0.5,0.5,0.5,
1,1,3.589,0,0,-0.13125,0.5,-0.5,0.5,0.5,
1,1,3.591,0,0,-0.13125,0.5,-0.5,0.5,0.5,
1,1,3.593,0,0,-0.13125,0.5,-0.5,0.5,0.5,
1,1,3.595,0,0,-0.13125,0.5,-0.5,0.5,0.5,
1,1,3.597,0,0,-0.13125,0.5,-0.5,0.5,0.5,
1,1,3.599,0,0,-0.13125,0.5,-0.5,0.5,0.5,
1,1,3.601,0,0,-0.13125,0.5,-0.5,0.5,0.5,
1,1,3.603,0,0,-0.13125,0.5,-0.5,0.5,0.5,
1,1,3.605,0,0,-0.13125,0.5,-0.5,0.5,0.5,
1,1,3.607,0,0,-0.13125,0.5,-0.5,0.5,0.5,
1,1,3.609,0,0,-0.13125,0.5,-0.5,0.5,0.5,
1,1,3.611,0,0,-0.13125,0.5,-0.5,0.5,0.5,
1,1,3.613,0,0,-0.13125,0.5,-0.5,0.5,0.5,
1,1,3.615,0,0,-0.13125,0.5,-0.5,0.5,0.5,
1,1,3.617,0,0,-0.13125,0.5,-0.5,0.5,0.5,
1,1,3.619,0,0,-0.13125,0.5,-0.5,0.5,0.5,
1,1,3.621,0,0,-0.13125,0.5,-0.5,0.5,0.5,
1,1,3.623,0,0,-0.13125,0.5,-0.5,0.5,0.5,
1,1,3.625,0,0,-0.13125,0.5,-0.5,0.5,0.5,
1,1,3.627,0,0,-0.13125,0.5,-0.5,0.5,0.5,
1,1,3.629,0,0,-0.13125,0.5,-0.5,0.5,0.5,
1,1,3.631,0,0,-0.13125,0.5,-0.5,0.5,0.5,
1,1,3.633,0,0,-0.13125,0.5,-0.5,0.5,0.5,
1,1,3.635,0,0,-0.13125,0.5,-0.5,0.5,0.5,
1,1,3.637,0,0,-0.13125,0.5,-0.5,0.5,0.5,
1,1,3.639,0,0,-0.13125,0.5,-0.5,0.5,0.5,
1,1,3.641,0,0,-0.13125,0.5,-0.5,0.5,0.5,
1,1,3.643,0,0,-0.13125,0.5,-0.5,0.5,0.5,
1,1,3.645,0,0,-0.13125,0.5,-0.5,0.5,0.5,CourtEnter
1,1,3.647,0,0,-0.13125,0.5,-0.5,0.5,0.5,
1,1,3.649,0,0,-0.13125,0.5,-0.5,0.5,0.5,
1,1,3.651,0,0,-0.13125,0.5,-0.5,0.5,0.5,
1,1,3.653,0,0,-0.13125,0.5,-0.5,0.5,0.5,
1,1,3.655,0,0,-0.13125,0.5,-0.5,0.5,0.5,
1,1,3.657,0,0,-0.13125,0.5,-0.5,0.5,0.5,
1,1,3.659,0,0,-0.13125,0.5,-0.5,0.5,0.5,
1,1,3.661,0,0,-0.13125,0.5,-0.5,0.5,0.5,
1,1,3.663,0,0,-0.13125,0.5,-0.5,0.5,0.5,
1,1,3.665,0,0,-0.13125,0.5,-0.5,0.5,0.5,
1,1,3.667,0,0,-0.13125,0.5,-0.5,0.5,0.5,
1,1,3.669,0,0,-0.13125,0.5,-0.5,0.5,0.5,
1,1,3.671,0,0,-0.13125,0.5,-0.5,0.5,0.5,CourtExit
1,1,3.673,0,0,-0.13125,0.5,-0.5,0.5,0.5,
1,1,3.675,0,0,-0.13125,0.5,-0.5,0.5,0.5,
1,1,3.677,0,0,-0.13125,0.5,-0.5,0.5,0.5,
1,1,3.679,0,0,-0.13125,0.5,-0.5,0.5,0.5,
1,1,3.681,0,0,-0.13125,0.5,-0.5,0.5,0.5,
1,1,3.683,0,0,-0.13125,0.5,-0.5,0.5,0.5,
1,1,3.685,0,0,-0.13125,0.5,-0.5,0.5,0.5,
1,1,3.687,0,0,-0.13125,0.5,-0.5,0.5,0.5,
1,1,3.689,0,0,-0.13125,0.5,-0.5,0.5,0.5,
1,1,3.691,0,0,-0.13125,0.5,-0.5,0.5,0.5,
1,1,3.693,0,0,-0.13125,0.5,-0.5,0.5,0.5,
1,1,3.695,0,0,-0.13125,0.5,-0.5,0.5,0.5,
1,1,3.697,0,0,-0.13125,0.5,-0.5,0.5,0.5,
1,1,3.699,0,0,-0.13125,0.5,-0.5,0.5,0.5,
1,1,3.701,0,0,-0.13125,0.5,-0.5,0.5,0.5,
1,1,3.703,0,0,-0.13125,0.5,-0.5,0.5,0.5,
1,1,3.705,0,0,-0.13125,0.5,-0.5,0.5,0.5,
1,1,3.707,0,0,-0.13125,0.5,-0.5,0.5,0.5,
1,1,3.709,0,0,-0.13125,0.5,-0.5,0.5,0.5,
1,1,3.711,0,0,-0.13125,0.5,-0.5,0.5,0.5,
1,1,3.713,0,0,-0.13125,0.5,-0.5,0.5,0.5,
1,1,3.715,0,0,-0.13125,0.5,-0.5,0.5,0.5,
1,1,3.717,0,0,-0.13125,0.5,-0.5,0.5,0.5,
1,1,3.719,0,0,-0.13125,0.5,-0.5,0.5,0.5,
1,1,3.721,0,0,-0.13125,0.5,-0.5,0.5,0.5,
1,1,3.723,0,0,-0.13125,0.5,-0.5,0.5,0.5,
1,1,3.725,0,0,-0.13125,0.5,-0.5,0.5,0.5,
1,1,3.727,0,0,-0.13125,0.5,-0.5,0.5,0.5,
1,1,3.729,0,0,-0.13125,0.5,-0.5,0.5,0.5,
1,1,3.731,0,0,-0.13125,0.5,-0.5,0.5,0.5,
1,1,3.733,0,0,-0.13125,0.5,-0.5,0.5,0.5,
1,1,3.735,0,0,-0.13125,0.5,-0.5,0.5,0.5,
1,1,3.737,0,0,-0.13125,0.5,-0.5,0.5,0.5,
1,1,3.739,0,0,-0.13125,0.5,-0.5,0.5,0.5,
1,1,3.741,0,0,-0.13125,0.5,-0.5,0.5,0.5,
1,1,3.743,0,0,-0.13125,0.5,-0.5,0.5,0.5,
1,1,3.745,0,0,-0.13125,0.5,-0.5,0.5,0.5,
1,1,3.747,0,0,-0.13125,0.5,-0.5,0.5,0.5,
1,1,3.749,0,0,-0.13125,0.5,-0.5,0.5,0.5,
1,1,3.751,0,0,-0.13125,0.5,-0.5,0.5,0.5,
1,1,3.753,0,0,-0.13125,0.5,-0.5,0.5,0.5,
1,1,3.755,0,0,-0.13125,0.5,-0.5,0.5,0.5,
1,1,3.757,0,0,-0.13125,0.5,-0.5,0.5,0.5,
1,1,3.759,0,0,-0.13125,0.5,-0.5,0.5,0.5,
1,1,3.761,0,0,-0.13125,0.5,-0.5,0.5,0.5,
1,1,3.763,0,0,-0.13125,0.5,-0.5,0.5,0.5,
1,1,3.765,0,0,-0.13125,0.5,-0.5,0.5,0.5,
1,1,3.767,0,0,-0.13125,0.5,-0.5,0.5,0.5,
1,1,3.769,0,0,-0.13125,0.5,-0.5,0.5,0.5,
1,1,3.771,0,0,-0.13125,0.5,-0.5,0.5,0.5,
1,1,3.773,0,0,-0.13125,0.5,-0.5,0.5,0.5,
1,1,3.775,0,0,-0.13125,0.5,-0.5,0.5,0.5,
1,1,3.777,0,0,-0.13125,0.5,-0.5,0.5,0.5,
1,1,3.779,0,0,-0.13125,0.5,-0.5,0.5,0.5,
1,1,3.781,0,0,-0.13125,0.5,-0.5,0.5,0.5,
1,1,3.783,0,0,-0.13125,0.5,-0.5,0.5,0.5,
1,1,3.785,0,0,-0.13125,0.5,-0.5,0.5,0.5,
1,1,3.787,0,0,-0.13125,0.5,-0.5,0.5,0.5,
1,1,3.789,0,0,-0.13125,0.5,-0.5,0.5,0.5,
1,1,3.791,0,0,-0.13125,0.5,-0.5,0.5,0.5,
1,1,3.793,0,0,-0.13125,0.5,-0.5,0.5,0.5,
1,1,3.795,0,0,-0.13125,0.5,-0.5,0.5,0.5,
1,1,3.797,0,0,-0.13125,0.5,-0.5,0.5,0.5,
1,1,3.799,0,0,-0.13125,0.5,-0.5,0.5,0.5,
1,1,3.801,0,0,-0.13125,0.5,-0.5,0.5,0.5,
1,1,3.803,0,0,-0.13125,0.5,-0.5,0.5,0.5,
1,1,3.805,0,0,-0.13125,0.5,-0.5,0.5,0.5,
1,1,3.807,0,0,-0.13125,0.5,-0.5,0.5,0.5,
1,1,3.809,0,0,-0.13125,0.5,-0.5,0.5,0.5,
1,1,3.811,0,0,-0.13125,0.5,-0.5,0.5,0.5,
1,1,3.813,0,0,-0.13125,0.5,-0.5,0.5,0.5,
1,1,3.815,0,0,-0.13125,0.5,-0.5,0.5,0.5,
1,1,3.817,0,0,-0.13125,0.5,-0.5,0.5,0.5,
1,1,3.819,0,0,-0.13125,0.5,-0.5,0.5,0.5,
1,1,3.821,0,0,-0.13125,0.5,-0.5,0.5,0.5,
1,1,3.823,0,0,-0.13125,0.5,-0.5,0.5,0.5,
1,1,3.825,0,0,-0.13125,0.5,-0.5,0.5,0.5,
1,1,3.827,0,0,-0.13125,0.5,-0.5,0.5,0.5,
1,1,3.829,0,0,-0.13125,0.5,-0.5,0.5,0.5,
1,1,3.831,0,0,-0.13125,0.5,-0.5,0.5,0.5,
1,1,3.833,0,0,-0.13125,0.5,-0.5,0.5,0.5,
1,1,3.835,0,0,-0.13125,0.5,-0.5,0.5,0.5,
1,1,3.837,0,0,-0.13125,0.5,-0.5,0.5,0.5,
1,1,3.839,0,0,-0.13125,0.5,-0.5,0.5,0.5,
1,1,3.841,0,0,-0.13125,0.5,-0.5,0.5,0.5,
1,1,3.843,0,0,-0.13125,0.5,-0.5,0.5,0.5,
1,1,3.845,0,0,-0.13125,0.5,-0.5,0.5,0.5,
1,1,3.847,0,0,-0.13125,0.5,-0.5,0.5,0.5,
1,1,3.849,0,0,-0.13125,0.5,-0.5,0.5,0.5,
1,1,3.851,0,0,-0.13125,0.5,-0.5,0.5,0.5,
1,1,3.853,0,0,-0.13125,0.5,-0.5,0.5,0.5,
1,1,3.855,0,0,-0.13125,0.5,-0.5,0.5,0.5,
1,1,3.857,0,0,-0.13125,0.5,-0.5,0.5,0.5,
1,1,3.859,0,0,-0.13125,0.5,-0.5,0.5,0.5,
1,1,3.861,0,0,-0.13125,0.5,-0.5,0.5,0.5,
1,1,3.863,0,0,-0.13125,0.5,-0.5,0.5,0.5,
1,1,3.865,0,0,-0.13125,0.5,-0.5,0.5,0.5,
1,1,3.867,0,0,-0.13125,0.5,-0.5,0.5,0.5,
1,1,3.869,0,0,-0.13125,0.5,-0.5,0.5,0.5,
1,1,3.871,0,0,-0.13125,0.5,-0.5,0.5,0.5,
1,1,3.873,0,0,-0.13125,0.5,-0.5,0.5,0.5,
1,1,3.875,0,0,-0.13125,0.5,-0.5,0.5,0.5,
1,1,3.877,0,0,-0.13125,0.5,-0.5,0.5,0.5,
1,1,3.879,0,0,-0.13125,0.5,-0.5,0.5,0.5,
1,1,3.881,0,0,-0.13125,0.5,-0.5,0.5,0.5,
1,1,3.883,0,0,-0.13125,0.5,-0.5,0.5,0.5,
1,1,3.885,0,0,-0.13125,0.5,-0.5,0.5,0.5,
1,1,3.887,0,0,-0.13125,0.5,-0.5,0.5,0.5,
1,1,3.889,0,0,-0.13125,0.5,-0.5,0.5,0.5,
1,1,3.891,0,0,-0.13125,0.5,-0.5,0.5,0.5,
1,1,3.893,0,0,-0.13125,0.5,-0.5,0.5,0.5,
1,1,3.895,0,0,-0.13125,0.5,-0.5,0.5,0.5,
1,1,3.897,0,0,-0.13125,0.5,-0.5,0.5,0.5,
1,1,3.899,0,0,-0.13125,0.5,-0.5,0.5,0.5,
1,1,3.901,0,0,-0.13125,0.5,-0.5,0.5,0.5,
1,1,3.903,0,0,-0.13125,0.5,-0.5,0.5,0.5,
1,1,3.905,0,0,-0.13125,0.5,-0.5,0.5,0.5,
1,1,3.907,0,0,-0.13125,0.5,-0.5,0.5,0.5,
1,1,3.909,0,0,-0.13125,0.5,-0.5,0.5,0.5,
1,1,3.911,0,0,-0.13125,0.5,-0.5,0.5,0.5,
1,1,3.913,0,0,-0.13125,0.5,-0.5,0.5,0.5,
1,1,3.915,0,0,-0.13125,0.5,-0.5,0.5,0.5,
1,1,3.917,0,0,-0.13125,0.5,-0.5,0.5,0.5,
1,1,3.919,0,0,-0.13125,0.5,-0.5,0.5,0.5,
1,1,3.921,0,0,-0.13125,0.5,-0.5,0.5,0.5,
1,1,3.923,0,0,-0.13125,0.5,-0.5,0.5,0.5,
1,1,3.925,0,0,-0.13125,0.5,-0.5,0.5,0.5,
1,1,3.927,0,0,-0.13125,0.5,-0.5,0.5,0.5,
1,1,3.929,0,0,-0.13125,0.5,-0.5,0.5,0.5,
1,1,3.931,0,0,-0.13125,0.5,-0.5,0.5,0.5,
1,1,3.933,0,0,-0.13125,0.5,-0.5,0.5,0.5,
1,1,3.935,0,0,-0.13125,0.5,-0.5,0.5,0.5,
1,1,3.937,0,0,-0.13125,0.5,-0.5,0.5,0.5,CourtEnter
1,1,3.939,0,0,-0.13125,0.5,-0.5,0.5,0.5,
1,1,3.941,0,0,-0.13125,0.5,-0.5,0.5,0.5,
1,1,3.943,0,0,-0.13125,0.5,-0.5,0.5,0.5,
1,1,3.945,0,0,-0.13125,0.5,-0.5,0.5,0.5,
1,1,3.947,0,0,-0.13125,0.5,-0.5,0.5,0.5,
1,1,3.949,0,0,-0.13125,0.5,-0.5,0.5,0.5,
1,1,3.951,0,0,-0.13125,0.5,-0.5,0.5,0.5,
1,1,3.953,0,0,-0.13125,0.5,-0.5,0.5,0.5,
1,1,3.955,0,0,-0.13125,0.5,-0.5,0.5,0.5,
1,1,3.957,0,0,-0.13125,0.5,-0.5,0.5,0.5,
1,1,3.959,0,0,-0.13125,0.5,-0.5,0.5,0.5,
1,1,3.961,0,0,-0.13125,0.5,-0.5,0.5,0.5,
1,1,3.963,0,0,-0.13125,0.5,-0.5,0.5,0.5,
1,1,3.965,0,0,-0.13125,0.5,-0.5,0.5,0.5,
1,1,3.967,0,0,-0.13125,0.5,-0.5,0.5,0.5,
1,1,3.969,0,0,-0.13125,0.5,-0.5,0.5,0.5,
1,1,3.971,0,0,-0.13125,0.5,-0.5,0.5,0.5,CourtExit
1,1,3.973,0,0,-0.13125,0.5,-0.5,0.5,0.5,
1,1,3.975,0,0,-0.13125,0.5,-0.5,0.5,0.5,
1,1,3.977,0,0,-0.13125,0.5,-0.5,0.5,0.5,
1,1,3.979,0,0,-0.13125,0.5,-0.5,0.5,0.5,
1,1,3.981,0,0,-0.13125,0.5,-0.5,0.5,0.5,
1,1,3.983,0,0,-0.13125,0.5,-0.5,0.5,0.5,
1,1,3.985,0,0,-0.13125,0.5,-0.5,0.5,0.5,
1,1,3.987,0,0,-0.13125,0.5,-0.5,0.5,0.5,
1,1,3.989,0,0,-0.13125,0.5,-0.5,0.5,0.5,
1,1,3.991,0,0,-0.13125,0.5,-0.5,0.5,0.5,
1,1,3.993,0,0,-0.13125,0.5,-0.5,0.5,0.5,
1,1,3.995,0,0,-0.13125,0.5,-0.5,0.5,0.5,
1,1,3.997,0,0,-0.13125,0.5,-0.5,0.5,0.5,
1,1,3.999,0,0,-0.13125,0.5,-0.5,0.5,0.5,
1,1,4.001,0,0,-0.13125,0.5,-0.5,0.5,0.5,
1,1,4.003,0,0,-0.13125,0.5,-0.5,0.5,0.5,
1,1,4.005,0,0,-0.13125,0.5,-0.5,0.5,0.5,
1,1,4.007,0,0,-0.13125,0.5,-0.5,0.5,0.5,
1,1,4.009,0,0,-0.13125,0.5,-0.5,0.5,0.5,
1,1,4.011,0,0,-0.13125,0.5,-0.5,0.5,0.5,
1,1,4.013,0,0,-0.13125,0.5,-0.5,0.5,0.5,
1,1,4.015,0,0,-0.13125,0.5,-0.5,0.5,0.5,
1,1,4.017,0,0,-0.13125,0.5,-0.5,0.5,0.5,
1,1,4.019,0,0,-0.13125,0.5,-0.5,0.5,0.5,
1,1,4.021,0,0,-0.13125,0.5,-0.5,0.5,0.5,
1,1,4.023,0,0,-0.13125,0.5,-0.5,0.5,0.5,
1,1,4.025,0,0,-0.13125,0.5,-0.5,0.5,0.5,
1,1,4.027,0,0,-0.13125,0.5,-0.5,0.5,0.5,
1,1,4.029,0,0,-0.13125,0.5,-0.5,0.5,0.5,
1,1,4.031,0,0,-0.13125,0.5,-0.5,0.5,0.5,
1,1,4.033,0,0,-0.13125,0.5,-0.5,0.5,0.5,
1,1,4.035,0,0,-0.13125,0.5,-0.5,0.5,0.5,
1,1,4.037,0,0,-0.13125,0.5,-0.5,0.5,0.5,
1,1,4.039,0,0,-0.13125,0.5,-0.5,0.5,0.5,
1,1,4.041,0,0,-0.13125,0.5,-0.5,0.5,0.5,
1,1,4.043,0,0,-0.13125,0.5,-0.5,0.5,0.5,
1,1,4.045,0,0,-0.13125,0.5,-0.5,0.5,0.5,
1,1,4.047,0,0,-0.13125,0.5,-0.5,0.5,0.5,
1,1,4.049,0,0,-0.13125,0.5,-0.5,0.5,0.5,
1,1,4.051,0,0,-0.13125,0.5,-0.5,0.5,0.5,
1,1,4.053,0,0,-0.13125,0.5,-0.5,0.5,0.5,
1,1,4.055,0,0,-0.13125,0.5,-0.5,0.5,0.5,
1,1,4.057,0,0,-0.13125,0.5,-0.5,0.5,0.5,
1,1,4.059,0,0,-0.13125,0.5,-0.5,0.5,0.5,
1,1,4.061,0,0,-0.13125,0.5,-0.5,0.5,0.5,
1,1,4.063,0,0,-0.13125,0.5,-0.5,0.5,0.5,
1,1,4.065,0,0,-0.13125,0.5,-0.5,0.5,0.5,
1,1,4.067,0,0,-0.13125,0.5,-0.5,0.5,0.5,
1,1,4.069,0,0,-0.13125,0.5,-0.5,0.5,0.5,
1,1,4.071,0,0,-0.13125,0.5,-0.5,0.5,0.5,
1,1,4.073,0,0,-0.13125,0.5,-0.5,0.5,0.5,
1,1,4.075,0,0,-0.13125,0.5,-0.5,0.5,0.5,
1,1,4.077,0,0,-0.13125,0.5,-0.5,0.5,0.5,
1,1,4.079,0,0,-0.13125,0.5,-0.5,0.5,0.5,
1,1,4.081,0,0,-0.13125,0.5,-0.5,0.5,0.5,
1,1,4.083,0,0,-0.13125,0.5,-0.5,0.5,0.5,
1,1,4.085,0,0,-0.13125,0.5,-0.5,0.5,0.5,
1,1,4.087,0,0,-0.13125,0.5,-0.5,0.5,0.5,
1,1,4.089,0,0,-0.13125,0.5,-0.5,0.5,0.5,
1,1,4.091,0,0,-0.13125,0.5,-0.5,0.5,0.5,
1,1,4.093,0,0,-0.13125,0.5,-0.5,0.5,0.5,
1,1,4.095,0,0,-0.13125,0.5,-0.5,0.5,0.5,
1,1,4.097,0,0,-0.13125,0.5,-0.5,0.5,0.5,
1,1,4.099,0,0,-0.13125,0.5,-0.5,0.5,0.5,
1,1,4.101,0,0,-0.13125,0.5,-0.5,0.5,0.5,
1,1,4.103,0,0,-0.13125,0.5,-0.5,0.5,0.5,
1,1,4.105,0,0,-0.13125,0.5,-0.5,0.5,0.5,
1,1,4.107,0,0,-0.13125,0.5,-0.5,0.5,0.5,
1,1,4.109,0,0,-0.13125,0.5,-0.5,0.5,0.5,
1,1,4.111,0,0,-0.13125,0.5,-0.5,0.5,0.5,
1,1,4.113,0,0,-0.13125,0.5,-0.5,0.5,0.5,
1,1,4.115,0,0,-0.13125,0.5,-0.5,0.5,0.5,
1,1,4.117,0,0,-0.13125,0.5,-0.5,0.5,0.5,
1,1,4.119,0,0,-0.13125,0.5,-0.5,0.5,0.5,
1,1,4.121,0,0,-0.13125,0.5,-0.5,0.5,0.5,
1,1,4.123,0,0,-0.13125,0.5,-0.5,0.5,0.5,
1,1,4.125,0,0,-0.13125,0.5,-0.5,0.5,0.5,
1,1,4.127,0,0,-0.13125,0.5,-0.5,0.5,0.5,
1,1,4.129,0,0,-0.13125,0.5,-0.5,0.5,0.5,
1,1,4.131,0,0,-0.13125,0.5,-0.5,0.5,0.5,
1,1,4.133,0,0,-0.13125,0.5,-0.5,0.5,0.5,
1,1,4.135,0,0,-0.13125,0.5,-0.5,0.5,0.5,
1,1,4.137,0,0,-0.13125,0.5,-0.5,0.5,0.5,
1,1,4.139,0,0,-0.13125,0.5,-0.5,0.5,0.5,
1,1,4.141,0,0,-0.13125,0.5,-0.5,0.5,0.5,
1,1,4.143,0,0,-0.13125,0.5,-0.5,0.5,0.5,
1,1,4.145,0,0,-0.13125,0.5,-0.5,0.5,0.5,
1,1,4.147,0,0,-0.13125,0.5,-0.5,0.5,0.5,
1,1,4.149,0,0,-0.13125,0.5,-0.5,0.5,0.5,
1,1,4.151,0,0,-0.13125,0.5,-0.5,0.5,0.5,
1,1,4.153,0,0,-0.13125,0.5,-0.5,0.5,0.5,
1,1,4.155,0,0,-0.13125,0.5,-0.5,0.5,0.5,
1,1,4.157,0,0,-0.13125,0.5,-0.5,0.5,0.5,
1,1,4.159,0,0,-0.13125,0.5,-0.5,0.5,0.5,
1,1,4.161,0,0,-0.13125,0.5,-0.5,0.5,0.5,CourtEnter
1,1,4.163,0,0,-0.13125,0.5,-0.5,0.5,0.5,
1,1,4.165,0,0,-0.13125,0.5,-0.5,0.5,0.5,
1,1,4.167,0,0,-0.13125,0.5,-0.5,0.5,0.5,
1,1,4.169,0,0,-0.13125,0.5,-0.5,0.5,0.5,
1,1,4.171,0,0,-0.13125,0.5,-0.5,0.5,0.5,
1,1,4.173,0,0,-0.13125,0.5,-0.5,0.5,0.5,
1,1,4.175,0,0,-0.13125,0.5,-0.5,0.5,0.5,
1,1,4.177,0,0,-0.13125,0.5,-0.5,0.5,0.5,
1,1,4.179,0,0,-0.13125,0.5,-0.5,0.5,0.5,
1,1,4.181,0,0,-0.13125,0.5,-0.5,0.5,0.5,
1,1,4.183,0,0,-0.13125,0.5,-0.5,0.5,0.5,
1,1,4.185,0,0,-0.13125,0.5,-0.5,0.5,0.5,
1,1,4.187,0,0,-0.13125,0.5,-0.5,0.5,0.5,
1,1,4.189,0,0,-0.13125,0.5,-0.5,0.5,0.5,
1,1,4.191,0,0,-0.13125,0.5,-0.5,0.5,0.5,
1,1,4.193,0,0,-0.13125,0.5,-0.5,0.5,0.5,
1,1,4.195,0,0,-0.13125,0.5,-0.5,0.5,0.5,
1,1,4.197,0,0,-0.13125,0.5,-0.5,0.5,0.5,
1,1,4.199,0,0,-0.13125,0.5,-0.5,0.5,0.5,
1,1,4.201,0,0,-0.13125,0.5,-0.5,0.5,0.5,
1,1,4.203,0,0,-0.13125,0.5,-0.5,0.5,0.5,
1,1,4.205,0,0,-0.13125,0.5,-0.5,0.5,0.5,
1,1,4.207,0,0,-0.13125,0.5,-0.5,0.5,0.5,CourtExit
1,1,4.209,0,0,-0.13125,0.5,-0.5,0.5,0.5,
1,1,4.211,0,0,-0.13125,0.5,-0.5,0.5,0.5,
1,1,4.213,0,0,-0.13125,0.5,-0.5,0.5,0.5,
1,1,4.215,0,0,-0.13125,0.5,-0.5,0.5,0.5,
1,1,4.217,0,0,-0.13125,0.5,-0.5,0.5,0.5,
1,1,4.219,0,0,-0.13125,0.5,-0.5,0.5,0.5,
1,1,4.221,0,0,-0.13125,0.5,-0.5,0.5,0.5,
1,1,4.223,0,0,-0.13125,0.5,-0.5,0.5,0.5,
1,1,4.225,0,0,-0.13125,0.5,-0.5,0.5,0.5,
1,1,4.227,0,0,-0.13125,0.5,-0.5,0.5,0.5,
1,1,4.229,0,0,-0.13125,0.5,-0.5,0.5,0.5,
1,1,4.231,0,0,-0.13125,0.5,-0.5,0.5,0.5,
1,1,4.233,0,0,-0.13125,0.5,-0.5,0.5,0.5,
1,1,4.235,0,0,-0.13125,0.5,-0.5,0.5,0.5,
1,1,4.237,0,0,-0.13125,0.5,-0.5,0.5,0.5,
1,1,4.239,0,0,-0.13125,0.5,-0.5,0.5,0.5,
1,1,4.241,0,0,-0.13125,0.5,-0.5,0.5,0.5,
1,1,4.243,0,0,-0.13125,0.5,-0.5,0.5,0.5,
1,1,4.245,0,0,-0.13125,0.5,-0.5,0.5,0.5,
1,1,4.247,0,0,-0.13125,0.5,-0.5,0.5,0.5,
1,1,4.249,0,0,-0.13125,0.5,-0.5,0.5,0.5,
1,1,4.251,0,0,-0.13125,0.5,-0.5,0.5,0.5,
1,1,4.253,0,0,-0.13125,0.5,-0.5,0.5,0.5,
1,1,4.255,0,0,-0.13125,0.5,-0.5,0.5,0.5,
1,1,4.257,0,0,-0.13125,0.5,-0.5,0.5,0.5,
1,1,4.259,0,0,-0.13125,0.5,-0.5,0.5,0.5,
1,1,4.261,0,0,-0.13125,0.5,-0.5,0.5,0.5,
1,1,4.263,0,0,-0.13125,0.5,-0.5,0.5,0.5,
1,1,4.265,0,0,-0.13125,0.5,-0.5,0.5,0.5,
1,1,4.267,0,0,-0.13125,0.5,-0.5,0.5,0.5,
1,1,4.269,0,0,-0.13125,0.5,-0.5,0.5,0.5,
1,1,4.271,0,0,-0.13125,0.5,-0.5,0.5,0.5,
1,1,4.273,0,0,-0.13125,0.5,-0.5,0.5,0.5,
1,1,4.275,0,0,-0.13125,0.5,-0.5,0.5,0.5,
1,1,4.277,0,0,-0.13125,0.5,-0.5,0.5,0.5,
1,1,4.279,0,0,-0.13125,0.5,-0.5,0.5,0.5,
1,1,4.281,0,0,-0.13125,0.5,-0.5,0.5,0.5,
1,1,4.283,0,0,-0.13125,0.5,-0.5,0.5,0.5,
1,1,4.285,0,0,-0.13125,0.5,-0.5,0.5,0.5,
1,1,4.287,0,0,-0.13125,0.5,-0.5,0.5,0.5,
1,1,4.289,0,0,-0.13125,0.5,-0.5,0.5,0.5,
1,1,4.291,0,0,-0.13125,0.5,-0.5,0.5,0.5,
1,1,4.293,0,0,-0.13125,0.5,-0.5,0.5,0.5,
1,1,4.295,0,0,-0.13125,0.5,-0.5,0.5,0.5,
1,1,4.297,0,0,-0.13125,0.5,-0.5,0.5,0.5,
1,1,4.299,0,0,-0.13125,0.5,-0.5,0.5,0.5,
1,1,4.301,0,0,-0.13125,0.5,-0.5,0.5,0.5,
1,1,4.303,0,0,-0.13125,0.5,-0.5,0.5,0.5,
1,1,4.305,0,0,-0.13125,0.5,-0.5,0.5,0.5,
1,1,4.307,0,0,-0.13125,0.5,-0.5,0.5,0.5,
1,1,4.309,0,0,-0.13125,0.5,-0.5,0.5,0.5,
1,1,4.311,0,0,-0.13125,0.5,-0.5,0.5,0.5,
1,1,4.313,0,0,-0.13125,0.5,-0.5,0.5,0.5,
1,1,4.315,0,0,-0.13125,0.5,-0.5,0.5,0.5,
1,1,4.317,0,0,-0.13125,0.5,-0.5,0.5,0.5,
1,1,4.319,0,0,-0.13125,0.5,-0.5,0.5,0.5,
1,1,4.321,0,0,-0.13125,0.5,-0.5,0.5,0.5,
1,1,4.323,0,0,-0.13125,0.5,-0.5,0.5,0.5,
1,1,4.325,0,0,-0.13125,0.5,-0.5,0.5,0.5,
1,1,4.327,0,0,-0.13125,0.5,-0.5,0.5,0.5,CourtEnter
1,1,4.329,0,0,-0.13125,0.5,-0.5,0.5,0.5,
1,1,4.331,0,0,-0.13125,0.5,-0.5,0.5,0.5,
1,1,4.333,0,0,-0.13125,0.5,-0.5,0.5,0.5,
1,1,4.335,0,0,-0.13125,0.5,-0.5,0.5,0.5,
1,1,4.337,0,0,-0.13125,0.5,-0.5,0.5,0.5,
1,1,4.339,0,0,-0.13125,0.5,-0.5,0.5,0.5,
1,1,4.341,0,0,-0.13125,0.5,-0.5,0.5,0.5,
1,1,4.343,0,0,-0.13125,0.5,-0.5,0.5,0.5,
1,1,4.345,0,0,-0.13125,0.5,-0.5,0.5,0.5,
1,1,4.347,0,0,-0.13125,0.5,-0.5,0.5,0.5,
1,1,4.349,0,0,-0.13125,0.5,-0.5,0.5,0.5,
1,1,4.351,0,0,-0.13125,0.5,-0.5,0.5,0.5,
1,1,4.353,0,0,-0.13125,0.5,-0.5,0.5,0.5,
1,1,4.355,0,0,-0.13125,0.5,-0.5,0.5,0.5,
1,1,4.357,0,0,-0.13125,0.5,-0.5,0.5,0.5,
1,1,4.359,0,0,-0.13125,0.5,-0.5,0.5,0.5,
1,1,4.361,0,0,-0.13125,0.5,-0.5,0.5,0.5,
1,1,4.363,0,0,-0.13125,0.5,-0.5,0.5,0.5,
1,1,4.365,0,0,-0.13125,0.5,-0.5,0.5,0.5,
1,1,4.367,0,0,-0.13125,0.5,-0.5,0.5,0.5,
1,1,4.369,0,0,-0.13125,0.5,-0.5,0.5,0.5,
1,1,4.371,0,0,-0.13125,0.5,-0.5,0.5,0.5,
1,1,4.373,0,0,-0.13125,0.5,-0.5,0.5,0.5,
1,1,4.375,0,0,-0.13125,0.5,-0.5,0.5,0.5,
1,1,4.377,0,0,-0.13125,0.5,-0.5,0.5,0.5,
1,1,4.379,0,0,-0.13125,0.5,-0.5,0.5,0.5,
1,1,4.381,0,0,-0.13125,0.5,-0.5,0.5,0.5,
1,1,4.383,0,0,-0.13125,0.5,-0.5,0.5,0.5,
1,1,4.385,0,0,-0.13125,0.5,-0.5,0.5,0.5,
1,1,4.387,0,0,-0.13125,0.5,-0.5,0.5,0.5,
1,1,4.389,0,0,-0.13125,0.5,-0.5,0.5,0.5,
1,1,4.391,0,0,-0.13125,0.5,-0.5,0.5,0.5,
1,1,4.393,0,0,-0.13125,0.5,-0.5,0.5,0.5,
1,1,4.395,0,0,-0.13125,0.5,-0.5,0.5,0.5,
1,1,4.397,0,0,-0.13125,0.5,-0.5,0.5,0.5,CourtExit
1,1,4.399,0,0,-0.13125,0.5,-0.5,0.5,0.5,
1,1,4.401,0,0,-0.13125,0.5,-0.5,0.5,0.5,
1,1,4.403,0,0,-0.13125,0.5,-0.5,0.5,0.5,
1,1,4.405,0,0,-0.13125,0.5,-0.5,0.5,0.5,
1,1,4.407,0,0,-0.13125,0.5,-0.5,0.5,0.5,
1,1,4.409,0,0,-0.13125,0.5,-0.5,0.5,0.5,
1,1,4.411,0,0,-0.13125,0.5,-0.5,0.5,0.5,
1,1,4.413,0,0,-0.13125,0.5,-0.5,0.5,0.5,
1,1,4.415,0,0,-0.13125,0.5,-0.5,0.5,0.5,
1,1,4.417,0,0,-0.13125,0.5,-0.5,0.5,0.5,
1,1,4.419,0,0,-0.13125,0.5,-0.5,0.5,0.5,
1,1,4.421,0,0,-0.13125,0.5,-0.5,0.5,0.5,
1,1,4.423,0,0,-0.13125,0.5,-0.5,0.5,0.5,
1,1,4.425,0,0,-0.13125,0.5,-0.5,0.5,0.5,
1,1,4.427,0,0,-0.13125,0.5,-0.5,0.5,0.5,
1,1,4.429,0,0,-0.13125,0.5,-0.5,0.5,0.5,
1,1,4.431,0,0,-0.13125,0.5,-0.5,0.5,0.5,
1,1,4.433,0,0,-0.13125,0.5,-0.5,0.5,0.5,
1,1,4.435,0,0,-0.13125,0.5,-0.5,0.5,0.5,
1,1,4.437,0,0,-0.13125,0.5,-0.5,0.5,0.5,
1,1,4.439,0,0,-0.13125,0.5,-0.5,0.5,0.5,
1,1,4.441,0,0,-0.13125,0.5,-0.5,0.5,0.5,
1,1,4.443,0,0,-0.13125,0.5,-0.5,0.5,0.5,
1,1,4.445,0,0,-0.13125,0.5,-0.5,0.5,0.5,
1,1,4.447,0,0,-0.13125,0.5,-0.5,0.5,0.5,CourtEnter
1,1,4.449,0,0,-0.13125,0.5,-0.5,0.5,0.5,
1,1,4.451,0,0,-0.13125,0.5,-0.5,0.5,0.5,
1,1,4.453,0,0,-0.13125,0.5,-0.5,0.5,0.5,
1,1,4.455,0,0,-0.13125,0.5,-0.5,0.5,0.5,
1,1,4.457,0,0,-0.13125,0.5,-0.5,0.5,0.5,
1,1,4.459,0,0,-0.13125,0.5,-0.5,0.5,0.5,
1,1,4.461,0,0,-0.13125,0.5,-0.5,0.5,0.5,
1,1,4.463,0,0,-0.13125,0.5,-0.5,0.5,0.5,
1,1,4.465,0,0,-0.13125,0.5,-0.5,0.5,0.5,
1,1,4.467,0,0,-0.13125,0.5,-0.5,0.5,0.5,
1,1,4.469,0,0,-0.13125,0.5,-0.5,0.5,0.5,
1,1,4.471,0,0,-0.13125,0.5,-0.5,0.5,0.5,
1,1,4.473,0,0,-0.13125,0.5,-0.5,0.5,0.5,
1,1,4.475,0,0,-0.13125,0.5,-0.5,0.5,0.5,
1,1,4.477,0,0,-0.13125,0.5,-0.5,0.5,0.5,
1,1,4.479,0,0,-0.13125,0.5,-0.5,0.5,0.5,
1,1,4.481,0,0,-0.13125,0.5,-0.5,0.5,0.5,
1,1,4.483,0,0,-0.13125,0.5,-0.5,0.5,0.5,
1,1,4.485,0,0,-0.13125,0.5,-0.5,0.5,0.5,
1,1,4.487,0,0,-0.13125,0.5,-0.5,0.5,0.5,
1,1,4.489,0,0,-0.13125,0.5,-0.5,0.5,0.5,
1,1,4.491,0,0,-0.13125,0.5,-0.5,0.5,0.5,
1,1,4.493,0,0,-0.13125,0.5,-0.5,0.5,0.5,
1,1,4.495,0,0,-0.13125,0.5,-0.5,0.5,0.5,
1,1,4.497,0,0,-0.13125,0.5,-0.5,0.5,0.5,
1,1,4.499,0,0,-0.13125,0.5,-0.5,0.5,0.5,
1,1,4.501,0,0,-0.13125,0.5,-0.5,0.5,0.5,
1,1,4.503,0,0,-0.13125,0.5,-0.5,0.5,0.5,
1,1,4.505,0,0,-0.13125,0.5,-0.5,0.5,0.5,
1,1,4.507,0,0,-0.13125,0.5,-0.5,0.5,0.5,
1,1,4.509,0,0,-0.13125,0.5,-0.5,0.5,0.5,
1,1,4.511,0,0,-0.13125,0.5,-0.5,0.5,0.5,
1,1,4.513,0,0,-0.13125,0.5,-0.5,0.5,0.5,
1,1,4.515,0,0,-0.13125,0.5,-0.5,0.5,0.5,
1,1,4.517,0,0,-0.13125,0.5,-0.5,0.5,0.5,
1,1,4.519,0,0,-0.13125,0.5,-0.5,0.5,0.5,
1,1,4.521,0,0,-0.13125,0.5,-0.5,0.5,0.5,
1,1,4.523,0,0,-0.13125,0.5,-0.5,0.5,0.5,
1,1,4.525,0,0,-0.13125,0.5,-0.5,0.5,0.5,
1,1,4.527,0,0,-0.13125,0.5,-0.5,0.5,0.5,
1,1,4.529,0,0,-0.13125,0.5,-0.5,0.5,0.5,
1,1,4.531,0,0,-0.13125,0.5,-0.5,0.5,0.5,
1,1,4.533,0,0,-0.13125,0.5,-0.5,0.5,0.5,
1,1,4.535,0,0,-0.13125,0.5,-0.5,0.5,0.5,
1,1,4.537,0,0,-0.13125,0.5,-0.5,0.5,0.5,
1,1,4.539,0,0,-0.13125,0.5,-0.5,0.5,0.5,
1,1,4.541,0,0,-0.13125,0.5,-0.5,0.5,0.5,
1,1,4.543,0,0,-0.13125,0.5,-0.5,0.5,0.5,
1,1,4.545,0,0,-0.13125,0.5,-0.5,0.5,0.5,
1,1,4.547,0,0,-0.13125,0.5,-0.5,0.5,0.5,
1,1,4.549,0,0,-0.13125,0.5,-0.5,0.5,0.5,
1,1,4.551,0,0,-0.13125,0.5,-0.5,0.5,0.5,
1,1,4.553,0,0,-0.13125,0.5,-0.5,0.5,0.5,
1,1,4.555,0,0,-0.13125,0.5,-0.5,0.5,0.5,
1,1,4.557,0,0,-0.13125,0.5,-0.5,0.5,0.5,
1,1,4.559,0,0,-0.13125,0.5,-0.5,0.5,0.5,
1,1,4.561,0,0,-0.13125,0.5,-0.5,0.5,0.5,
1,1,4.563,0,0,-0.13125,0.5,-0.5,0.5,0.5,
1,1,4.565,0,0,-0.13125,0.5,-0.5,0.5,0.5,
1,1,4.567,0,0,-0.13125,0.5,-0.5,0.5,0.5,
1,1,4.569,0,0,-0.13125,0.5,-0.5,0.5,0.5,
1,1,4.571,0,0,-0.13125,0.5,-0.5,0.5,0.5,
1,1,4.573,0,0,-0.13125,0.5,-0.5,0.5,0.5,
1,1,4.575,0,0,-0.13125,0.5,-0.5,0.5,0.5,
1,1,4.577,0,0,-0.13125,0.5,-0.5,0.5,0.5,
1,1,4.579,0,0,-0.13125,0.5,-0.5,0.5,0.5,
1,1,4.581,0,0,-0.13125,0.5,-0.5,0.5,0.5,
1,1,4.583,0,0,-0.13125,0.5,-0.5,0.5,0.5,
1,1,4.585,0,0,-0.13125,0.5,-0.5,0.5,0.5,
1,1,4.587,0,0,-0.13125,0.5,-0.5,0.5,0.5,
1,1,4.589,0,0,-0.13125,0.5,-0.5,0.5,0.5,
1,1,4.591,0,0,-0.13125,0.5,-0.5,0.5,0.5,
1,1,4.593,0,0,-0.13125,0.5,-0.5,0.5,0.5,
1,1,4.595,0,0,-0.13125,0.5,-0.5,0.5,0.5,
1,1,4.597,0,0,-0.13125,0.5,-0.5,0.5,0.5,
1,1,4.599,0,0,-0.13125,0.5,-0.5,0.5,0.5,
1,1,4.601,0,0,-0.13125,0.5,-0.5,0.5,0.5,
1,1,4.603,0,0,-0.13125,0.5,-0.5,0.5,0.5,
1,1,4.605,0,0,-0.13125,0.5,-0.5,0.5,0.5,
1,1,4.607,0,0,-0.13125,0.5,-0.5,0.5,0.5,
1,1,4.609,0,0,-0.13125,0.5,-0.5,0.5,0.5,
1,1,4.611,0,0,-0.13125,0.5,-0.5,0.5,0.5,
1,1,4.613,0,0,-0.13125,0.5,-0.5,0.5,0.5,
1,1,4.615,0,0,-0.13125,0.5,-0.5,0.5,0.5,
1,1,4.617,0,0,-0.13125,0.5,-0.5,0.5,0.5,
1,1,4.619,0,0,-0.13125,0.5,-0.5,0.5,0.5,
1,1,4.621,0,0,-0.13125,0.5,-0.5,0.5,0.5,
1,1,4.623,0,0,-0.13125,0.5,-0.5,0.5,0.5,
1,1,4.625,0,0,-0.13125,0.5,-0.5,0.5,0.5,
1,1,4.627,0,0,-0.13125,0.5,-0.5,0.5,0.5,
1,1,4.629,0,0,-0.13125,0.5,-0.5,0.5,0.5,
1,1,4.631,0,0,-0.13125,0.5,-0.5,0.5,0.5,
1,1,4.633,0,0,-0.13125,0.5,-0.5,0.5,0.5,
1,1,4.635,0,0,-0.13125,0.5,-0.5,0.5,0.5,
1,1,4.637,0,0,-0.13125,0.5,-0.5,0.5,0.5,
1,1,4.639,0,0,-0.13125,0.5,-0.5,0.5,0.5,
1,1,4.641,0,0,-0.13125,0.5,-0.5,0.5,0.5,
1,1,4.643,0,0,-0.13125,0.5,-0.5,0.5,0.5,
1,1,4.645,0,0,-0.13125,0.5,-0.5,0.5,0.5,
1,1,4.647,0,0,-0.13125,0.5,-0.5,0.5,0.5,
1,1,4.649,0,0,-0.13125,0.5,-0.5,0.5,0.5,
1,1,4.651,0,0,-0.13125,0.5,-0.5,0.5,0.5,
1,1,4.653,0,0,-0.13125,0.5,-0.5,0.5,0.5,
1,1,4.655,0,0,-0.13125,0.5,-0.5,0.5,0.5,
1,1,4.657,0,0,-0.13125,0.5,-0.5,0.5,0.5,
1,1,4.659,0,0,-0.13125,0.5,-0.5,0.5,0.5,
1,1,4.661,0,0,-0.13125,0.5,-0.5,0.5,0.5,
1,1,4.663,0,0,-0.13125,0.5,-0.5,0.5,0.5,
1,1,4.665,0,0,-0.13125,0.5,-0.5,0.5,0.5,
1,1,4.667,0,0,-0.13125,0.5,-0.5,0.5,0.5,
1,1,4.669,0,0,-0.13125,0.5,-0.5,0.5,0.5,
1,1,4.671,0,0,-0.13125,0.5,-0.5,0.5,0.5,
1,1,4.673,0,0,-0.13125,0.5,-0.5,0.5,0.5,
1,1,4.675,0,0,-0.13125,0.5,-0.5,0.5,0.5,
1,1,4.677,0,0,-0.13125,0.5,-0.5,0.5,0.5,
1,1,4.679,0,0,-0.13125,0.5,-0.5,0.5,0.5,
1,1,4.681,0,0,-0.13125,0.5,-0.5,0.5,0.5,
1,1,4.683,0,0,-0.13125,0.5,-0.5,0.5,0.5,
1,1,4.685,0,0,-0.13125,0.5,-0.5,0.5,0.5,
1,1,4.687,0,0,-0.13125,0.5,-0.5,0.5,0.5,
1,1,4.689,0,0,-0.13125,0.5,-0.5,0.5,0.5,
1,1,4.691,0,0,-0.13125,0.5,-0.5,0.5,0.5,
1,1,4.693,0,0,-0.13125,0.5,-0.5,0.5,0.5,
1,1,4.695,0,0,-0.13125,0.5,-0.5,0.5,0.5,
1,1,4.697,0,0,-0.13125,0.5,-0.5,0.5,0.5,
1,1,4.699,0,0,-0.13125,0.5,-0.5,0.5,0.5,
1,1,4.701,0,0,-0.13125,0.5,-0.5,0.5,0.5,
1,1,4.703,0,0,-0.13125,0.5,-0.5,0.5,0.5,
1,1,4.705,0,0,-0.13125,0.5,-0.5,0.5,0.5,
1,1,4.707,0,0,-0.13125,0.5,-0.5,0.5,0.5,
1,1,4.709,0,0,-0.13125,0.5,-0.5,0.5,0.5,
1,1,4.711,0,0,-0.13125,0.5,-0.5,0.5,0.5,
1,1,4.713,0,0,-0.13125,0.5,-0.5,0.5,0.5,
1,1,4.715,0,0,-0.13125,0.5,-0.5,0.5,0.5,
1,1,4.717,0,0,-0.13125,0.5,-0.5,0.5,0.5,
1,1,4.719,0,0,-0.13125,0.5,-0.5,0.5,0.5,
1,1,4.721,0,0,-0.13125,0.5,-0.5,0.5,0.5,
1,1,4.723,0,0,-0.13125,0.5,-0.5,0.5,0.5,
1,1,4.725,0,0,-0.13125,0.5,-0.5,0.5,0.5,
1,1,4.727,0,0,-0.13125,0.5,-0.5,0.5,0.5,
1,1,4.729,0,0,-0.13125,0.5,-0.5,0.5,0.5,
1,1,4.731,0,0,-0.13125,0.5,-0.5,0.5,0.5,
1,1,4.733,0,0,-0.13125,0.5,-0.5,0.5,0.5,
1,1,4.735,0,0,-0.13125,0.5,-0.5,0.5,0.5,
1,1,4.737,0,0,-0.13125,0.5,-0.5,0.5,0.5,
1,1,4.739,0,0,-0.13125,0.5,-0.5,0.5,0.5,
1,1,4.741,0,0,-0.13125,0.5,-0.5,0.5,0.5,
1,1,4.743,0,0,-0.13125,0.5,-0.5,0.5,0.5,
1,1,4.745,0,0,-0.13125,0.5,-0.5,0.5,0.5,
1,1,4.747,0,0,-0.13125,0.5,-0.5,0.5,0.5,
1,1,4.749,0,0,-0.13125,0.5,-0.5,0.5,0.5,
1,1,4.751,0,0,-0.13125,0.5,-0.5,0.5,0.5,
1,1,4.753,0,0,-0.13125,0.5,-0.5,0.5,0.5,
1,1,4.755,0,0,-0.13125,0.5,-0.5,0.5,0.5,
1,1,4.757,0,0,-0.13125,0.5,-0.5,0.5,0.5,
1,1,4.759,0,0,-0.13125,0.5,-0.5,0.5,0.5,
1,1,4.761,0,0,-0.13125,0.5,-0.5,0.5,0.5,
1,1,4.763,0,0,-0.13125,0.5,-0.5,0.5,0.5,
1,1,4.765,0,0,-0.13125,0.5,-0.5,0.5,0.5,
1,1,4.767,0,0,-0.13125,0.5,-0.5,0.5,0.5,
1,1,4.769,0,0,-0.13125,0.5,-0.5,0.5,0.5,
1,1,4.771,0,0,-0.13125,0.5,-0.5,0.5,0.5,
1,1,4.773,0,0,-0.13125,0.5,-0.5,0.5,0.5,
1,1,4.775,0,0,-0.13125,0.5,-0.5,0.5,0.5,
1,1,4.777,0,0,-0.13125,0.5,-0.5,0.5,0.5,
1,1,4.779,0,0,-0.13125,0.5,-0.5,0.5,0.5,
1,1,4.781,0,0,-0.13125,0.5,-0.5,0.5,0.5,
1,1,4.783,0,0,-0.13125,0.5,-0.5,0.5,0.5,
1,1,4.785,0,0,-0.13125,0.5,-0.5,0.5,0.5,
1,1,4.787,0,0,-0.13125,0.5,-0.5,0.5,0.5,
1,1,4.789,0,0,-0.13125,0.5,-0.5,0.5,0.5,
1,1,4.791,0,0,-0.13125,0.5,-0.5,0.5,0.5,
1,1,4.793,0,0,-0.13125,0.5,-0.5,0.5,0.5,
1,1,4.795,0,0,-0.13125,0.5,-0.5,0.5,0.5,
1,1,4.797,0,0,-0.13125,0.5,-0.5,0.5,0.5,
1,1,4.799,0,0,-0.13125,0.5,-0.5,0.5,0.5,
1,1,4.801,0,0,-0.13125,0.5,-0.5,0.5,0.5,
1,1,4.803,0,0,-0.13125,0.5,-0.5,0.5,0.5,
1,1,4.805,0,0,-0.13125,0.5,-0.5,0.5,0.5,
1,1,4.807,0,0,-0.13125,0.5,-0.5,0.5,0.5,
1,1,4.809,0,0,-0.13125,0.5,-0.5,0.5,0.5,
1,1,4.811,0,0,-0.13125,0.5,-0.5,0.5,0.5,
1,1,4.813,0,0,-0.13125,0.5,-0.5,0.5,0.5,
1,1,4.815,0,0,-0.13125,0.5,-0.5,0.5,0.5,
1,1,4.817,0,0,-0.13125,0.5,-0.5,0.5,0.5,
1,1,4.819,0,0,-0.13125,0.5,-0.5,0.5,0.5,
1,1,4.821,0,0,-0.13125,0.5,-0.5,0.5,0.5,
1,1,4.823,0,0,-0.13125,0.5,-0.5,0.5,0.5,
1,1,4.825,0,0,-0.13125,0.5,-0.5,0.5,0.5,
1,1,4.827,0,0,-0.13125,0.5,-0.5,0.5,0.5,
1,1,4.829,0,0,-0.13125,0.5,-0.5,0.5,0.5,
1,1,4.831,0,0,-0.13125,0.5,-0.5,0.5,0.5,
1,1,4.833,0,0,-0.13125,0.5,-0.5,0.5,0.5,
1,1,4.835,0,0,-0.13125,0.5,-0.5,0.5,0.5,
1,1,4.837,0,0,-0.13125,0.5,-0.5,0.5,0.5,
1,1,4.839,0,0,-0.13125,0.5,-0.5,0.5,0.5,
1,1,4.841,0,0,-0.13125,0.5,-0.5,0.5,0.5,
1,1,4.843,0,0,-0.13125,0.5,-0.5,0.5,0.5,
1,1,4.845,0,0,-0.13125,0.5,-0.5,0.5,0.5,
1,1,4.847,0,0,-0.13125,0.5,-0.5,0.5,0.5,
1,1,4.849,0,0,-0.13125,0.5,-0.5,0.5,0.5,
1,1,4.851,0,0,-0.13125,0.5,-0.5,0.5,0.5,
1,1,4.853,0,0,-0.13125,0.5,-0.5,0.5,0.5,
1,1,4.855,0,0,-0.13125,0.5,-0.5,0.5,0.5,
1,1,4.857,0,0,-0.13125,0.5,-0.5,0.5,0.5,
1,1,4.859,0,0,-0.13125,0.5,-0.5,0.5,0.5,
1,1,4.861,0,0,-0.13125,0.5,-0.5,0.5,0.5,
1,1,4.863,0,0,-0.13125,0.5,-0.5,0.5,0.5,
1,1,4.865,0,0,-0.13125,0.5,-0.5,0.5,0.5,
1,1,4.867,0,0,-0.13125,0.5,-0.5,0.5,0.5,
1,1,4.869,0,0,-0.13125,0.5,-0.5,0.5,0.5,
1,1,4.871,0,0,-0.13125,0.5,-0.5,0.5,0.5,
1,1,4.873,0,0,-0.13125,0.5,-0.5,0.5,0.5,
1,1,4.875,0,0,-0.13125,0.5,-0.5,0.5,0.5,
1,1,4.877,0,0,-0.13125,0.5,-0.5,0.5,0.5,
1,1,4.879,0,0,-0.13125,0.5,-0.5,0.5,0.5,
1,1,4.881,0,0,-0.13125,0.5,-0.5,0.5,0.5,
1,1,4.883,0,0,-0.13125,0.5,-0.5,0.5,0.5,
1,1,4.885,0,0,-0.13125,0.5,-0.5,0.5,0.5,
1,1,4.887,0,0,-0.13125,0.5,-0.5,0.5,0.5,
1,1,4.889,0,0,-0.13125,0.5,-0.5,0.5,0.5,
1,1,4.891,0,0,-0.13125,0.5,-0.5,0.5,0.5,
1,1,4.893,0,0,-0.13125,0.5,-0.5,0.5,0.5,
1,1,4.895,0,0,-0.13125,0.5,-0.5,0.5,0.5,
1,1,4.897,0,0,-0.13125,0.5,-0.5,0.5,0.5,
1,1,4.899,0,0,-0.13125,0.5,-0.5,0.5,0.5,
1,1,4.901,0,0,-0.13125,0.5,-0.5,0.5,0.5,
1,1,4.903,0,0,-0.13125,0.5,-0.5,0.5,0.5,
1,1,4.905,0,0,-0.13125,0.5,-0.5,0.5,0.5,
1,1,4.907,0,0,-0.13125,0.5,-0.5,0.5,0.5,
1,1,4.909,0,0,-0.13125,0.5,-0.5,0.5,0.5,
1,1,4.911,0,0,-0.13125,0.5,-0.5,0.5,0.5,
1,1,4.913,0,0,-0.13125,0.5,-0.5,0.5,0.5,
1,1,4.915,0,0,-0.13125,0.5,-0.5,0.5,0.5,
1,1,4.917,0,0,-0.13125,0.5,-0.5,0.5,0.5,
1,1,4.919,0,0,-0.13125,0.5,-0.5,0.5,0.5,
1,1,4.921,0,0,-0.13125,0.5,-0.5,0.5,0.5,
1,1,4.923,0,0,-0.13125,0.5,-0.5,0.5,0.5,
1,1,4.925,0,0,-0.13125,0.5,-0.5,0.5,0.5,
1,1,4.927,0,0,-0.13125,0.5,-0.5,0.5,0.5,
1,1,4.929,0,0,-0.13125,0.5,-0.5,0.5,0.5,
1,1,4.931,0,0,-0.13125,0.5,-0.5,0.5,0.5,
1,1,4.933,0,0,-0.13125,0.5,-0.5,0.5,0.5,
1,1,4.935,0,0,-0.13125,0.5,-0.5,0.5,0.5,
1,1,4.937,0,0,-0.13125,0.5,-0.5,0.5,0.5,
1,1,4.939,0,0,-0.13125,0.5,-0.5,0.5,0.5,
1,1,4.941,0,0,-0.13125,0.5,-0.5,0.5,0.5,
1,1,4.943,0,0,-0.13125,0.5,-0.5,0.5,0.5,
1,1,4.945,0,0,-0.13125,0.5,-0.5,0.5,0.5,
1,1,4.947,0,0,-0.13125,0.5,-0.5,0.5,0.5,
1,1,4.949,0,0,-0.13125,0.5,-0.5,0.5,0.5,
1,1,4.951,0,0,-0.13125,0.5,-0.5,0.5,0.5,
1,1,4.953,0,0,-0.13125,0.5,-0.5,0.5,0.5,
1,1,4.955,0,0,-0.13125,0.5,-0.5,0.5,0.5,
1,1,4.957,0,0,-0.13125,0.5,-0.5,0.5,0.5,
1,1,4.959,0,0,-0.13125,0.5,-0.5,0.5,0.5,
1,1,4.961,0,0,-0.13125,0.5,-0.5,0.5,0.5,
1,1,4.963,0,0,-0.13125,0.5,-0.5,0.5,0.5,
1,1,4.965,0,0,-0.13125,0.5,-0.5,0.5,0.5,
1,1,4.967,0,0,-0.13125,0.5,-0.5,0.5,0.5,
1,1,4.969,0,0,-0.13125,0.5,-0.5,0.5,0.5,
1,1,4.971,0,0,-0.13125,0.5,-0.5,0.5,0.5,
1,1,4.973,0,0,-0.13125,0.5,-0.5,0.5,0.5,
1,1,4.975,0,0,-0.13125,0.5,-0.5,0.5,0.5,
1,1,4.977,0,0,-0.13125,0.5,-0.5,0.5,0.5,
1,1,4.979,0,0,-0.13125,0.5,-0.5,0.5,0.5,
1,1,4.981,0,0,-0.13125,0.5,-0.5,0.5,0.5,
1,1,4.983,0,0,-0.13125,0.5,-0.5,0.5,0.5,
1,1,4.985,0,0,-0.13125,0.5,-0.5,0.5,0.5,
1,1,4.987,0,0,-0.13125,0.5,-0.5,0.5,0.5,
1,1,4.989,0,0,-0.13125,0.5,-0.5,0.5,0.5,
1,1,4.991,0,0,-0.13125,0.5,-0.5,0.5,0.5,
1,1,4.993,0,0,-0.13125,0.5,-0.5,0.5,0.5,
1,1,4.995,0,0,-0.13125,0.5,-0.5,0.5,0.5,
1,1,4.997,0,0,-0.13125,0.5,-0.5,0.5,0.5,
1,1,4.999,0,0,-0.13125,0.5,-0.5,0.5,0.5,
1,1,5.001,0,0,-0.13125,0.5,-0.5,0.5,0.5,
1,1,5.003,0,0,-0.13125,0.5,-0.5,0.5,0.5,
1,1,5.005,0,0,-0.13125,0.5,-0.5,0.5,0.5,
1,1,5.007,0,0,-0.13125,0.5,-0.5,0.5,0.5,
1,1,5.009,0,0,-0.13125,0.5,-0.5,0.5,0.5,
1,1,5.011,0,0,-0.13125,0.5,-0.5,0.5,0.5,
1,1,5.013,0,0,-0.13125,0.5,-0.5,0.5,0.5,
1,1,5.015,0,0,-0.13125,0.5,-0.5,0.5,0.5,
1,1,5.017,0,0,-0.13125,0.5,-0.5,0.5,0.5,
1,1,5.019,0,0,-0.13125,0.5,-0.5,0.5,0.5,
1,1,5.021,0,0,-0.13125,0.5,-0.5,0.5,0.5,
1,1,5.023,0,0,-0.13125,0.5,-0.5,0.5,0.5,
1,1,5.025,0,0,-0.13125,0.5,-0.5,0.5,0.5,
1,1,5.027,0,0,-0.13125,0.5,-0.5,0.5,0.5,
1,1,5.029,0,0,-0.13125,0.5,-0.5,0.5,0.5,
1,1,5.031,0,0,-0.13125,0.5,-0.5,0.5,0.5,
1,1,5.033,0,0,-0.13125,0.5,-0.5,0.5,0.5,
1,1,5.035,0,0,-0.13125,0.5,-0.5,0.5,0.5,
1,1,5.037,0,0,-0.13125,0.5,-0.5,0.5,0.5,
1,1,5.039,0,0,-0.13125,0.5,-0.5,0.5,0.5,
1,1,5.041,0,0,-0.13125,0.5,-0.5,0.5,0.5,
1,1,5.043,0,0,-0.13125,0.5,-0.5,0.5,0.5,
1,1,5.045,0,0,-0.13125,0.5,-0.5,0.5,0.5,
1,1,5.047,0,0,-0.13125,0.5,-0.5,0.5,0.5,
1,1,5.049,0,0,-0.13125,0.5,-0.5,0.5,0.5,
1,1,5.051,0,0,-0.13125,0.5,-0.5,0.5,0.5,
1,1,5.053,0,0,-0.13125,0.5,-0.5,0.5,0.5,
1,1,5.055,0,0,-0.13125,0.5,-0.5,0.5,0.5,
1,1,5.057,0,0,-0.13125,0.5,-0.5,0.5,0.5,
1,1,5.059,0,0,-0.13125,0.5,-0.5,0.5,0.5,
1,1,5.061,0,0,-0.13125,0.5,-0.5,0.5,0.5,
1,1,5.063,0,0,-0.13125,0.5,-0.5,0.5,0.5,
1,1,5.065,0,0,-0.13125,0.5,-0.5,0.5,0.5,
1,1,5.067,0,0,-0.13125,0.5,-0.5,0.5,0.5,
1,1,5.069,0,0,-0.13125,0.5,-0.5,0.5,0.5,
1,1,5.071,0,0,-0.13125,0.5,-0.5,0.5,0.5,
1,1,5.073,0,0,-0.13125,0.5,-0.5,0.5,0.5,
1,1,5.075,0,0,-0.13125,0.5,-0.5,0.5,0.5,
1,1,5.077,0,0,-0.13125,0.5,-0.5,0.5,0.5,
1,1,5.079,0,0,-0.13125,0.5,-0.5,0.5,0.5,
1,1,5.081,0,0,-0.13125,0.5,-0.5,0.5,0.5,
1,1,5.083,0,0,-0.13125,0.5,-0.5,0.5,0.5,
1,1,5.085,0,0,-0.13125,0.5,-0.5,0.5,0.5,
1,1,5.087,0,0,-0.13125,0.5,-0.5,0.5,0.5,
1,1,5.089,0,0,-0.13125,0.5,-0.5,0.5,0.5,
1,1,5.091,0,0,-0.13125,0.5,-0.5,0.5,0.5,
1,1,5.093,0,0,-0.13125,0.5,-0.5,0.5,0.5,
1,1,5.095,0,0,-0.13125,0.5,-0.5,0.5,0.5,
1,1,5.097,0,0,-0.13125,0.5,-0.5,0.5,0.5,
1,1,5.099,0,0,-0.13125,0.5,-0.5,0.5,0.5,
1,1,5.101,0,0,-0.13125,0.5,-0.5,0.5,0.5,
1,1,5.103,0,0,-0.13125,0.5,-0.5,0.5,0.5,
1,1,5.105,0,0,-0.13125,0.5,-0.5,0.5,0.5,
1,1,5.107,0,0,-0.13125,0.5,-0.5,0.5,0.5,
1,1,5.109,0,0,-0.13125,0.5,-0.5,0.5,0.5,
1,1,5.111,0,0,-0.13125,0.5,-0.5,0.5,0.5,
1,1,5.113,0,0,-0.13125,0.5,-0.5,0.5,0.5,
1,1,5.115,0,0,-0.13125,0.5,-0.5,0.5,0.5,
1,1,5.117,0,0,-0.13125,0.5,-0.5,0.5,0.5,
1,1,5.119,0,0,-0.13125,0.5,-0.5,0.5,0.5,
1,1,5.121,0,0,-0.13125,0.5,-0.5,0.5,0.5,
1,1,5.123,0,0,-0.13125,0.5,-0.5,0.5,0.5,
1,1,5.125,0,0,-0.13125,0.5,-0.5,0.5,0.5,
1,1,5.127,0,0,-0.13125,0.5,-0.5,0.5,0.5,
1,1,5.129,0,0,-0.13125,0.5,-0.5,0.5,0.5,
1,1,5.131,0,0,-0.13125,0.5,-0.5,0.5,0.5,
1,1,5.133,0,0,-0.13125,0.5,-0.5,0.5,0.5,
1,1,5.135,0,0,-0.13125,0.5,-0.5,0.5,0.5,
1,1,5.137,0,0,-0.13125,0.5,-0.5,0.5,0.5,
1,1,5.139,0,0,-0.13125,0.5,-0.5,0.5,0.5,
1,1,5.141,0,0,-0.13125,0.5,-0.5,0.5,0.5,
1,1,5.143,0,0,-0.13125,0.5,-0.5,0.5,0.5,
1,1,5.145,0,0,-0.13125,0.5,-0.5,0.5,0.5,
1,1,5.147,0,0,-0.13125,0.5,-0.5,0.5,0.5,
1,1,5.149,0,0,-0.13125,0.5,-0.5,0.5,0.5,
1,1,5.151,0,0,-0.13125,0.5,-0.5,0.5,0.5,
1,1,5.153,0,0,-0.13125,0.5,-0.5,0.5,0.5,
1,1,5.155,0,0,-0.13125,0.5,-0.5,0.5,0.5,
1,1,5.157,0,0,-0.13125,0.5,-0.5,0.5,0.5,
1,1,5.159,0,0,-0.13125,0.5,-0.5,0.5,0.5,
1,1,5.161,0,0,-0.13125,0.5,-0.5,0.5,0.5,
1,1,5.163,0,0,-0.13125,0.5,-0.5,0.5,0.5,
1,1,5.165,0,0,-0.13125,0.5,-0.5,0.5,0.5,
1,1,5.167,0,0,-0.13125,0.5,-0.5,0.5,0.5,
1,1,5.169,0,0,-0.13125,0.5,-0.5,0.5,0.5,
1,1,5.171,0,0,-0.13125,0.5,-0.5,0.5,0.5,
1,1,5.173,0,0,-0.13125,0.5,-0.5,0.5,0.5,
1,1,5.175,0,0,-0.13125,0.5,-0.5,0.5,0.5,
1,1,5.177,0,0,-0.13125,0.5,-0.5,0.5,0.5,
1,1,5.179,0,0,-0.13125,0.5,-0.5,0.5,0.5,
1,1,5.181,0,0,-0.13125,0.5,-0.5,0.5,0.5,
1,1,5.183,0,0,-0.13125,0.5,-0.5,0.5,0.5,
1,1,5.185,0,0,-0.13125,0.5,-0.5,0.5,0.5,
1,1,5.187,0,0,-0.13125,0.5,-0.5,0.5,0.5,
1,1,5.189,0,0,-0.13125,0.5,-0.5,0.5,0.5,
1,1,5.191,0,0,-0.13125,0.5,-0.5,0.5,0.5,
1,1,5.193,0,0,-0.13125,0.5,-0.5,0.5,0.5,
1,1,5.195,0,0,-0.13125,0.5,-0.5,0.5,0.5,
1,1,5.197,0,0,-0.13125,0.5,-0.5,0.5,0.5,
1,1,5.199,0,0,-0.13125,0.5,-0.5,0.5,0.5,
1,1,5.201,0,0,-0.13125,0.5,-0.5,0.5,0.5,
1,1,5.203,0,0,-0.13125,0.5,-0.5,0.5,0.5,
1,1,5.205,0,0,-0.13125,0.5,-0.5,0.5,0.5,
1,1,5.207,0,0,-0.13125,0.5,-0.5,0.5,0.5,
1,1,5.209,0,0,-0.13125,0.5,-0.5,0.5,0.5,
1,1,5.211,0,0,-0.13125,0.5,-0.5,0.5,0.5,
1,1,5.213,0,0,-0.13125,0.5,-0.5,0.5,0.5,
1,1,5.215,0,0,-0.13125,0.5,-0.5,0.5,0.5,
1,1,5.217,0,0,-0.13125,0.5,-0.5,0.5,0.5,
1,1,5.219,0,0,-0.13125,0.5,-0.5,0.5,0.5,
1,1,5.221,0,0,-0.13125,0.5,-0.5,0.5,0.5,
1,1,5.223,0,0,-0.13125,0.5,-0.5,0.5,0.5,
1,1,5.225,0,0,-0.13125,0.5,-0.5,0.5,0.5,
1,1,5.227,0,0,-0.13125,0.5,-0.5,0.5,0.5,
1,1,5.229,0,0,-0.13125,0.5,-0.5,0.5,0.5,
1,1,5.231,0,0,-0.13125,0.5,-0.5,0.5,0.5,
1,1,5.233,0,0,-0.13125,0.5,-0.5,0.5,0.5,
1,1,5.235,0,0,-0.13125,0.5,-0.5,0.5,0.5,
1,1,5.237,0,0,-0.13125,0.5,-0.5,0.5,0.5,
1,1,5.239,0,0,-0.13125,0.5,-0.5,0.5,0.5,
1,1,5.241,0,0,-0.13125,0.5,-0.5,0.5,0.5,
1,1,5.243,0,0,-0.13125,0.5,-0.5,0.5,0.5,
1,1,5.245,0,0,-0.13125,0.5,-0.5,0.5,0.5,
1,1,5.247,0,0,-0.13125,0.5,-0.5,0.5,0.5,
1,1,5.249,0,0,-0.13125,0.5,-0.5,0.5,0.5,
1,1,5.251,0,0,-0.13125,0.5,-0.5,0.5,0.5,
1,1,5.253,0,0,-0.13125,0.5,-0.5,0.5,0.5,
1,1,5.255,0,0,-0.13125,0.5,-0.5,0.5,0.5,
1,1,5.257,0,0,-0.13125,0.5,-0.5,0.5,0.5,
1,1,5.259,0,0,-0.13125,0.5,-0.5,0.5,0.5,
1,1,5.261,0,0,-0.13125,0.5,-0.5,0.5,0.5,
1,1,5.263,0,0,-0.13125,0.5,-0.5,0.5,0.5,
1,1,5.265,0,0,-0.13125,0.5,-0.5,0.5,0.5,
1,1,5.267,0,0,-0.13125,0.5,-0.5,0.5,0.5,
1,1,5.269,0,0,-0.13125,0.5,-0.5,0.5,0.5,
1,1,5.271,0,0,-0.13125,0.5,-0.5,0.5,0.5,
1,1,5.273,0,0,-0.13125,0.5,-0.5,0.5,0.5,
1,1,5.275,0,0,-0.13125,0.5,-0.5,0.5,0.5,
1,1,5.277,0,0,-0.13125,0.5,-0.5,0.5,0.5,
1,1,5.279,0,0,-0.13125,0.5,-0.5,0.5,0.5,
1,1,5.281,0,0,-0.13125,0.5,-0.5,0.5,0.5,
1,1,5.283,0,0,-0.13125,0.5,-0.5,0.5,0.5,
1,1,5.285,0,0,-0.13125,0.5,-0.5,0.5,0.5,
1,1,5.287,0,0,-0.13125,0.5,-0.5,0.5,0.5,
1,1,5.289,0,0,-0.13125,0.5,-0.5,0.5,0.5,
1,1,5.291,0,0,-0.13125,0.5,-0.5,0.5,0.5,
1,1,5.293,0,0,-0.13125,0.5,-0.5,0.5,0.5,
1,1,5.295,0,0,-0.13125,0.5,-0.5,0.5,0.5,
1,1,5.297,0,0,-0.13125,0.5,-0.5,0.5,0.5,
1,1,5.299,0,0,-0.13125,0.5,-0.5,0.5,0.5,
1,1,5.301,0,0,-0.13125,0.5,-0.5,0.5,0.5,
1,1,5.303,0,0,-0.13125,0.5,-0.5,0.5,0.5,
1,1,5.305,0,0,-0.13125,0.5,-0.5,0.5,0.5,
1,1,5.307,0,0,-0.13125,0.5,-0.5,0.5,0.5,
1,1,5.309,0,0,-0.13125,0.5,-0.5,0.5,0.5,
1,1,5.311,0,0,-0.13125,0.5,-0.5,0.5,0.5,
1,1,5.313,0,0,-0.13125,0.5,-0.5,0.5,0.5,
1,1,5.315,0,0,-0.13125,0.5,-0.5,0.5,0.5,
1,1,5.317,0,0,-0.13125,0.5,-0.5,0.5,0.5,
1,1,5.319,0,0,-0.13125,0.5,-0.5,0.5,0.5,
1,1,5.321,0,0,-0.13125,0.5,-0.5,0.5,0.5,
1,1,5.323,0,0,-0.13125,0.5,-0.5,0.5,0.5,
1,1,5.325,0,0,-0.13125,0.5,-0.5,0.5,0.5,
1,1,5.327,0,0,-0.13125,0.5,-0.5,0.5,0.5,
1,1,5.329,0,0,-0.13125,0.5,-0.5,0.5,0.5,
1,1,5.331,0,0,-0.13125,0.5,-0.5,0.5,0.5,
1,1,5.333,0,0,-0.13125,0.5,-0.5,0.5,0.5,
1,1,5.335,0,0,-0.13125,0.5,-0.5,0.5,0.5,
1,1,5.337,0,0,-0.13125,0.5,-0.5,0.5,0.5,
1,1,5.339,0,0,-0.13125,0.5,-0.5,0.5,0.5,
1,1,5.341,0,0,-0.13125,0.5,-0.5,0.5,0.5,
1,1,5.343,0,0,-0.13125,0.5,-0.5,0.5,0.5,
1,1,5.345,0,0,-0.13125,0.5,-0.5,0.5,0.5,
1,1,5.347,0,0,-0.13125,0.5,-0.5,0.5,0.5,
1,1,5.349,0,0,-0.13125,0.5,-0.5,0.5,0.5,
1,1,5.351,0,0,-0.13125,0.5,-0.5,0.5,0.5,
1,1,5.353,0,0,-0.13125,0.5,-0.5,0.5,0.5,
1,1,5.355,0,0,-0.13125,0.5,-0.5,0.5,0.5,
1,1,5.357,0,0,-0.13125,0.5,-0.5,0.5,0.5,
1,1,5.359,0,0,-0.13125,0.5,-0.5,0.5,0.5,
1,1,5.361,0,0,-0.13125,0.5,-0.5,0.5,0.5,
1,1,5.363,0,0,-0.13125,0.5,-0.5,0.5,0.5,
1,1,5.365,0,0,-0.13125,0.5,-0.5,0.5,0.5,
1,1,5.367,0,0,-0.13125,0.5,-0.5,0.5,0.5,
1,1,5.369,0,0,-0.13125,0.5,-0.5,0.5,0.5,
1,1,5.371,0,0,-0.13125,0.5,-0.5,0.5,0.5,
1,1,5.373,0,0,-0.13125,0.5,-0.5,0.5,0.5,
1,1,5.375,0,0,-0.13125,0.5,-0.5,0.5,0.5,
1,1,5.377,0,0,-0.13125,0.5,-0.5,0.5,0.5,
1,1,5.379,0,0,-0.13125,0.5,-0.5,0.5,0.5,
1,1,5.381,0,0,-0.13125,0.5,-0.5,0.5,0.5,
1,1,5.383,0,0,-0.13125,0.5,-0.5,0.5,0.5,
1,1,5.385,0,0,-0.13125,0.5,-0.5,0.5,0.5,
1,1,5.387,0,0,-0.13125,0.5,-0.5,0.5,0.5,
1,1,5.389,0,0,-0.13125,0.5,-0.5,0.5,0.5,
1,1,5.391,0,0,-0.13125,0.5,-0.5,0.5,0.5,
1,1,5.393,0,0,-0.13125,0.5,-0.5,0.5,0.5,
1,1,5.395,0,0,-0.13125,0.5,-0.5,0.5,0.5,
1,1,5.397,0,0,-0.13125,0.5,-0.5,0.5,0.5,
1,1,5.399,0,0,-0.13125,0.5,-0.5,0.5,0.5,
1,1,5.401,0,0,-0.13125,0.5,-0.5,0.5,0.5,
1,1,5.403,0,0,-0.13125,0.5,-0.5,0.5,0.5,
1,1,5.405,0,0,-0.13125,0.5,-0.5,0.5,0.5,
1,1,5.407,0,0,-0.13125,0.5,-0.5,0.5,0.5,
1,1,5.409,0,0,-0.13125,0.5,-0.5,0.5,0.5,
1,1,5.411,0,0,-0.13125,0.5,-0.5,0.5,0.5,
1,1,5.413,0,0,-0.13125,0.5,-0.5,0.5,0.5,
1,1,5.415,0,0,-0.13125,0.5,-0.5,0.5,0.5,
1,1,5.417,0,0,-0.13125,0.5,-0.5,0.5,0.5,
1,1,5.419,0,0,-0.13125,0.5,-0.5,0.5,0.5,
1,1,5.421,0,0,-0.13125,0.5,-0.5,0.5,0.5,
1,1,5.423,0,0,-0.13125,0.5,-0.5,0.5,0.5,
1,1,5.425,0,0,-0.13125,0.5,-0.5,0.5,0.5,
1,1,5.427,0,0,-0.13125,0.5,-0.5,0.5,0.5,
1,1,5.429,0,0,-0.13125,0.5,-0.5,0.5,0.5,
1,1,5.431,0,0,-0.13125,0.5,-0.5,0.5,0.5,
1,1,5.433,0,0,-0.13125,0.5,-0.5,0.5,0.5,
1,1,5.435,0,0,-0.13125,0.5,-0.5,0.5,0.5,
1,1,5.437,0,0,-0.13125,0.5,-0.5,0.5,0.5,
1,1,5.439,0,0,-0.13125,0.5,-0.5,0.5,0.5,
1,1,5.441,0,0,-0.13125,0.5,-0.5,0.5,0.5,
1,1,5.443,0,0,-0.13125,0.5,-0.5,0.5,0.5,
1,1,5.445,0,0,-0.13125,0.5,-0.5,0.5,0.5,
1,1,5.447,0,0,-0.13125,0.5,-0.5,0.5,0.5,
1,1,5.449,0,0,-0.13125,0.5,-0.5,0.5,0.5,
1,1,5.451,0,0,-0.13125,0.5,-0.5,0.5,0.5,
1,1,5.453,0,0,-0.13125,0.5,-0.5,0.5,0.5,
1,1,5.455,0,0,-0.13125,0.5,-0.5,0.5,0.5,
1,1,5.457,0,0,-0.13125,0.5,-0.5,0.5,0.5,
1,1,5.459,0,0,-0.13125,0.5,-0.5,0.5,0.5,
1,1,5.461,0,0,-0.13125,0.5,-0.5,0.5,0.5,
1,1,5.463,0,0,-0.13125,0.5,-0.5,0.5,0.5,
1,1,5.465,0,0,-0.13125,0.5,-0.5,0.5,0.5,
1,1,5.467,0,0,-0.13125,0.5,-0.5,0.5,0.5,
1,1,5.469,0,0,-0.13125,0.5,-0.5,0.5,0.5,
1,1,5.471,0,0,-0.13125,0.5,-0.5,0.5,0.5,
1,1,5.473,0,0,-0.13125,0.5,-0.5,0.5,0.5,
1,1,5.475,0,0,-0.13125,0.5,-0.5,0.5,0.5,
1,1,5.477,0,0,-0.13125,0.5,-0.5,0.5,0.5,
1,1,5.479,0,0,-0.13125,0.5,-0.5,0.5,0.5,
1,1,5.481,0,0,-0.13125,0.5,-0.5,0.5,0.5,
1,1,5.483,0,0,-0.13125,0.5,-0.5,0.5,0.5,
1,1,5.485,0,0,-0.13125,0.5,-0.5,0.5,0.5,
1,1,5.487,0,0,-0.13125,0.5,-0.5,0.5,0.5,
1,1,5.489,0,0,-0.13125,0.5,-0.5,0.5,0.5,
1,1,5.491,0,0,-0.13125,0.5,-0.5,0.5,0.5,
1,1,5.493,0,0,-0.13125,0.5,-0.5,0.5,0.5,
1,1,5.495,0,0,-0.13125,0.5,-0.5,0.5,0.5,
1,1,5.497,0,0,-0.13125,0.5,-0.5,0.5,0.5,
1,1,5.499,0,0,-0.13125,0.5,-0.5,0.5,0.5,
1,1,5.501,0,0,-0.13125,0.5,-0.5,0.5,0.5,
1,1,5.503,0,0,-0.13125,0.5,-0.5,0.5,0.5,
1,1,5.505,0,0,-0.13125,0.5,-0.5,0.5,0.5,
1,1,5.507,0,0,-0.13125,0.5,-0.5,0.5,0.5,
1,1,5.509,0,0,-0.13125,0.5,-0.5,0.5,0.5,
1,1,5.511,0,0,-0.13125,0.5,-0.5,0.5,0.5,
1,1,5.513,0,0,-0.13125,0.5,-0.5,0.5,0.5,
1,1,5.515,0,0,-0.13125,0.5,-0.5,0.5,0.5,
1,1,5.517,0,0,-0.13125,0.5,-0.5,0.5,0.5,
1,1,5.519,0,0,-0.13125,0.5,-0.5,0.5,0.5,
1,1,5.521,0,0,-0.13125,0.5,-0.5,0.5,0.5,
1,1,5.523,0,0,-0.13125,0.5,-0.5,0.5,0.5,
1,1,5.525,0,0,-0.13125,0.5,-0.5,0.5,0.5,
1,1,5.527,0,0,-0.13125,0.5,-0.5,0.5,0.5,
1,1,5.529,0,0,-0.13125,0.5,-0.5,0.5,0.5,
1,1,5.531,0,0,-0.13125,0.5,-0.5,0.5,0.5,
1,1,5.533,0,0,-0.13125,0.5,-0.5,0.5,0.5,
1,1,5.535,0,0,-0.13125,0.5,-0.5,0.5,0.5,
1,1,5.537,0,0,-0.13125,0.5,-0.5,0.5,0.5,
1,1,5.539,0,0,-0.13125,0.5,-0.5,0.5,0.5,
1,1,5.541,0,0,-0.13125,0.5,-0.5,0.5,0.5,
1,1,5.543,0,0,-0.13125,0.5,-0.5,0.5,0.5,
1,1,5.545,0,0,-0.13125,0.5,-0.5,0.5,0.5,
1,1,5.547,0,0,-0.13125,0.5,-0.5,0.5,0.5,
1,1,5.549,0,0,-0.13125,0.5,-0.5,0.5,0.5,
1,1,5.551,0,0,-0.13125,0.5,-0.5,0.5,0.5,
1,1,5.553,0,0,-0.13125,0.5,-0.5,0.5,0.5,
1,1,5.555,0,0,-0.13125,0.5,-0.5,0.5,0.5,
1,1,5.557,0,0,-0.13125,0.5,-0.5,0.5,0.5,
1,1,5.559,0,0,-0.13125,0.5,-0.5,0.5,0.5,
1,1,5.561,0,0,-0.13125,0.5,-0.5,0.5,0.5,
1,1,5.563,0,0,-0.13125,0.5,-0.5,0.5,0.5,
1,1,5.565,0,0,-0.13125,0.5,-0.5,0.5,0.5,
1,1,5.567,0,0,-0.13125,0.5,-0.5,0.5,0.5,
1,1,5.569,0,0,-0.13125,0.5,-0.5,0.5,0.5,
1,1,5.571,0,0,-0.13125,0.5,-0.5,0.5,0.5,
1,1,5.573,0,0,-0.13125,0.5,-0.5,0.5,0.5,
1,1,5.575,0,0,-0.13125,0.5,-0.5,0.5,0.5,
1,1,5.577,0,0,-0.13125,0.5,-0.5,0.5,0.5,
1,1,5.579,0,0,-0.13125,0.5,-0.5,0.5,0.5,
1,1,5.581,0,0,-0.13125,0.5,-0.5,0.5,0.5,
1,1,5.583,0,0,-0.13125,0.5,-0.5,0.5,0.5,
1,1,5.585,0,0,-0.13125,0.5,-0.5,0.5,0.5,
1,1,5.587,0,0,-0.13125,0.5,-0.5,0.5,0.5,
1,1,5.589,0,0,-0.13125,0.5,-0.5,0.5,0.5,
1,1,5.591,0,0,-0.13125,0.5,-0.5,0.5,0.5,
1,1,5.593,0,0,-0.13125,0.5,-0.5,0.5,0.5,
1,1,5.595,0,0,-0.13125,0.5,-0.5,0.5,0.5,
1,1,5.597,0,0,-0.13125,0.5,-0.5,0.5,0.5,
1,1,5.599,0,0,-0.13125,0.5,-0.5,0.5,0.5,
1,1,5.601,0,0,-0.13125,0.5,-0.5,0.5,0.5,
1,1,5.603,0,0,-0.13125,0.5,-0.5,0.5,0.5,
1,1,5.605,0,0,-0.13125,0.5,-0.5,0.5,0.5,
1,1,5.607,0,0,-0.13125,0.5,-0.5,0.5,0.5,
1,1,5.609,0,0,-0.13125,0.5,-0.5,0.5,0.5,
1,1,5.611,0,0,-0.13125,0.5,-0.5,0.5,0.5,
1,1,5.613,0,0,-0.13125,0.5,-0.5,0.5,0.5,
1,1,5.615,0,0,-0.13125,0.5,-0.5,0.5,0.5,
1,1,5.617,0,0,-0.13125,0.5,-0.5,0.5,0.5,
1,1,5.619,0,0,-0.13125,0.5,-0.5,0.5,0.5,
1,1,5.621,0,0,-0.13125,0.5,-0.5,0.5,0.5,
1,1,5.623,0,0,-0.13125,0.5,-0.5,0.5,0.5,
1,1,5.625,0,0,-0.13125,0.5,-0.5,0.5,0.5,
1,1,5.627,0,0,-0.13125,0.5,-0.5,0.5,0.5,
1,1,5.629,0,0,-0.13125,0.5,-0.5,0.5,0.5,
1,1,5.631,0,0,-0.13125,0.5,-0.5,0.5,0.5,
1,1,5.633,0,0,-0.13125,0.5,-0.5,0.5,0.5,
1,1,5.635,0,0,-0.13125,0.5,-0.5,0.5,0.5,
1,1,5.637,0,0,-0.13125,0.5,-0.5,0.5,0.5,
1,1,5.639,0,0,-0.13125,0.5,-0.5,0.5,0.5,
1,1,5.641,0,0,-0.13125,0.5,-0.5,0.5,0.5,
1,1,5.643,0,0,-0.13125,0.5,-0.5,0.5,0.5,
1,1,5.645,0,0,-0.13125,0.5,-0.5,0.5,0.5,
1,1,5.647,0,0,-0.13125,0.5,-0.5,0.5,0.5,
1,1,5.649,0,0,-0.13125,0.5,-0.5,0.5,0.5,
1,1,5.651,0,0,-0.13125,0.5,-0.5,0.5,0.5,
1,1,5.653,0,0,-0.13125,0.5,-0.5,0.5,0.5,
1,1,5.655,0,0,-0.13125,0.5,-0.5,0.5,0.5,
1,1,5.657,0,0,-0.13125,0.5,-0.5,0.5,0.5,
1,1,5.659,0,0,-0.13125,0.5,-0.5,0.5,0.5,
1,1,5.661,0,0,-0.13125,0.5,-0.5,0.5,0.5,
1,1,5.663,0,0,-0.13125,0.5,-0.5,0.5,0.5,
1,1,5.665,0,0,-0.13125,0.5,-0.5,0.5,0.5,
1,1,5.667,0,0,-0.13125,0.5,-0.5,0.5,0.5,
1,1,5.669,0,0,-0.13125,0.5,-0.5,0.5,0.5,
1,1,5.671,0,0,-0.13125,0.5,-0.5,0.5,0.5,
1,1,5.673,0,0,-0.13125,0.5,-0.5,0.5,0.5,
1,1,5.675,0,0,-0.13125,0.5,-0.5,0.5,0.5,
1,1,5.677,0,0,-0.13125,0.5,-0.5,0.5,0.5,
1,1,5.679,0,0,-0.13125,0.5,-0.5,0.5,0.5,
1,1,5.681,0,0,-0.13125,0.5,-0.5,0.5,0.5,
1,1,5.683,0,0,-0.13125,0.5,-0.5,0.5,0.5,
1,1,5.685,0,0,-0.13125,0.5,-0.5,0.5,0.5,
1,1,5.687,0,0,-0.13125,0.5,-0.5,0.5,0.5,
1,1,5.689,0,0,-0.13125,0.5,-0.5,0.5,0.5,
1,1,5.691,0,0,-0.13125,0.5,-0.5,0.5,0.5,
1,1,5.693,0,0,-0.13125,0.5,-0.5,0.5,0.5,
1,1,5.695,0,0,-0.13125,0.5,-0.5,0.5,0.5,
1,1,5.697,0,0,-0.13125,0.5,-0.5,0.5,0.5,
1,1,5.699,0,0,-0.13125,0.5,-0.5,0.5,0.5,
1,1,5.701,0,0,-0.13125,0.5,-0.5,0.5,0.5,
1,1,5.703,0,0,-0.13125,0.5,-0.5,0.5,0.5,
1,1,5.705,0,0,-0.13125,0.5,-0.5,0.5,0.5,
1,1,5.707,0,0,-0.13125,0.5,-0.5,0.5,0.5,
1,1,5.709,0,0,-0.13125,0.5,-0.5,0.5,0.5,
1,1,5.711,0,0,-0.13125,0.5,-0.5,0.5,0.5,
1,1,5.713,0,0,-0.13125,0.5,-0.5,0.5,0.5,
1,1,5.715,0,0,-0.13125,0.5,-0.5,0.5,0.5,
1,1,5.717,0,0,-0.13125,0.5,-0.5,0.5,0.5,
1,1,5.719,0,0,-0.13125,0.5,-0.5,0.5,0.5,
1,1,5.721,0,0,-0.13125,0.5,-0.5,0.5,0.5,
1,1,5.723,0,0,-0.13125,0.5,-0.5,0.5,0.5,
1,1,5.725,0,0,-0.13125,0.5,-0.5,0.5,0.5,
1,1,5.727,0,0,-0.13125,0.5,-0.5,0.5,0.5,
1,1,5.729,0,0,-0.13125,0.5,-0.5,0.5,0.5,
1,1,5.731,0,0,-0.13125,0.5,-0.5,0.5,0.5,
1,1,5.733,0,0,-0.13125,0.5,-0.5,0.5,0.5,
1,1,5.735,0,0,-0.13125,0.5,-0.5,0.5,0.5,
1,1,5.737,0,0,-0.13125,0.5,-0.5,0.5,0.5,
1,1,5.739,0,0,-0.13125,0.5,-0.5,0.5,0.5,
1,1,5.741,0,0,-0.13125,0.5,-0.5,0.5,0.5,
1,1,5.743,0,0,-0.13125,0.5,-0.5,0.5,0.5,
1,1,5.745,0,0,-0.13125,0.5,-0.5,0.5,0.5,
1,1,5.747,0,0,-0.13125,0.5,-0.5,0.5,0.5,
1,1,5.749,0,0,-0.13125,0.5,-0.5,0.5,0.5,
1,1,5.751,0,0,-0.13125,0.5,-0.5,0.5,0.5,
1,1,5.753,0,0,-0.13125,0.5,-0.5,0.5,0.5,
1,1,5.755,0,0,-0.13125,0.5,-0.5,0.5,0.5,
1,1,5.757,0,0,-0.13125,0.5,-0.5,0.5,0.5,
1,1,5.759,0,0,-0.13125,0.5,-0.5,0.5,0.5,
1,1,5.761,0,0,-0.13125,0.5,-0.5,0.5,0.5,
1,1,5.763,0,0,-0.13125,0.5,-0.5,0.5,0.5,
1,1,5.765,0,0,-0.13125,0.5,-0.5,0.5,0.5,
1,1,5.767,0,0,-0.13125,0.5,-0.5,0.5,0.5,
1,1,5.769,0,0,-0.13125,0.5,-0.5,0.5,0.5,
1,1,5.771,0,0,-0.13125,0.5,-0.5,0.5,0.5,
1,1,5.773,0,0,-0.13125,0.5,-0.5,0.5,0.5,
1,1,5.775,0,0,-0.13125,0.5,-0.5,0.5,0.5,
1,1,5.777,0,0,-0.13125,0.5,-0.5,0.5,0.5,
1,1,5.779,0,0,-0.13125,0.5,-0.5,0.5,0.5,
1,1,5.781,0,0,-0.13125,0.5,-0.5,0.5,0.5,
1,1,5.783,0,0,-0.13125,0.5,-0.5,0.5,0.5,
1,1,5.785,0,0,-0.13125,0.5,-0.5,0.5,0.5,
1,1,5.787,0,0,-0.13125,0.5,-0.5,0.5,0.5,
1,1,5.789,0,0,-0.13125,0.5,-0.5,0.5,0.5,
1,1,5.791,0,0,-0.13125,0.5,-0.5,0.5,0.5,
1,1,5.793,0,0,-0.13125,0.5,-0.5,0.5,0.5,
1,1,5.795,0,0,-0.13125,0.5,-0.5,0.5,0.5,
1,1,5.797,0,0,-0.13125,0.5,-0.5,0.5,0.5,
1,1,5.799,0,0,-0.13125,0.5,-0.5,0.5,0.5,
1,1,5.801,0,0,-0.13125,0.5,-0.5,0.5,0.5,
1,1,5.803,0,0,-0.13125,0.5,-0.5,0.5,0.5,
1,1,5.805,0,0,-0.13125,0.5,-0.5,0.5,0.5,
1,1,5.807,0,0,-0.13125,0.5,-0.5,0.5,0.5,
1,1,5.809,0,0,-0.13125,0.5,-0.5,0.5,0.5,
1,1,5.811,0,0,-0.13125,0.5,-0.5,0.5,0.5,
1,1,5.813,0,0,-0.13125,0.5,-0.5,0.5,0.5,
1,1,5.815,0,0,-0.13125,0.5,-0.5,0.5,0.5,
1,1,5.817,0,0,-0.13125,0.5,-0.5,0.5,0.5,
1,1,5.819,0,0,-0.13125,0.5,-0.5,0.5,0.5,
1,1,5.821,0,0,-0.13125,0.5,-0.5,0.5,0.5,
1,1,5.823,0,0,-0.13125,0.5,-0.5,0.5,0.5,
1,1,5.825,0,0,-0.13125,0.5,-0.5,0.5,0.5,
1,1,5.827,0,0,-0.13125,0.5,-0.5,0.5,0.5,
1,1,5.829,0,0,-0.13125,0.5,-0.5,0.5,0.5,
1,1,5.831,0,0,-0.13125,0.5,-0.5,0.5,0.5,
1,1,5.833,0,0,-0.13125,0.5,-0.5,0.5,0.5,
1,1,5.835,0,0,-0.13125,0.5,-0.5,0.5,0.5,
1,1,5.837,0,0,-0.13125,0.5,-0.5,0.5,0.5,
1,1,5.839,0,0,-0.13125,0.5,-0.5,0.5,0.5,
1,1,5.841,0,0,-0.13125,0.5,-0.5,0.5,0.5,
1,1,5.843,0,0,-0.13125,0.5,-0.5,0.5,0.5,
1,1,5.845,0,0,-0.13125,0.5,-0.5,0.5,0.5,
1,1,5.847,0,0,-0.13125,0.5,-0.5,0.5,0.5,
1,1,5.849,0,0,-0.13125,0.5,-0.5,0.5,0.5,
1,1,5.851,0,0,-0.13125,0.5,-0.5,0.5,0.5,
1,1,5.853,0,0,-0.13125,0.5,-0.5,0.5,0.5,
1,1,5.855,0,0,-0.13125,0.5,-0.5,0.5,0.5,
1,1,5.857,0,0,-0.13125,0.5,-0.5,0.5,0.5,
1,1,5.859,0,0,-0.13125,0.5,-0.5,0.5,0.5,
1,1,5.861,0,0,-0.13125,0.5,-0.5,0.5,0.5,
1,1,5.863,0,0,-0.13125,0.5,-0.5,0.5,0.5,
1,1,5.865,0,0,-0.13125,0.5,-0.5,0.5,0.5,
1,1,5.867,0,0,-0.13125,0.5,-0.5,0.5,0.5,
1,1,5.869,0,0,-0.13125,0.5,-0.5,0.5,0.5,
1,1,5.871,0,0,-0.13125,0.5,-0.5,0.5,0.5,
1,1,5.873,0,0,-0.13125,0.5,-0.5,0.5,0.5,
1,1,5.875,0,0,-0.13125,0.5,-0.5,0.5,0.5,
1,1,5.877,0,0,-0.13125,0.5,-0.5,0.5,0.5,
1,1,5.879,0,0,-0.13125,0.5,-0.5,0.5,0.5,
1,1,5.881,0,0,-0.13125,0.5,-0.5,0.5,0.5,
1,1,5.883,0,0,-0.13125,0.5,-0.5,0.5,0.5,
1,1,5.885,0,0,-0.13125,0.5,-0.5,0.5,0.5,
1,1,5.887,0,0,-0.13125,0.5,-0.5,0.5,0.5,
1,1,5.889,0,0,-0.13125,0.5,-0.5,0.5,0.5,
1,1,5.891,0,0,-0.13125,0.5,-0.5,0.5,0.5,
1,1,5.893,0,0,-0.13125,0.5,-0.5,0.5,0.5,
1,1,5.895,0,0,-0.13125,0.5,-0.5,0.5,0.5,
1,1,5.897,0,0,-0.13125,0.5,-0.5,0.5,0.5,
1,1,5.899,0,0,-0.13125,0.5,-0.5,0.5,0.5,
1,1,5.901,0,0,-0.13125,0.5,-0.5,0.5,0.5,
1,1,5.903,0,0,-0.13125,0.5,-0.5,0.5,0.5,
1,1,5.905,0,0,-0.13125,0.5,-0.5,0.5,0.5,
1,1,5.907,0,0,-0.13125,0.5,-0.5,0.5,0.5,
1,1,5.909,0,0,-0.13125,0.5,-0.5,0.5,0.5,
1,1,5.911,0,0,-0.13125,0.5,-0.5,0.5,0.5,
1,1,5.913,0,0,-0.13125,0.5,-0.5,0.5,0.5,
1,1,5.915,0,0,-0.13125,0.5,-0.5,0.5,0.5,
1,1,5.917,0,0,-0.13125,0.5,-0.5,0.5,0.5,
1,1,5.919,0,0,-0.13125,0.5,-0.5,0.5,0.5,
1,1,5.921,0,0,-0.13125,0.5,-0.5,0.5,0.5,
1,1,5.923,0,0,-0.13125,0.5,-0.5,0.5,0.5,
1,1,5.925,0,0,-0.13125,0.5,-0.5,0.5,0.5,
1,1,5.927,0,0,-0.13125,0.5,-0.5,0.5,0.5,
1,1,5.929,0,0,-0.13125,0.5,-0.5,0.5,0.5,
1,1,5.931,0,0,-0.13125,0.5,-0.5,0.5,0.5,
1,1,5.933,0,0,-0.13125,0.5,-0.5,0.5,0.5,
1,1,5.935,0,0,-0.13125,0.5,-0.5,0.5,0.5,
1,1,5.937,0,0,-0.13125,0.5,-0.5,0.5,0.5,
1,1,5.939,0,0,-0.13125,0.5,-0.5,0.5,0.5,
1,1,5.941,0,0,-0.13125,0.5,-0.5,0.5,0.5,
1,1,5.943,0,0,-0.13125,0.5,-0.5,0.5,0.5,
1,1,5.945,0,0,-0.13125,0.5,-0.5,0.5,0.5,
1,1,5.947,0,0,-0.13125,0.5,-0.5,0.5,0.5,
1,1,5.949,0,0,-0.13125,0.5,-0.5,0.5,0.5,
1,1,5.951,0,0,-0.13125,0.5,-0.5,0.5,0.5,
1,1,5.953,0,0,-0.13125,0.5,-0.5,0.5,0.5,
1,1,5.955,0,0,-0.13125,0.5,-0.5,0.5,0.5,
1,1,5.957,0,0,-0.13125,0.5,-0.5,0.5,0.5,
1,1,5.959,0,0,-0.13125,0.5,-0.5,0.5,0.5,
1,1,5.961,0,0,-0.13125,0.5,-0.5,0.5,0.5,
1,1,5.963,0,0,-0.13125,0.5,-0.5,0.5,0.5,
1,1,5.965,0,0,-0.13125,0.5,-0.5,0.5,0.5,
1,1,5.967,0,0,-0.13125,0.5,-0.5,0.5,0.5,
1,1,5.969,0,0,-0.13125,0.5,-0.5,0.5,0.5,
1,1,5.971,0,0,-0.13125,0.5,-0.5,0.5,0.5,
1,1,5.973,0,0,-0.13125,0.5,-0.5,0.5,0.5,
1,1,5.975,0,0,-0.13125,0.5,-0.5,0.5,0.5,
1,1,5.977,0,0,-0.13125,0.5,-0.5,0.5,0.5,
1,1,5.979,0,0,-0.13125,0.5,-0.5,0.5,0.5,
1,1,5.981,0,0,-0.13125,0.5,-0.5,0.5,0.5,
1,1,5.983,0,0,-0.13125,0.5,-0.5,0.5,0.5,
1,1,5.985,0,0,-0.13125,0.5,-0.5,0.5,0.5,
1,1,5.987,0,0,-0.13125,0.5,-0.5,0.5,0.5,
1,1,5.989,0,0,-0.13125,0.5,-0.5,0.5,0.5,
1,1,5.991,0,0,-0.13125,0.5,-0.5,0.5,0.5,
1,1,5.993,0,0,-0.13125,0.5,-0.5,0.5,0.5,
1,1,5.995,0,0,-0.13125,0.5,-0.5,0.5,0.5,
1,1,5.997,0,0,-0.13125,0.5,-0.5,0.5,0.5,
1,1,5.999,0,0,-0.13125,0.5,-0.5,0.5,0.5,
1,1,6.001,0,0,-0.13125,0.5,-0.5,0.5,0.5,
1,1,6.003,0,0,-0.13125,0.5,-0.5,0.5,0.5,
1,1,6.005,0,0,-0.13125,0.5,-0.5,0.5,0.5,
1,1,6.007,0,0,-0.13125,0.5,-0.5,0.5,0.5,
1,1,6.009,0,0,-0.13125,0.5,-0.5,0.5,0.5,
1,1,6.011,0,0,-0.13125,0.5,-0.5,0.5,0.5,
1,1,6.013,0,0,-0.13125,0.5,-0.5,0.5,0.5,
1,1,6.015,0,0,-0.13125,0.5,-0.5,0.5,0.5,
1,1,6.017,0,0,-0.13125,0.5,-0.5,0.5,0.5,
1,1,6.019,0,0,-0.13125,0.5,-0.5,0.5,0.5,
1,1,6.021,0,0,-0.13125,0.5,-0.5,0.5,0.5,
1,1,6.023,0,0,-0.13125,0.5,-0.5,0.5,0.5,
1,1,6.025,0,0,-0.13125,0.5,-0.5,0.5,0.5,
1,1,6.027,0,0,-0.13125,0.5,-0.5,0.5,0.5,
1,1,6.029,0,0,-0.13125,0.5,-0.5,0.5,0.5,
1,1,6.031,0,0,-0.13125,0.5,-0.5,0.5,0.5,
1,1,6.033,0,0,-0.13125,0.5,-0.5,0.5,0.5,
1,1,6.035,0,0,-0.13125,0.5,-0.5,0.5,0.5,
1,1,6.037,0,0,-0.13125,0.5,-0.5,0.5,0.5,
1,1,6.039,0,0,-0.13125,0.5,-0.5,0.5,0.5,
1,1,6.041,0,0,-0.13125,0.5,-0.5,0.5,0.5,
1,1,6.043,0,0,-0.13125,0.5,-0.5,0.5,0.5,
1,1,6.045,0,0,-0.13125,0.5,-0.5,0.5,0.5,
1,1,6.047,0,0,-0.13125,0.5,-0.5,0.5,0.5,
1,1,6.049,0,0,-0.13125,0.5,-0.5,0.5,0.5,
1,1,6.051,0,0,-0.13125,0.5,-0.5,0.5,0.5,
1,1,6.053,0,0,-0.13125,0.5,-0.5,0.5,0.5,
1,1,6.055,0,0,-0.13125,0.5,-0.5,0.5,0.5,
1,1,6.057,0,0,-0.13125,0.5,-0.5,0.5,0.5,
1,1,6.059,0,0,-0.13125,0.5,-0.5,0.5,0.5,
1,1,6.061,0,0,-0.13125,0.5,-0.5,0.5,0.5,
1,1,6.063,0,0,-0.13125,0.5,-0.5,0.5,0.5,
1,1,6.065,0,0,-0.13125,0.5,-0.5,0.5,0.5,
1,1,6.067,0,0,-0.13125,0.5,-0.5,0.5,0.5,
1,1,6.069,0,0,-0.13125,0.5,-0.5,0.5,0.5,
1,1,6.071,0,0,-0.13125,0.5,-0.5,0.5,0.5,
1,1,6.073,0,0,-0.13125,0.5,-0.5,0.5,0.5,
1,1,6.075,0,0,-0.13125,0.5,-0.5,0.5,0.5,
1,1,6.077,0,0,-0.13125,0.5,-0.5,0.5,0.5,
1,1,6.079,0,0,-0.13125,0.5,-0.5,0.5,0.5,
1,1,6.081,0,0,-0.13125,0.5,-0.5,0.5,0.5,
1,1,6.083,0,0,-0.13125,0.5,-0.5,0.5,0.5,
1,1,6.085,0,0,-0.13125,0.5,-0.5,0.5,0.5,
1,1,6.087,0,0,-0.13125,0.5,-0.5,0.5,0.5,
1,1,6.089,0,0,-0.13125,0.5,-0.5,0.5,0.5,
1,1,6.091,0,0,-0.13125,0.5,-0.5,0.5,0.5,
1,1,6.093,0,0,-0.13125,0.5,-0.5,0.5,0.5,
1,1,6.095,0,0,-0.13125,0.5,-0.5,0.5,0.5,
1,1,6.097,0,0,-0.13125,0.5,-0.5,0.5,0.5,
1,1,6.099,0,0,-0.13125,0.5,-0.5,0.5,0.5,
1,1,6.101,0,0,-0.13125,0.5,-0.5,0.5,0.5,
1,1,6.103,0,0,-0.13125,0.5,-0.5,0.5,0.5,
1,1,6.105,0,0,-0.13125,0.5,-0.5,0.5,0.5,
1,1,6.107,0,0,-0.13125,0.5,-0.5,0.5,0.5,
1,1,6.109,0,0,-0.13125,0.5,-0.5,0.5,0.5,
1,1,6.111,0,0,-0.13125,0.5,-0.5,0.5,0.5,
1,1,6.113,0,0,-0.13125,0.5,-0.5,0.5,0.5,
1,1,6.115,0,0,-0.13125,0.5,-0.5,0.5,0.5,
1,1,6.117,0,0,-0.13125,0.5,-0.5,0.5,0.5,
1,1,6.119,0,0,-0.13125,0.5,-0.5,0.5,0.5,
1,1,6.121,0,0,-0.13125,0.5,-0.5,0.5,0.5,
1,1,6.123,0,0,-0.13125,0.5,-0.5,0.5,0.5,
1,1,6.125,0,0,-0.13125,0.5,-0.5,0.5,0.5,
1,1,6.127,0,0,-0.13125,0.5,-0.5,0.5,0.5,
1,1,6.129,0,0,-0.13125,0.5,-0.5,0.5,0.5,
1,1,6.131,0,0,-0.13125,0.5,-0.5,0.5,0.5,
1,1,6.133,0,0,-0.13125,0.5,-0.5,0.5,0.5,
1,1,6.135,0,0,-0.13125,0.5,-0.5,0.5,0.5,
1,1,6.137,0,0,-0.13125,0.5,-0.5,0.5,0.5,
1,1,6.139,0,0,-0.13125,0.5,-0.5,0.5,0.5,
1,1,6.141,0,0,-0.13125,0.5,-0.5,0.5,0.5,
1,1,6.143,0,0,-0.13125,0.5,-0.5,0.5,0.5,
1,1,6.145,0,0,-0.13125,0.5,-0.5,0.5,0.5,
1,1,6.147,0,0,-0.13125,0.5,-0.5,0.5,0.5,
1,1,6.149,0,0,-0.13125,0.5,-0.5,0.5,0.5,
1,1,6.151,0,0,-0.13125,0.5,-0.5,0.5,0.5,
1,1,6.153,0,0,-0.13125,0.5,-0.5,0.5,0.5,
1,1,6.155,0,0,-0.13125,0.5,-0.5,0.5,0.5,
1,1,6.157,0,0,-0.13125,0.5,-0.5,0.5,0.5,
1,1,6.159,0,0,-0.13125,0.5,-0.5,0.5,0.5,
1,1,6.161,0,0,-0.13125,0.5,-0.5,0.5,0.5,
1,1,6.163,0,0,-0.13125,0.5,-0.5,0.5,0.5,
1,1,6.165,0,0,-0.13125,0.5,-0.5,0.5,0.5,
1,1,6.167,0,0,-0.13125,0.5,-0.5,0.5,0.5,
1,1,6.169,0,0,-0.13125,0.5,-0.5,0.5,0.5,
1,1,6.171,0,0,-0.13125,0.5,-0.5,0.5,0.5,
1,1,6.173,0,0,-0.13125,0.5,-0.5,0.5,0.5,
1,1,6.175,0,0,-0.13125,0.5,-0.5,0.5,0.5,
1,1,6.177,0,0,-0.13125,0.5,-0.5,0.5,0.5,
1,1,6.179,0,0,-0.13125,0.5,-0.5,0.5,0.5,
1,1,6.181,0,0,-0.13125,0.5,-0.5,0.5,0.5,
1,1,6.183,0,0,-0.13125,0.5,-0.5,0.5,0.5,
1,1,6.185,0,0,-0.13125,0.5,-0.5,0.5,0.5,
1,1,6.187,0,0,-0.13125,0.5,-0.5,0.5,0.5,
1,1,6.189,0,0,-0.13125,0.5,-0.5,0.5,0.5,
1,1,6.191,0,0,-0.13125,0.5,-0.5,0.5,0.5,
1,1,6.193,0,0,-0.13125,0.5,-0.5,0.5,0.5,
1,1,6.195,0,0,-0.13125,0.5,-0.5,0.5,0.5,
1,1,6.197,0,0,-0.13125,0.5,-0.5,0.5,0.5,
1,1,6.199,0,0,-0.13125,0.5,-0.5,0.5,0.5,
1,1,6.201,0,0,-0.13125,0.5,-0.5,0.5,0.5,
1,1,6.203,0,0,-0.13125,0.5,-0.5,0.5,0.5,
1,1,6.205,0,0,-0.13125,0.5,-0.5,0.5,0.5,
1,1,6.207,0,0,-0.13125,0.5,-0.5,0.5,0.5,
1,1,6.209,0,0,-0.13125,0.5,-0.5,0.5,0.5,
1,1,6.211,0,0,-0.13125,0.5,-0.5,0.5,0.5,
1,1,6.213,0,0,-0.13125,0.5,-0.5,0.5,0.5,
1,1,6.215,0,0,-0.13125,0.5,-0.5,0.5,0.5,
1,1,6.217,0,0,-0.13125,0.5,-0.5,0.5,0.5,
1,1,6.219,0,0,-0.13125,0.5,-0.5,0.5,0.5,
1,1,6.221,0,0,-0.13125,0.5,-0.5,0.5,0.5,
1,1,6.223,0,0,-0.13125,0.5,-0.5,0.5,0.5,
1,1,6.225,0,0,-0.13125,0.5,-0.5,0.5,0.5,
1,1,6.227,0,0,-0.13125,0.5,-0.5,0.5,0.5,
1,1,6.229,0,0,-0.13125,0.5,-0.5,0.5,0.5,
1,1,6.231,0,0,-0.13125,0.5,-0.5,0.5,0.5,
1,1,6.233,0,0,-0.13125,0.5,-0.5,0.5,0.5,
1,1,6.235,0,0,-0.13125,0.5,-0.5,0.5,0.5,
1,1,6.237,0,0,-0.13125,0.5,-0.5,0.5,0.5,
1,1,6.239,0,0,-0.13125,0.5,-0.5,0.5,0.5,
1,1,6.241,0,0,-0.13125,0.5,-0.5,0.5,0.5,
1,1,6.243,0,0,-0.13125,0.5,-0.5,0.5,0.5,
1,1,6.245,0,0,-0.13125,0.5,-0.5,0.5,0.5,
1,1,6.247,0,0,-0.13125,0.5,-0.5,0.5,0.5,
1,1,6.249,0,0,-0.13125,0.5,-0.5,0.5,0.5,
1,1,6.251,0,0,-0.13125,0.5,-0.5,0.5,0.5,
1,1,6.253,0,0,-0.13125,0.5,-0.5,0.5,0.5,
1,1,6.255,0,0,-0.13125,0.5,-0.5,0.5,0.5,
1,1,6.257,0,0,-0.13125,0.5,-0.5,0.5,0.5,
1,1,6.259,0,0,-0.13125,0.5,-0.5,0.5,0.5,
1,1,6.261,0,0,-0.13125,0.5,-0.5,0.5,0.5,
1,1,6.263,0,0,-0.13125,0.5,-0.5,0.5,0.5,
1,1,6.265,0,0,-0.13125,0.5,-0.5,0.5,0.5,
1,1,6.267,0,0,-0.13125,0.5,-0.5,0.5,0.5,
1,1,6.269,0,0,-0.13125,0.5,-0.5,0.5,0.5,
1,1,6.271,0,0,-0.13125,0.5,-0.5,0.5,0.5,
1,1,6.273,0,0,-0.13125,0.5,-0.5,0.5,0.5,
1,1,6.275,0,0,-0.13125,0.5,-0.5,0.5,0.5,
1,1,6.277,0,0,-0.13125,0.5,-0.5,0.5,0.5,
1,1,6.279,0,0,-0.13125,0.5,-0.5,0.5,0.5,
1,1,6.281,0,0,-0.13125,0.5,-0.5,0.5,0.5,
1,1,6.283,0,0,-0.13125,0.5,-0.5,0.5,0.5,
1,1,6.285,0,0,-0.13125,0.5,-0.5,0.5,0.5,
1,1,6.287,0,0,-0.13125,0.5,-0.5,0.5,0.5,
1,1,6.289,0,0,-0.13125,0.5,-0.5,0.5,0.5,
1,1,6.291,0,0,-0.13125,0.5,-0.5,0.5,0.5,
1,1,6.293,0,0,-0.13125,0.5,-0.5,0.5,0.5,
1,1,6.295,0,0,-0.13125,0.5,-0.5,0.5,0.5,
1,1,6.297,0,0,-0.13125,0.5,-0.5,0.5,0.5,
1,1,6.299,0,0,-0.13125,0.5,-0.5,0.5,0.5,
1,1,6.301,0,0,-0.13125,0.5,-0.5,0.5,0.5,
1,1,6.303,0,0,-0.13125,0.5,-0.5,0.5,0.5,
1,1,6.305,0,0,-0.13125,0.5,-0.5,0.5,0.5,
1,1,6.307,0,0,-0.13125,0.5,-0.5,0.5,0.5,
1,1,6.309,0,0,-0.13125,0.5,-0.5,0.5,0.5,
1,1,6.311,0,0,-0.13125,0.5,-0.5,0.5,0.5,
1,1,6.313,0,0,-0.13125,0.5,-0.5,0.5,0.5,
1,1,6.315,0,0,-0.13125,0.5,-0.5,0.5,0.5,
1,1,6.317,0,0,-0.13125,0.5,-0.5,0.5,0.5,
1,1,6.319,0,0,-0.13125,0.5,-0.5,0.5,0.5,
1,1,6.321,0,0,-0.13125,0.5,-0.5,0.5,0.5,
1,1,6.323,0,0,-0.13125,0.5,-0.5,0.5,0.5,
1,1,6.325,0,0,-0.13125,0.5,-0.5,0.5,0.5,
1,1,6.327,0,0,-0.13125,0.5,-0.5,0.5,0.5,
1,1,6.329,0,0,-0.13125,0.5,-0.5,0.5,0.5,
1,1,6.331,0,0,-0.13125,0.5,-0.5,0.5,0.5,
1,1,6.333,0,0,-0.13125,0.5,-0.5,0.5,0.5,
1,1,6.335,0,0,-0.13125,0.5,-0.5,0.5,0.5,
1,1,6.337,0,0,-0.13125,0.5,-0.5,0.5,0.5,
1,1,6.339,0,0,-0.13125,0.5,-0.5,0.5,0.5,
1,1,6.341,0,0,-0.13125,0.5,-0.5,0.5,0.5,
1,1,6.343,0,0,-0.13125,0.5,-0.5,0.5,0.5,
1,1,6.345,0,0,-0.13125,0.5,-0.5,0.5,0.5,
1,1,6.347,0,0,-0.13125,0.5,-0.5,0.5,0.5,
1,1,6.349,0,0,-0.13125,0.5,-0.5,0.5,0.5,
1,1,6.351,0,0,-0.13125,0.5,-0.5,0.5,0.5,
1,1,6.353,0,0,-0.13125,0.5,-0.5,0.5,0.5,
1,1,6.355,0,0,-0.13125,0.5,-0.5,0.5,0.5,
1,1,6.357,0,0,-0.13125,0.5,-0.5,0.5,0.5,
1,1,6.359,0,0,-0.13125,0.5,-0.5,0.5,0.5,
1,1,6.361,0,0,-0.13125,0.5,-0.5,0.5,0.5,
1,1,6.363,0,0,-0.13125,0.5,-0.5,0.5,0.5,
1,1,6.365,0,0,-0.13125,0.5,-0.5,0.5,0.5,
1,1,6.367,0,0,-0.13125,0.5,-0.5,0.5,0.5,
1,1,6.369,0,0,-0.13125,0.5,-0.5,0.5,0.5,
1,1,6.371,0,0,-0.13125,0.5,-0.5,0.5,0.5,
1,1,6.373,0,0,-0.13125,0.5,-0.5,0.5,0.5,
1,1,6.375,0,0,-0.13125,0.5,-0.5,0.5,0.5,
1,1,6.377,0,0,-0.13125,0.5,-0.5,0.5,0.5,
1,1,6.379,0,0,-0.13125,0.5,-0.5,0.5,0.5,
1,1,6.381,0,0,-0.13125,0.5,-0.5,0.5,0.5,
1,1,6.383,0,0,-0.13125,0.5,-0.5,0.5,0.5,
1,1,6.385,0,0,-0.13125,0.5,-0.5,0.5,0.5,
1,1,6.387,0,0,-0.13125,0.5,-0.5,0.5,0.5,
1,1,6.389,0,0,-0.13125,0.5,-0.5,0.5,0.5,
1,1,6.391,0,0,-0.13125,0.5,-0.5,0.5,0.5,
1,1,6.393,0,0,-0.13125,0.5,-0.5,0.5,0.5,
1,1,6.395,0,0,-0.13125,0.5,-0.5,0.5,0.5,
1,1,6.397,0,0,-0.13125,0.5,-0.5,0.5,0.5,
1,1,6.399,0,0,-0.13125,0.5,-0.5,0.5,0.5,
1,1,6.401,0,0,-0.13125,0.5,-0.5,0.5,0.5,
1,1,6.403,0,0,-0.13125,0.5,-0.5,0.5,0.5,
1,1,6.405,0,0,-0.13125,0.5,-0.5,0.5,0.5,
1,1,6.407,0,0,-0.13125,0.5,-0.5,0.5,0.5,
1,1,6.409,0,0,-0.13125,0.5,-0.5,0.5,0.5,
1,1,6.411,0,0,-0.13125,0.5,-0.5,0.5,0.5,
1,1,6.413,0,0,-0.13125,0.5,-0.5,0.5,0.5,
1,1,6.415,0,0,-0.13125,0.5,-0.5,0.5,0.5,
1,1,6.417,0,0,-0.13125,0.5,-0.5,0.5,0.5,
1,1,6.419,0,0,-0.13125,0.5,-0.5,0.5,0.5,
1,1,6.421,0,0,-0.13125,0.5,-0.5,0.5,0.5,
1,1,6.423,0,0,-0.13125,0.5,-0.5,0.5,0.5,
1,1,6.425,0,0,-0.13125,0.5,-0.5,0.5,0.5,
1,1,6.427,0,0,-0.13125,0.5,-0.5,0.5,0.5,
1,1,6.429,0,0,-0.13125,0.5,-0.5,0.5,0.5,
1,1,6.431,0,0,-0.13125,0.5,-0.5,0.5,0.5,
1,1,6.433,0,0,-0.13125,0.5,-0.5,0.5,0.5,
1,1,6.435,0,0,-0.13125,0.5,-0.5,0.5,0.5,
1,1,6.437,0,0,-0.13125,0.5,-0.5,0.5,0.5,
1,1,6.439,0,0,-0.13125,0.5,-0.5,0.5,0.5,
1,1,6.441,0,0,-0.13125,0.5,-0.5,0.5,0.5,
1,1,6.443,0,0,-0.13125,0.5,-0.5,0.5,0.5,
1,1,6.445,0,0,-0.13125,0.5,-0.5,0.5,0.5,
1,1,6.447,0,0,-0.13125,0.5,-0.5,0.5,0.5,
1,1,6.449,0,0,-0.13125,0.5,-0.5,0.5,0.5,
1,1,6.451,0,0,-0.13125,0.5,-0.5,0.5,0.5,
1,1,6.453,0,0,-0.13125,0.5,-0.5,0.5,0.5,
1,1,6.455,0,0,-0.13125,0.5,-0.5,0.5,0.5,
1,1,6.457,0,0,-0.13125,0.5,-0.5,0.5,0.5,
1,1,6.459,0,0,-0.13125,0.5,-0.5,0.5,0.5,
1,1,6.461,0,0,-0.13125,0.5,-0.5,0.5,0.5,
1,1,6.463,0,0,-0.13125,0.5,-0.5,0.5,0.5,
1,1,6.465,0,0,-0.13125,0.5,-0.5,0.5,0.5,
1,1,6.467,0,0,-0.13125,0.5,-0.5,0.5,0.5,
1,1,6.469,0,0,-0.13125,0.5,-0.5,0.5,0.5,
1,1,6.471,0,0,-0.13125,0.5,-0.5,0.5,0.5,
1,1,6.473,0,0,-0.13125,0.5,-0.5,0.5,0.5,
1,1,6.475,0,0,-0.13125,0.5,-0.5,0.5,0.5,
1,1,6.477,0,0,-0.13125,0.5,-0.5,0.5,0.5,
1,1,6.479,0,0,-0.13125,0.5,-0.5,0.5,0.5,
1,1,6.481,0,0,-0.13125,0.5,-0.5,0.5,0.5,
1,1,6.483,0,0,-0.13125,0.5,-0.5,0.5,0.5,
1,1,6.485,0,0,-0.13125,0.5,-0.5,0.5,0.5,
1,1,6.487,0,0,-0.13125,0.5,-0.5,0.5,0.5,
1,1,6.489,0,0,-0.13125,0.5,-0.5,0.5,0.5,
1,1,6.491,0,0,-0.13125,0.5,-0.5,0.5,0.5,
1,1,6.493,0,0,-0.13125,0.5,-0.5,0.5,0.5,
1,1,6.495,0,0,-0.13125,0.5,-0.5,0.5,0.5,
1,1,6.497,0,0,-0.13125,0.5,-0.5,0.5,0.5,
1,1,6.499,0,0,-0.13125,0.5,-0.5,0.5,0.5,
1,1,6.501,0,0,-0.13125,0.5,-0.5,0.5,0.5,
1,1,6.503,0,0,-0.13125,0.5,-0.5,0.5,0.5,
1,1,6.505,0,0,-0.13125,0.5,-0.5,0.5,0.5,
1,1,6.507,0,0,-0.13125,0.5,-0.5,0.5,0.5,
1,1,6.509,0,0,-0.13125,0.5,-0.5,0.5,0.5,
1,1,6.511,0,0,-0.13125,0.5,-0.5,0.5,0.5,
1,1,6.513,0,0,-0.13125,0.5,-0.5,0.5,0.5,
1,1,6.515,0,0,-0.13125,0.5,-0.5,0.5,0.5,
1,1,6.517,0,0,-0.13125,0.5,-0.5,0.5,0.5,
1,2,6.519,0,0,-0.13125,0.5,-0.5,0.5,0.5,TrialStart
1,2,6.521,0,0,-0.13125,0.5,-0.5,0.5,0.5,
1,2,6.523,0,0,-0.13125,0.5,-0.5,0.5,0.5,
1,2,6.525,0,0,-0.13125,0.5,-0.5,0.5,0.5,
1,2,6.527,0,0,-0.13125,0.5,-0.5,0.5,0.5,
1,2,6.529,0,0,-0.13125,0.5,-0.5,0.5,0.5,
1,2,6.531,0,0,-0.13125,0.5,-0.5,0.5,0.5,
1,2,6.533,0,0,-0.13125,0.5,-0.5,0.5,0.5,
1,2,6.535,0,0,-0.13125,0.5,-0.5,0.5,0.5,
1,2,6.537,0,0,-0.13125,0.5,-0.5,0.5,0.5,
1,2,6.539,0,0,-0.13125,0.5,-0.5,0.5,0.5,
1,2,6.541,0,0,-0.13125,0.5,-0.5,0.5,0.5,
1,2,6.543,0,0,-0.13125,0.5,-0.5,0.5,0.5,
1,2,6.545,0,0,-0.13125,0.5,-0.5,0.5,0.5,
1,2,6.547,0,0,-0.13125,0.5,-0.5,0.5,0.5,
1,2,6.549,0,0,-0.13125,0.5,-0.5,0.5,0.5,
1,2,6.551,0,0,-0.13125,0.5,-0.5,0.5,0.5,
1,2,6.553,0,0,-0.13125,0.5,-0.5,0.5,0.5,
1,2,6.555,0,0,-0.13125,0.5,-0.5,0.5,0.5,
1,2,6.557,0,0,-0.13125,0.5,-0.5,0.5,0.5,
1,2,6.559,0,0,-0.13125,0.5,-0.5,0.5,0.5,
1,2,6.561,0,0,-0.13125,0.5,-0.5,0.5,0.5,
1,2,6.563,0,0,-0.13125,0.5,-0.5,0.5,0.5,
1,2,6.565,0,0,-0.13125,0.5,-0.5,0.5,0.5,
1,2,6.567,0,0,-0.13125,0.5,-0.5,0.5,0.5,
1,2,6.569,0,0,-0.13125,0.5,-0.5,0.5,0.5,
1,2,6.571,0,0,-0.13125,0.5,-0.5,0.5,0.5,
1,2,6.573,0,0,-0.13125,0.5,-0.5,0.5,0.5,
1,2,6.575,0,0,-0.13125,0.5,-0.5,0.5,0.5,
1,2,6.577,0,0,-0.13125,0.5,-0.5,0.5,0.5,
1,2,6.579,0,0,-0.13125,0.5,-0.5,0.5,0.5,
1,2,6.581,0,0,-0.13125,0.5,-0.5,0.5,0.5,
1,2,6.583,0,0,-0.13125,0.5,-0.5,0.5,0.5,
1,2,6.585,0,0,-0.13125,0.5,-0.5,0.5,0.5,
1,2,6.587,0,0,-0.13125,0.5,-0.5,0.5,0.5,
1,2,6.589,0,0,-0.13125,0.5,-0.5,0.5,0.5,
1,2,6.591,0,0,-0.13125,0.5,-0.5,0.5,0.5,
1,2,6.593,0,0,-0.13125,0.5,-0.5,0.5,0.5,
1,2,6.595,0,0,-0.13125,0.5,-0.5,0.5,0.5,
1,2,6.597,0,0,-0.13125,0.5,-0.5,0.5,0.5,
1,2,6.599,0,0,-0.13125,0.5,-0.5,0.5,0.5,
1,2,6.601,0,0,-0.13125,0.5,-0.5,0.5,0.5,
1,2,6.603,0,0,-0.13125,0.5,-0.5,0.5,0.5,
1,2,6.605,0,0,-0.13125,0.5,-0.5,0.5,0.5,
1,2,6.607,0,0,-0.13125,0.5,-0.5,0.5,0.5,
1,2,6.609,0,0,-0.13125,0.5,-0.5,0.5,0.5,
1,2,6.611,0,0,-0.13125,0.5,-0.5,0.5,0.5,
1,2,6.613,0,0,-0.13125,0.5,-0.5,0.5,0.5,
1,2,6.615,0,0,-0.13125,0.5,-0.5,0.5,0.5,
1,2,6.617,0,0,-0.13125,0.5,-0.5,0.5,0.5,
1,2,6.619,0,0,-0.13125,0.5,-0.5,0.5,0.5,
1,2,6.621,0,0,-0.13125,0.5,-0.5,0.5,0.5,
1,2,6.623,0,0,-0.13125,0.5,-0.5,0.5,0.5,
1,2,6.625,0,0,-0.13125,0.5,-0.5,0.5,0.5,
1,2,6.627,0,0,-0.13125,0.5,-0.5,0.5,0.5,
1,2,6.629,0,0,-0.13125,0.5,-0.5,0.5,0.5,
1,2,6.631,0,0,-0.13125,0.5,-0.5,0.5,0.5,
1,2,6.633,0,0,-0.13125,0.5,-0.5,0.5,0.5,
1,2,6.635,0,0,-0.13125,0.5,-0.5,0.5,0.5,
1,2,6.637,0,0,-0.13125,0.5,-0.5,0.5,0.5,
1,2,6.639,0,0,-0.13125,0.5,-0.5,0.5,0.5,
1,2,6.641,0,0,-0.13125,0.5,-0.5,0.5,0.5,
1,2,6.643,0,0,-0.13125,0.5,-0.5,0.5,0.5,
1,2,6.645,0,0,-0.13125,0.5,-0.5,0.5,0.5,
1,2,6.647,0,0,-0.13125,0.5,-0.5,0.5,0.5,
1,2,6.649,0,0,-0.13125,0.5,-0.5,0.5,0.5,
1,2,6.651,0,0,-0.13125,0.5,-0.5,0.5,0.5,
1,2,6.653,0,0,-0.13125,0.5,-0.5,0.5,0.5,
1,2,6.655,0,0,-0.13125,0.5,-0.5,0.5,0.5,
1,2,6.657,0,0,-0.13125,0.5,-0.5,0.5,0.5,
1,2,6.659,0,0,-0.13125,0.5,-0.5,0.5,0.5,
1,2,6.661,0,0,-0.13125,0.5,-0.5,0.5,0.5,
1,2,6.663,0,0,-0.13125,0.5,-0.5,0.5,0.5,
1,2,6.665,0,0,-0.13125,0.5,-0.5,0.5,0.5,
1,2,6.667,0,0,-0.13125,0.5,-0.5,0.5,0.5,
1,2,6.669,0,0,-0.13125,0.5,-0.5,0.5,0.5,
1,2,6.671,0,0,-0.13125,0.5,-0.5,0.5,0.5,
1,2,6.673,0,0,-0.13125,0.5,-0.5,0.5,0.5,
1,2,6.675,0,0,-0.13125,0.5,-0.5,0.5,0.5,
1,2,6.677,0,0,-0.13125,0.5,-0.5,0.5,0.5,
1,2,6.679,0,0,-0.13125,0.5,-0.5,0.5,0.5,
1,2,6.681,0,0,-0.13125,0.5,-0.5,0.5,0.5,
1,2,6.683,0,0,-0.13125,0.5,-0.5,0.5,0.5,
1,2,6.685,0,0,-0.13125,0.5,-0.5,0.5,0.5,
1,2,6.687,0,0,-0.13125,0.5,-0.5,0.5,0.5,
1,2,6.689,0,0,-0.13125,0.5,-0.5,0.5,0.5,
1,2,6.691,0,0,-0.13125,0.5,-0.5,0.5,0.5,
1,2,6.693,0,0,-0.13125,0.5,-0.5,0.5,0.5,
1,2,6.695,0,0,-0.13125,0.5,-0.5,0.5,0.5,
1,2,6.697,0,0,-0.13125,0.5,-0.5,0.5,0.5,
1,2,6.699,0,0,-0.13125,0.5,-0.5,0.5,0.5,
1,2,6.701,0,0,-0.13125,0.5,-0.5,0.5,0.5,
1,2,6.703,0,0,-0.13125,0.5,-0.5,0.5,0.5,
1,2,6.705,0,0,-0.13125,0.5,-0.5,0.5,0.5,
1,2,6.707,0,0,-0.13125,0.5,-0.5,0.5,0.5,
1,2,6.709,0,0,-0.13125,0.5,-0.5,0.5,0.5,
1,2,6.711,0,0,-0.13125,0.5,-0.5,0.5,0.5,
1,2,6.713,0,0,-0.13125,0.5,-0.5,0.5,0.5,
1,2,6.715,0,0,-0.13125,0.5,-0.5,0.5,0.5,
1,2,6.717,0,0,-0.13125,0.5,-0.5,0.5,0.5,
1,2,6.719,0,0,-0.13125,0.5,-0.5,0.5,0.5,
1,2,6.721,0,0,-0.13125,0.5,-0.5,0.5,0.5,
1,2,6.723,0,0,-0.13125,0.5,-0.5,0.5,0.5,
1,2,6.725,0,0,-0.13125,0.5,-0.5,0.5,0.5,
1,2,6.727,0,0,-0.13125,0.5,-0.5,0.5,0.5,
1,2,6.729,0,0,-0.13125,0.5,-0.5,0.5,0.5,
1,2,6.731,0,0,-0.13125,0.5,-0.5,0.5,0.5,
1,2,6.733,0,0,-0.13125,0.5,-0.5,0.5,0.5,
1,2,6.735,0,0,-0.13125,0.5,-0.5,0.5,0.5,
1,2,6.737,0,0,-0.13125,0.5,-0.5,0.5,0.5,
1,2,6.739,0,0,-0.13125,0.5,-0.5,0.5,0.5,
1,2,6.741,0,0,-0.13125,0.5,-0.5,0.5,0.5,
1,2,6.743,0,0,-0.13125,0.5,-0.5,0.5,0.5,
1,2,6.745,0,0,-0.13125,0.5,-0.5,0.5,0.5,
1,2,6.747,0,0,-0.13125,0.5,-0.5,0.5,0.5,
1,2,6.749,0,0,-0.13125,0.5,-0.5,0.5,0.5,
1,2,6.751,0,0,-0.13125,0.5,-0.5,0.5,0.5,
1,2,6.753,0,0,-0.13125,0.5,-0.5,0.5,0.5,
1,2,6.755,0,0,-0.13125,0.5,-0.5,0.5,0.5,
1,2,6.757,0,0,-0.13125,0.5,-0.5,0.5,0.5,
1,2,6.759,0,0,-0.13125,0.5,-0.5,0.5,0.5,
1,2,6.761,0,0,-0.13125,0.5,-0.5,0.5,0.5,
1,2,6.763,0,0,-0.13125,0.5,-0.5,0.5,0.5,
1,2,6.765,0,0,-0.13125,0.5,-0.5,0.5,0.5,
1,2,6.767,0,0,-0.13125,0.5,-0.5,0.5,0.5,
1,2,6.769,0,0,-0.13125,0.5,-0.5,0.5,0.5,
1,2,6.771,0,0,-0.13125,0.5,-0.5,0.5,0.5,
1,2,6.773,0,0,-0.13125,0.5,-0.5,0.5,0.5,
1,2,6.775,0,0,-0.13125,0.5,-0.5,0.5,0.5,
1,2,6.777,0,0,-0.13125,0.5,-0.5,0.5,0.5,
1,2,6.779,0,0,-0.13125,0.5,-0.5,0.5,0.5,
1,2,6.781,0,0,-0.13125,0.5,-0.5,0.5,0.5,
1,2,6.783,0,0,-0.13125,0.5,-0.5,0.5,0.5,
1,2,6.785,0,0,-0.13125,0.5,-0.5,0.5,0.5,
1,2,6.787,0,0,-0.13125,0.5,-0.5,0.5,0.5,
1,2,6.789,0,0,-0.13125,0.5,-0.5,0.5,0.5,
1,2,6.791,0,0,-0.13125,0.5,-0.5,0.5,0.5,
1,2,6.793,0,0,-0.13125,0.5,-0.5,0.5,0.5,
1,2,6.795,0,0,-0.13125,0.5,-0.5,0.5,0.5,
1,2,6.797,0,0,-0.13125,0.5,-0.5,0.5,0.5,
1,2,6.799,0,0,-0.13125,0.5,-0.5,0.5,0.5,
1,2,6.801,0,0,-0.13125,0.5,-0.5,0.5,0.5,
1,2,6.803,0,0,-0.13125,0.5,-0.5,0.5,0.5,
1,2,6.805,0,0,-0.13125,0.5,-0.5,0.5,0.5,
1,2,6.807,0,0,-0.13125,0.5,-0.5,0.5,0.5,
1,2,6.809,0,0,-0.13125,0.5,-0.5,0.5,0.5,
1,2,6.811,0,0,-0.13125,0.5,-0.5,0.5,0.5,
1,2,6.813,0,0,-0.13125,0.5,-0.5,0.5,0.5,
1,2,6.815,0,0,-0.13125,0.5,-0.5,0.5,0.5,
1,2,6.817,0,0,-0.13125,0.5,-0.5,0.5,0.5,
1,2,6.819,0,0,-0.13125,0.5,-0.5,0.5,0.5,
1,2,6.821,0,0,-0.13125,0.5,-0.5,0.5,0.5,
1,2,6.823,0,0,-0.13125,0.5,-0.5,0.5,0.5,
1,2,6.825,0,0,-0.13125,0.5,-0.5,0.5,0.5,
1,2,6.827,0,0,-0.13125,0.5,-0.5,0.5,0.5,
1,2,6.829,0,0,-0.13125,0.5,-0.5,0.5,0.5,
1,2,6.831,0,0,-0.13125,0.5,-0.5,0.5,0.5,
1,2,6.833,0,0,-0.13125,0.5,-0.5,0.5,0.5,
1,2,6.835,0,0,-0.13125,0.5,-0.5,0.5,0.5,
1,2,6.837,0,0,-0.13125,0.5,-0.5,0.5,0.5,
1,2,6.839,0,0,-0.13125,0.5,-0.5,0.5,0.5,
1,2,6.841,0,0,-0.13125,0.5,-0.5,0.5,0.5,
1,2,6.843,0,0,-0.13125,0.5,-0.5,0.5,0.5,
1,2,6.845,0,0,-0.13125,0.5,-0.5,0.5,0.5,
1,2,6.847,0,0,-0.13125,0.5,-0.5,0.5,0.5,
1,2,6.849,0,0,-0.13125,0.5,-0.5,0.5,0.5,
1,2,6.851,0,0,-0.13125,0.5,-0.5,0.5,0.5,
1,2,6.853,0,0,-0.13125,0.5,-0.5,0.5,0.5,
1,2,6.855,0,0,-0.13125,0.5,-0.5,0.5,0.5,
1,2,6.857,0,0,-0.13125,0.5,-0.5,0.5,0.5,
1,2,6.859,0,0,-0.13125,0.5,-0.5,0.5,0.5,
1,2,6.861,0,0,-0.13125,0.5,-0.5,0.5,0.5,
1,2,6.863,0,0,-0.13125,0.5,-0.5,0.5,0.5,
1,2,6.865,0,0,-0.13125,0.5,-0.5,0.5,0.5,
1,2,6.867,0,0,-0.13125,0.5,-0.5,0.5,0.5,
1,2,6.869,0,0,-0.13125,0.5,-0.5,0.5,0.5,
1,2,6.871,0,0,-0.13125,0.5,-0.5,0.5,0.5,
1,2,6.873,0,0,-0.13125,0.5,-0.5,0.5,0.5,
1,2,6.875,0,0,-0.13125,0.5,-0.5,0.5,0.5,
1,2,6.877,0,0,-0.13125,0.5,-0.5,0.5,0.5,
1,2,6.879,0,0,-0.13125,0.5,-0.5,0.5,0.5,
1,2,6.881,0,0,-0.13125,0.5,-0.5,0.5,0.5,
1,2,6.883,0,0,-0.13125,0.5,-0.5,0.5,0.5,
1,2,6.885,0,0,-0.13125,0.5,-0.5,0.5,0.5,
1,2,6.887,0,0,-0.13125,0.5,-0.5,0.5,0.5,
1,2,6.889,0,0,-0.13125,0.5,-0.5,0.5,0.5,
1,2,6.891,0,0,-0.13125,0.5,-0.5,0.5,0.5,
1,2,6.893,0,0,-0.13125,0.5,-0.5,0.5,0.5,
1,2,6.895,0,0,-0.13125,0.5,-0.5,0.5,0.5,
1,2,6.897,0,0,-0.13125,0.5,-0.5,0.5,0.5,
1,2,6.899,0,0,-0.13125,0.5,-0.5,0.5,0.5,
1,2,6.901,0,0,-0.13125,0.5,-0.5,0.5,0.5,
1,2,6.903,0,0,-0.13125,0.5,-0.5,0.5,0.5,
1,2,6.905,0,0,-0.13125,0.5,-0.5,0.5,0.5,
1,2,6.907,0,0,-0.13125,0.5,-0.5,0.5,0.5,
1,2,6.909,0,0,-0.13125,0.5,-0.5,0.5,0.5,
1,2,6.911,0,0,-0.13125,0.5,-0.5,0.5,0.5,
1,2,6.913,0,0,-0.13125,0.5,-0.5,0.5,0.5,
1,2,6.915,0,0,-0.13125,0.5,-0.5,0.5,0.5,
1,2,6.917,0,0,-0.13125,0.5,-0.5,0.5,0.5,
1,2,6.919,0,0,-0.13125,0.5,-0.5,0.5,0.5,
1,2,6.921,0,0,-0.13125,0.5,-0.5,0.5,0.5,
1,2,6.923,0,0,-0.13125,0.5,-0.5,0.5,0.5,
1,2,6.925,0,0,-0.13125,0.5,-0.5,0.5,0.5,
1,2,6.927,0,0,-0.13125,0.5,-0.5,0.5,0.5,
1,2,6.929,0,0,-0.13125,0.5,-0.5,0.5,0.5,
1,2,6.931,0,0,-0.13125,0.5,-0.5,0.5,0.5,
1,2,6.933,0,0,-0.13125,0.5,-0.5,0.5,0.5,
1,2,6.935,0,0,-0.13125,0.5,-0.5,0.5,0.5,
1,2,6.937,0,0,-0.13125,0.5,-0.5,0.5,0.5,
1,2,6.939,0,0,-0.13125,0.5,-0.5,0.5,0.5,
1,2,6.941,0,0,-0.13125,0.5,-0.5,0.5,0.5,
1,2,6.943,0,0,-0.13125,0.5,-0.5,0.5,0.5,
1,2,6.945,0,0,-0.13125,0.5,-0.5,0.5,0.5,
1,2,6.947,0,0,-0.13125,0.5,-0.5,0.5,0.5,
1,2,6.949,0,0,-0.13125,0.5,-0.5,0.5,0.5,
1,2,6.951,0,0,-0.13125,0.5,-0.5,0.5,0.5,
1,2,6.953,0,0,-0.13125,0.5,-0.5,0.5,0.5,
1,2,6.955,0,0,-0.13125,0.5,-0.5,0.5,0.5,
1,2,6.957,0,0,-0.13125,0.5,-0.5,0.5,0.5,
1,2,6.959,0,0,-0.13125,0.5,-0.5,0.5,0.5,
1,2,6.961,0,0,-0.13125,0.5,-0.5,0.5,0.5,
1,2,6.963,0,0,-0.13125,0.5,-0.5,0.5,0.5,
1,2,6.965,0,0,-0.13125,0.5,-0.5,0.5,0.5,
1,2,6.967,0,0,-0.13125,0.5,-0.5,0.5,0.5,
1,2,6.969,0,0,-0.13125,0.5,-0.5,0.5,0.5,
1,2,6.971,0,0,-0.13125,0.5,-0.5,0.5,0.5,
1,2,6.973,0,0,-0.13125,0.5,-0.5,0.5,0.5,
1,2,6.975,0,0,-0.13125,0.5,-0.5,0.5,0.5,
1,2,6.977,0,0,-0.13125,0.5,-0.5,0.5,0.5,
1,2,6.979,0,0,-0.13125,0.5,-0.5,0.5,0.5,
1,2,6.981,0,0,-0.13125,0.5,-0.5,0.5,0.5,
1,2,6.983,0,0,-0.13125,0.5,-0.5,0.5,0.5,
1,2,6.985,0,0,-0.13125,0.5,-0.5,0.5,0.5,
1,2,6.987,0,0,-0.13125,0.5,-0.5,0.5,0.5,
1,2,6.989,0,0,-0.13125,0.5,-0.5,0.5,0.5,
1,2,6.991,0,0,-0.13125,0.5,-0.5,0.5,0.5,
1,2,6.993,0,0,-0.13125,0.5,-0.5,0.5,0.5,
1,2,6.995,0,0,-0.13125,0.5,-0.5,0.5,0.5,
1,2,6.997,0,0,-0.13125,0.5,-0.5,0.5,0.5,
1,2,6.999,0,0,-0.13125,0.5,-0.5,0.5,0.5,
1,2,7.001,0,0,-0.13125,0.5,-0.5,0.5,0.5,
1,2,7.003,0,0,-0.13125,0.5,-0.5,0.5,0.5,
1,2,7.005,0,0,-0.13125,0.5,-0.5,0.5,0.5,
1,2,7.007,0,0,-0.13125,0.5,-0.5,0.5,0.5,
1,2,7.009,0,0,-0.13125,0.5,-0.5,0.5,0.5,
1,2,7.011,0,0,-0.13125,0.5,-0.5,0.5,0.5,
1,2,7.013,0,0,-0.13125,0.5,-0.5,0.5,0.5,
1,2,7.015,0,0,-0.13125,0.5,-0.5,0.5,0.5,
1,2,7.017,0,0,-0.13125,0.5,-0.5,0.5,0.5,
1,2,7.019,0,0,-0.13125,0.5,-0.5,0.5,0.5,
1,2,7.021,0,0,-0.13125,0.5,-0.5,0.5,0.5,
1,2,7.023,0,0,-0.13125,0.5,-0.5,0.5,0.5,
1,2,7.025,0,0,-0.13125,0.5,-0.5,0.5,0.5,
1,2,7.027,0,0,-0.13125,0.5,-0.5,0.5,0.5,
1,2,7.029,0,0,-0.13125,0.5,-0.5,0.5,0.5,
1,2,7.031,0,0,-0.13125,0.5,-0.5,0.5,0.5,
1,2,7.033,0,0,-0.13125,0.5,-0.5,0.5,0.5,
1,2,7.035,0,0,-0.13125,0.5,-0.5,0.5,0.5,
1,2,7.037,0,0,-0.13125,0.5,-0.5,0.5,0.5,
1,2,7.039,0,0,-0.13125,0.5,-0.5,0.5,0.5,
1,2,7.041,0,0,-0.13125,0.5,-0.5,0.5,0.5,
1,2,7.043,0,0,-0.13125,0.5,-0.5,0.5,0.5,
1,2,7.045,0,0,-0.13125,0.5,-0.5,0.5,0.5,
1,2,7.047,0,0,-0.13125,0.5,-0.5,0.5,0.5,
1,2,7.049,0,0,-0.13125,0.5,-0.5,0.5,0.5,
1,2,7.051,0,0,-0.13125,0.5,-0.5,0.5,0.5,
1,2,7.053,0,0,-0.13125,0.5,-0.5,0.5,0.5,
1,2,7.055,0,0,-0.13125,0.5,-0.5,0.5,0.5,
1,2,7.057,0,0,-0.13125,0.5,-0.5,0.5,0.5,
1,2,7.059,0,0,-0.13125,0.5,-0.5,0.5,0.5,
1,2,7.061,0,0,-0.13125,0.5,-0.5,0.5,0.5,
1,2,7.063,0,0,-0.13125,0.5,-0.5,0.5,0.5,
1,2,7.065,0,0,-0.13125,0.5,-0.5,0.5,0.5,
1,2,7.067,0,0,-0.13125,0.5,-0.5,0.5,0.5,
1,2,7.069,0,0,-0.13125,0.5,-0.5,0.5,0.5,
1,2,7.071,0,0,-0.13125,0.5,-0.5,0.5,0.5,
1,2,7.073,0,0,-0.13125,0.5,-0.5,0.5,0.5,
1,2,7.075,0,0,-0.13125,0.5,-0.5,0.5,0.5,
1,2,7.077,0,0,-0.13125,0.5,-0.5,0.5,0.5,
1,2,7.079,0,0,-0.13125,0.5,-0.5,0.5,0.5,
1,2,7.081,0,0,-0.13125,0.5,-0.5,0.5,0.5,
1,2,7.083,0,0,-0.13125,0.5,-0.5,0.5,0.5,
1,2,7.085,0,0,-0.13125,0.5,-0.5,0.5,0.5,
1,2,7.087,0,0,-0.13125,0.5,-0.5,0.5,0.5,
1,2,7.089,0,0,-0.13125,0.5,-0.5,0.5,0.5,
1,2,7.091,0,0,-0.13125,0.5,-0.5,0.5,0.5,
1,2,7.093,0,0,-0.13125,0.5,-0.5,0.5,0.5,
1,2,7.095,0,0,-0.13125,0.5,-0.5,0.5,0.5,
1,2,7.097,0,0,-0.13125,0.5,-0.5,0.5,0.5,
1,2,7.099,0,0,-0.13125,0.5,-0.5,0.5,0.5,
1,2,7.101,0,0,-0.13125,0.5,-0.5,0.5,0.5,
1,2,7.103,0,0,-0.13125,0.5,-0.5,0.5,0.5,
1,2,7.105,0,0,-0.13125,0.5,-0.5,0.5,0.5,
1,2,7.107,0,0,-0.13125,0.5,-0.5,0.5,0.5,
1,2,7.109,0,0,-0.13125,0.5,-0.5,0.5,0.5,
1,2,7.111,0,0,-0.13125,0.5,-0.5,0.5,0.5,
1,2,7.113,0,0,-0.13125,0.5,-0.5,0.5,0.5,
1,2,7.115,0,0,-0.13125,0.5,-0.5,0.5,0.5,
1,2,7.117,0,0,-0.13125,0.5,-0.5,0.5,0.5,
1,2,7.119,0,0,-0.13125,0.5,-0.5,0.5,0.5,
1,2,7.121,0,0,-0.13125,0.5,-0.5,0.5,0.5,
1,2,7.123,0,0,-0.13125,0.5,-0.5,0.5,0.5,
1,2,7.125,0,0,-0.13125,0.5,-0.5,0.5,0.5,
1,2,7.127,0,0,-0.13125,0.5,-0.5,0.5,0.5,
1,2,7.129,0,0,-0.13125,0.5,-0.5,0.5,0.5,
1,2,7.131,0,0,-0.13125,0.5,-0.5,0.5,0.5,
1,2,7.133,0,0,-0.13125,0.5,-0.5,0.5,0.5,
1,2,7.135,0,0,-0.13125,0.5,-0.5,0.5,0.5,
1,2,7.137,0,0,-0.13125,0.5,-0.5,0.5,0.5,
1,2,7.139,0,0,-0.13125,0.5,-0.5,0.5,0.5,
1,2,7.141,0,0,-0.13125,0.5,-0.5,0.5,0.5,
1,2,7.143,0,0,-0.13125,0.5,-0.5,0.5,0.5,
1,2,7.145,0,0,-0.13125,0.5,-0.5,0.5,0.5,
1,2,7.147,0,0,-0.13125,0.5,-0.5,0.5,0.5,
1,2,7.149,0,0,-0.13125,0.5,-0.5,0.5,0.5,
1,2,7.151,0,0,-0.13125,0.5,-0.5,0.5,0.5,
1,2,7.153,0,0,-0.13125,0.5,-0.5,0.5,0.5,
1,2,7.155,0,0,-0.13125,0.5,-0.5,0.5,0.5,
1,2,7.157,0,0,-0.13125,0.5,-0.5,0.5,0.5,
1,2,7.159,0,0,-0.13125,0.5,-0.5,0.5,0.5,
1,2,7.161,0,0,-0.13125,0.5,-0.5,0.5,0.5,
1,2,7.163,0,0,-0.13125,0.5,-0.5,0.5,0.5,
1,2,7.165,0,0,-0.13125,0.5,-0.5,0.5,0.5,
1,2,7.167,0,0,-0.13125,0.5,-0.5,0.5,0.5,
1,2,7.169,0,0,-0.13125,0.5,-0.5,0.5,0.5,
1,2,7.171,0,0,-0.13125,0.5,-0.5,0.5,0.5,
1,2,7.173,0,0,-0.13125,0.5,-0.5,0.5,0.5,
1,2,7.175,0,0,-0.13125,0.5,-0.5,0.5,0.5,
1,2,7.177,0,0,-0.13125,0.5,-0.5,0.5,0.5,
1,2,7.179,0,0,-0.13125,0.5,-0.5,0.5,0.5,
1,2,7.181,0,0,-0.13125,0.5,-0.5,0.5,0.5,
1,2,7.183,0,0,-0.13125,0.5,-0.5,0.5,0.5,
1,2,7.185,0,0,-0.13125,0.5,-0.5,0.5,0.5,
1,2,7.187,0,0,-0.13125,0.5,-0.5,0.5,0.5,
1,2,7.189,0,0,-0.13125,0.5,-0.5,0.5,0.5,
1,2,7.191,0,0,-0.13125,0.5,-0.5,0.5,0.5,
1,2,7.193,0,0,-0.13125,0.5,-0.5,0.5,0.5,
1,2,7.195,0,0,-0.13125,0.5,-0.5,0.5,0.5,
1,2,7.197,0,0,-0.13125,0.5,-0.5,0.5,0.5,
1,2,7.199,0,0,-0.13125,0.5,-0.5,0.5,0.5,
1,2,7.201,0,0,-0.13125,0.5,-0.5,0.5,0.5,
1,2,7.203,0,0,-0.13125,0.5,-0.5,0.5,0.5,
1,2,7.205,0,0,-0.13125,0.5,-0.5,0.5,0.5,
1,2,7.207,0,0,-0.13125,0.5,-0.5,0.5,0.5,
1,2,7.209,0,0,-0.13125,0.5,-0.5,0.5,0.5,
1,2,7.211,0,0,-0.13125,0.5,-0.5,0.5,0.5,
1,2,7.213,0,0,-0.13125,0.5,-0.5,0.5,0.5,
1,2,7.215,0,0,-0.13125,0.5,-0.5,0.5,0.5,
1,2,7.217,0,0,-0.13125,0.5,-0.5,0.5,0.5,
1,2,7.219,0,0,-0.13125,0.5,-0.5,0.5,0.5,
1,2,7.221,0,0,-0.13125,0.5,-0.5,0.5,0.5,
1,2,7.223,0,0,-0.13125,0.5,-0.5,0.5,0.5,
1,2,7.225,0,0,-0.13125,0.5,-0.5,0.5,0.5,
1,2,7.227,0,0,-0.13125,0.5,-0.5,0.5,0.5,
1,2,7.229,0,0,-0.13125,0.5,-0.5,0.5,0.5,
1,2,7.231,0,0,-0.13125,0.5,-0.5,0.5,0.5,
1,2,7.233,0,0,-0.13125,0.5,-0.5,0.5,0.5,
1,2,7.235,0,0,-0.13125,0.5,-0.5,0.5,0.5,
1,2,7.237,0,0,-0.13125,0.5,-0.5,0.5,0.5,
1,2,7.239,0,0,-0.13125,0.5,-0.5,0.5,0.5,
1,2,7.241,0,0,-0.13125,0.5,-0.5,0.5,0.5,
1,2,7.243,0,0,-0.13125,0.5,-0.5,0.5,0.5,
1,2,7.245,0,0,-0.13125,0.5,-0.5,0.5,0.5,
1,2,7.247,0,0,-0.13125,0.5,-0.5,0.5,0.5,
1,2,7.249,0,0,-0.13125,0.5,-0.5,0.5,0.5,
1,2,7.251,0,0,-0.13125,0.5,-0.5,0.5,0.5,
1,2,7.253,0,0,-0.13125,0.5,-0.5,0.5,0.5,
1,2,7.255,0,0,-0.13125,0.5,-0.5,0.5,0.5,
1,2,7.257,0,0,-0.13125,0.5,-0.5,0.5,0.5,
1,2,7.259,0,0,-0.13125,0.5,-0.5,0.5,0.5,
1,2,7.261,0,0,-0.13125,0.5,-0.5,0.5,0.5,
1,2,7.263,0,0,-0.13125,0.5,-0.5,0.5,0.5,
1,2,7.265,0,0,-0.13125,0.5,-0.5,0.5,0.5,
1,2,7.267,0,0,-0.13125,0.5,-0.5,0.5,0.5,
1,2,7.269,0,0,-0.13125,0.5,-0.5,0.5,0.5,
1,2,7.271,0,0,-0.13125,0.5,-0.5,0.5,0.5,
1,2,7.273,0,0,-0.13125,0.5,-0.5,0.5,0.5,
1,2,7.275,0,0,-0.13125,0.5,-0.5,0.5,0.5,
1,2,7.277,0,0,-0.13125,0.5,-0.5,0.5,0.5,
1,2,7.279,0,0,-0.13125,0.5,-0.5,0.5,0.5,
1,2,7.281,0,0,-0.13125,0.5,-0.5,0.5,0.5,
1,2,7.283,0,0,-0.13125,0.5,-0.5,0.5,0.5,
1,2,7.285,0,0,-0.13125,0.5,-0.5,0.5,0.5,
1,2,7.287,0,0,-0.13125,0.5,-0.5,0.5,0.5,
1,2,7.289,0,0,-0.13125,0.5,-0.5,0.5,0.5,
1,2,7.291,0,0,-0.13125,0.5,-0.5,0.5,0.5,
1,2,7.293,0,0,-0.13125,0.5,-0.5,0.5,0.5,
1,2,7.295,0,0,-0.13125,0.5,-0.5,0.5,0.5,
1,2,7.297,0,0,-0.13125,0.5,-0.5,0.5,0.5,
1,2,7.299,0,0,-0.13125,0.5,-0.5,0.5,0.5,
1,2,7.301,0,0,-0.13125,0.5,-0.5,0.5,0.5,
1,2,7.303,0,0,-0.13125,0.5,-0.5,0.5,0.5,
1,2,7.305,0,0,-0.13125,0.5,-0.5,0.5,0.5,
1,2,7.307,0,0,-0.13125,0.5,-0.5,0.5,0.5,
1,2,7.309,0,0,-0.13125,0.5,-0.5,0.5,0.5,
1,2,7.311,0,0,-0.13125,0.5,-0.5,0.5,0.5,
1,2,7.313,0,0,-0.13125,0.5,-0.5,0.5,0.5,
1,2,7.315,0,0,-0.13125,0.5,-0.5,0.5,0.5,
1,2,7.317,0,0,-0.13125,0.5,-0.5,0.5,0.5,
1,2,7.319,0,0,-0.13125,0.5,-0.5,0.5,0.5,
1,2,7.321,0,0,-0.13125,0.5,-0.5,0.5,0.5,
1,2,7.323,0,0,-0.13125,0.5,-0.5,0.5,0.5,
1,2,7.325,0,0,-0.13125,0.5,-0.5,0.5,0.5,
1,2,7.327,0,0,-0.13125,0.5,-0.5,0.5,0.5,
1,2,7.329,0,0,-0.13125,0.5,-0.5,0.5,0.5,
1,2,7.331,0,0,-0.13125,0.5,-0.5,0.5,0.5,
1,2,7.333,0,0,-0.13125,0.5,-0.5,0.5,0.5,
1,2,7.335,0,0,-0.13125,0.5,-0.5,0.5,0.5,
1,2,7.337,0,0,-0.13125,0.5,-0.5,0.5,0.5,
1,2,7.339,0,0,-0.13125,0.5,-0.5,0.5,0.5,
1,2,7.341,0,0,-0.13125,0.5,-0.5,0.5,0.5,
1,2,7.343,0,0,-0.13125,0.5,-0.5,0.5,0.5,
1,2,7.345,0,0,-0.13125,0.5,-0.5,0.5,0.5,
1,2,7.347,0,0,-0.13125,0.5,-0.5,0.5,0.5,
1,2,7.349,0,0,-0.13125,0.5,-0.5,0.5,0.5,
1,2,7.351,0,0,-0.13125,0.5,-0.5,0.5,0.5,
1,2,7.353,0,0,-0.13125,0.5,-0.5,0.5,0.5,
1,2,7.355,0,0,-0.13125,0.5,-0.5,0.5,0.5,
1,2,7.357,0,0,-0.13125,0.5,-0.5,0.5,0.5,
1,2,7.359,0,0,-0.13125,0.5,-0.5,0.5,0.5,
1,2,7.361,0,0,-0.13125,0.5,-0.5,0.5,0.5,
1,2,7.363,0,0,-0.13125,0.5,-0.5,0.5,0.5,
1,2,7.365,0,0,-0.13125,0.5,-0.5,0.5,0.5,
1,2,7.367,0,0,-0.13125,0.5,-0.5,0.5,0.5,
1,2,7.369,0,0,-0.13125,0.5,-0.5,0.5,0.5,
1,2,7.371,0,0,-0.13125,0.5,-0.5,0.5,0.5,
1,2,7.373,0,0,-0.13125,0.5,-0.5,0.5,0.5,
1,2,7.375,0,0,-0.13125,0.5,-0.5,0.5,0.5,
1,2,7.377,0,0,-0.13125,0.5,-0.5,0.5,0.5,
1,2,7.379,0,0,-0.13125,0.5,-0.5,0.5,0.5,
1,2,7.381,0,0,-0.13125,0.5,-0.5,0.5,0.5,
1,2,7.383,0,0,-0.13125,0.5,-0.5,0.5,0.5,
1,2,7.385,0,0,-0.13125,0.5,-0.5,0.5,0.5,
1,2,7.387,0,0,-0.13125,0.5,-0.5,0.5,0.5,
1,2,7.389,0,0,-0.13125,0.5,-0.5,0.5,0.5,
1,2,7.391,0,0,-0.13125,0.5,-0.5,0.5,0.5,
1,2,7.393,0,0,-0.13125,0.5,-0.5,0.5,0.5,
1,2,7.395,0,0,-0.13125,0.5,-0.5,0.5,0.5,
1,2,7.397,0,0,-0.13125,0.5,-0.5,0.5,0.5,
1,2,7.399,0,0,-0.13125,0.5,-0.5,0.5,0.5,
1,2,7.401,0,0,-0.13125,0.5,-0.5,0.5,0.5,
1,2,7.403,0,0,-0.13125,0.5,-0.5,0.5,0.5,
1,2,7.405,0,0,-0.13125,0.5,-0.5,0.5,0.5,
1,2,7.407,0,0,-0.13125,0.5,-0.5,0.5,0.5,
1,2,7.409,0,0,-0.13125,0.5,-0.5,0.5,0.5,
1,2,7.411,0,0,-0.13125,0.5,-0.5,0.5,0.5,
1,2,7.413,0,0,-0.13125,0.5,-0.5,0.5,0.5,
1,2,7.415,0,0,-0.13125,0.5,-0.5,0.5,0.5,
1,2,7.417,0,0,-0.13125,0.5,-0.5,0.5,0.5,
1,2,7.419,0,0,-0.13125,0.5,-0.5,0.5,0.5,
1,2,7.421,0,0,-0.13125,0.5,-0.5,0.5,0.5,
1,2,7.423,0,0,-0.13125,0.5,-0.5,0.5,0.5,
1,2,7.425,0,0,-0.13125,0.5,-0.5,0.5,0.5,
1,2,7.427,0,0,-0.13125,0.5,-0.5,0.5,0.5,
1,2,7.429,0,0,-0.13125,0.5,-0.5,0.5,0.5,
1,2,7.431,0,0,-0.13125,0.5,-0.5,0.5,0.5,
1,2,7.433,0,0,-0.13125,0.5,-0.5,0.5,0.5,
1,2,7.435,0,0,-0.13125,0.5,-0.5,0.5,0.5,
1,2,7.437,0,0,-0.13125,0.5,-0.5,0.5,0.5,
1,2,7.439,0,0,-0.13125,0.5,-0.5,0.5,0.5,
1,2,7.441,0,0,-0.13125,0.5,-0.5,0.5,0.5,
1,2,7.443,0,0,-0.13125,0.5,-0.5,0.5,0.5,
1,2,7.445,0,0,-0.13125,0.5,-0.5,0.5,0.5,
1,2,7.447,0,0,-0.13125,0.5,-0.5,0.5,0.5,
1,2,7.449,0,0,-0.13125,0.5,-0.5,0.5,0.5,
1,2,7.451,0,0,-0.13125,0.5,-0.5,0.5,0.5,
1,2,7.453,0,0,-0.13125,0.5,-0.5,0.5,0.5,
1,2,7.455,0,0,-0.13125,0.5,-0.5,0.5,0.5,
1,2,7.457,0,0,-0.13125,0.5,-0.5,0.5,0.5,
1,2,7.459,0,0,-0.13125,0.5,-0.5,0.5,0.5,
1,2,7.461,0,0,-0.13125,0.5,-0.5,0.5,0.5,
1,2,7.463,0,0,-0.13125,0.5,-0.5,0.5,0.5,
1,2,7.465,0,0,-0.13125,0.5,-0.5,0.5,0.5,
1,2,7.467,0,0,-0.13125,0.5,-0.5,0.5,0.5,
1,2,7.469,0,0,-0.13125,0.5,-0.5,0.5,0.5,
1,2,7.471,0,0,-0.13125,0.5,-0.5,0.5,0.5,
1,2,7.473,0,0,-0.13125,0.5,-0.5,0.5,0.5,
1,2,7.475,0,0,-0.13125,0.5,-0.5,0.5,0.5,
1,2,7.477,0,0,-0.13125,0.5,-0.5,0.5,0.5,
1,2,7.479,0,0,-0.13125,0.5,-0.5,0.5,0.5,
1,2,7.481,0,0,-0.13125,0.5,-0.5,0.5,0.5,
1,2,7.483,0,0,-0.13125,0.5,-0.5,0.5,0.5,
1,2,7.485,0,0,-0.13125,0.5,-0.5,0.5,0.5,
1,2,7.487,0,0,-0.13125,0.5,-0.5,0.5,0.5,
1,2,7.489,0,0,-0.13125,0.5,-0.5,0.5,0.5,
1,2,7.491,0,0,-0.13125,0.5,-0.5,0.5,0.5,
1,2,7.493,0,0,-0.13125,0.5,-0.5,0.5,0.5,
1,2,7.495,0,0,-0.13125,0.5,-0.5,0.5,0.5,
1,2,7.497,0,0,-0.13125,0.5,-0.5,0.5,0.5,
1,2,7.499,0,0,-0.13125,0.5,-0.5,0.5,0.5,
1,2,7.501,0,0,-0.13125,0.5,-0.5,0.5,0.5,
1,2,7.503,0,0,-0.13125,0.5,-0.5,0.5,0.5,
1,2,7.505,0,0,-0.13125,0.5,-0.5,0.5,0.5,
1,2,7.507,0,0,-0.13125,0.5,-0.5,0.5,0.5,
1,2,7.509,0,0,-0.13125,0.5,-0.5,0.5,0.5,
1,2,7.511,0,0,-0.13125,0.5,-0.5,0.5,0.5,
1,2,7.513,0,0,-0.13125,0.5,-0.5,0.5,0.5,
1,2,7.515,0,0,-0.13125,0.5,-0.5,0.5,0.5,
1,2,7.517,0,0,-0.13125,0.5,-0.5,0.5,0.5,
1,2,7.519,0,0,-0.13125,0.5,-0.5,0.5,0.5,
1,2,7.521,0,0,-0.13125,0.5,-0.5,0.5,0.5,
1,2,7.523,0,0,-0.13125,0.5,-0.5,0.5,0.5,
1,2,7.525,0,0,-0.13125,0.5,-0.5,0.5,0.5,
1,2,7.527,0,0,-0.13125,0.5,-0.5,0.5,0.5,
1,2,7.529,0,0,-0.13125,0.5,-0.5,0.5,0.5,
1,2,7.531,0,0,-0.13125,0.5,-0.5,0.5,0.5,
1,2,7.533,0,0,-0.13125,0.5,-0.5,0.5,0.5,
1,2,7.535,0,0,-0.13125,0.5,-0.5,0.5,0.5,
1,2,7.537,0,0,-0.13125,0.5,-0.5,0.5,0.5,
1,2,7.539,0,0,-0.13125,0.5,-0.5,0.5,0.5,
1,2,7.541,0,0,-0.13125,0.5,-0.5,0.5,0.5,
1,2,7.543,0,0,-0.13125,0.5,-0.5,0.5,0.5,
1,2,7.545,0,0,-0.13125,0.5,-0.5,0.5,0.5,
1,2,7.547,0,0,-0.13125,0.5,-0.5,0.5,0.5,
1,2,7.549,0,0,-0.13125,0.5,-0.5,0.5,0.5,
1,2,7.551,0,0,-0.13125,0.5,-0.5,0.5,0.5,
1,2,7.553,0,0,-0.13125,0.5,-0.5,0.5,0.5,
1,2,7.555,0,0,-0.13125,0.5,-0.5,0.5,0.5,
1,2,7.557,0,0,-0.13125,0.5,-0.5,0.5,0.5,
1,2,7.559,0,0,-0.13125,0.5,-0.5,0.5,0.5,
1,2,7.561,0,0,-0.13125,0.5,-0.5,0.5,0.5,
1,2,7.563,0,0,-0.13125,0.5,-0.5,0.5,0.5,
1,2,7.565,0,0,-0.13125,0.5,-0.5,0.5,0.5,
1,2,7.567,0,0,-0.13125,0.5,-0.5,0.5,0.5,
1,2,7.569,0,0,-0.13125,0.5,-0.5,0.5,0.5,
1,2,7.571,0,0,-0.13125,0.5,-0.5,0.5,0.5,
1,2,7.573,0,0,-0.13125,0.5,-0.5,0.5,0.5,
1,2,7.575,0,0,-0.13125,0.5,-0.5,0.5,0.5,
1,2,7.577,0,0,-0.13125,0.5,-0.5,0.5,0.5,
1,2,7.579,0,0,-0.13125,0.5,-0.5,0.5,0.5,
1,2,7.581,0,0,-0.13125,0.5,-0.5,0.5,0.5,
1,2,7.583,0,0,-0.13125,0.5,-0.5,0.5,0.5,
1,2,7.585,0,0,-0.13125,0.5,-0.5,0.5,0.5,
1,2,7.587,0,0,-0.13125,0.5,-0.5,0.5,0.5,
1,2,7.589,0,0,-0.13125,0.5,-0.5,0.5,0.5,
1,2,7.591,0,0,-0.13125,0.5,-0.5,0.5,0.5,
1,2,7.593,0,0,-0.13125,0.5,-0.5,0.5,0.5,
1,2,7.595,0,0,-0.13125,0.5,-0.5,0.5,0.5,
1,2,7.597,0,0,-0.13125,0.5,-0.5,0.5,0.5,
1,2,7.599,0,0,-0.13125,0.5,-0.5,0.5,0.5,
1,2,7.601,0,0,-0.13125,0.5,-0.5,0.5,0.5,
1,2,7.603,0,0,-0.13125,0.5,-0.5,0.5,0.5,
1,2,7.605,0,0,-0.13125,0.5,-0.5,0.5,0.5,
1,2,7.607,0,0,-0.13125,0.5,-0.5,0.5,0.5,
1,2,7.609,0,0,-0.13125,0.5,-0.5,0.5,0.5,
1,2,7.611,0,0,-0.13125,0.5,-0.5,0.5,0.5,
1,2,7.613,0,0,-0.13125,0.5,-0.5,0.5,0.5,
1,2,7.615,0,0,-0.13125,0.5,-0.5,0.5,0.5,
1,2,7.617,0,0,-0.13125,0.5,-0.5,0.5,0.5,
1,2,7.619,0,0,-0.13125,0.5,-0.5,0.5,0.5,
1,2,7.621,0,0,-0.13125,0.5,-0.5,0.5,0.5,
1,2,7.623,0,0,-0.13125,0.5,-0.5,0.5,0.5,
1,2,7.625,0,0,-0.13125,0.5,-0.5,0.5,0.5,
1,2,7.627,0,0,-0.13125,0.5,-0.5,0.5,0.5,
1,2,7.629,0,0,-0.13125,0.5,-0.5,0.5,0.5,
1,2,7.631,0,0,-0.13125,0.5,-0.5,0.5,0.5,
1,2,7.633,0,0,-0.13125,0.5,-0.5,0.5,0.5,
1,2,7.635,0,0,-0.13125,0.5,-0.5,0.5,0.5,
1,2,7.637,0,0,-0.13125,0.5,-0.5,0.5,0.5,
1,2,7.639,0,0,-0.13125,0.5,-0.5,0.5,0.5,
1,2,7.641,0,0,-0.13125,0.5,-0.5,0.5,0.5,
1,2,7.643,0,0,-0.13125,0.5,-0.5,0.5,0.5,
1,2,7.645,0,0,-0.13125,0.5,-0.5,0.5,0.5,
1,2,7.647,0,0,-0.13125,0.5,-0.5,0.5,0.5,
1,2,7.649,0,0,-0.13125,0.5,-0.5,0.5,0.5,
1,2,7.651,0,0,-0.13125,0.5,-0.5,0.5,0.5,
1,2,7.653,0,0,-0.13125,0.5,-0.5,0.5,0.5,
1,2,7.655,0,0,-0.13125,0.5,-0.5,0.5,0.5,
1,2,7.657,0,0,-0.13125,0.5,-0.5,0.5,0.5,
1,2,7.659,0,0,-0.13125,0.5,-0.5,0.5,0.5,
1,2,7.661,0,0,-0.13125,0.5,-0.5,0.5,0.5,
1,2,7.663,0,0,-0.13125,0.5,-0.5,0.5,0.5,
1,2,7.665,0,0,-0.13125,0.5,-0.5,0.5,0.5,
1,2,7.667,0,0,-0.13125,0.5,-0.5,0.5,0.5,
1,2,7.669,0,0,-0.13125,0.5,-0.5,0.5,0.5,
1,2,7.671,0,0,-0.13125,0.5,-0.5,0.5,0.5,
1,2,7.673,0,0,-0.13125,0.5,-0.5,0.5,0.5,
1,2,7.675,0,0,-0.13125,0.5,-0.5,0.5,0.5,
1,2,7.677,0,0,-0.13125,0.5,-0.5,0.5,0.5,
1,2,7.679,0,0,-0.13125,0.5,-0.5,0.5,0.5,
1,2,7.681,0,0,-0.13125,0.5,-0.5,0.5,0.5,
1,2,7.683,0,0,-0.13125,0.5,-0.5,0.5,0.5,
1,2,7.685,0,0,-0.13125,0.5,-0.5,0.5,0.5,
1,2,7.687,0,0,-0.13125,0.5,-0.5,0.5,0.5,
1,2,7.689,0,0,-0.13125,0.5,-0.5,0.5,0.5,
1,2,7.691,0,0,-0.13125,0.5,-0.5,0.5,0.5,
1,2,7.693,0,0,-0.13125,0.5,-0.5,0.5,0.5,
1,2,7.695,0,0,-0.13125,0.5,-0.5,0.5,0.5,
1,2,7.697,0,0,-0.13125,0.5,-0.5,0.5,0.5,
1,2,7.699,0,0,-0.13125,0.5,-0.5,0.5,0.5,
1,2,7.701,0,0,-0.13125,0.5,-0.5,0.5,0.5,CourtEnter
1,2,7.703,0,0,-0.13125,0.5,-0.5,0.5,0.5,
1,2,7.705,0,0,-0.13125,0.5,-0.5,0.5,0.5,
1,2,7.707,0,0,-0.13125,0.5,-0.5,0.5,0.5,CourtExit
1,2,7.709,0,0,-0.13125,0.5,-0.5,0.5,0.5,
1,2,7.711,0,0,-0.13125,0.5,-0.5,0.5,0.5,
1,2,7.713,0,0,-0.13125,0.5,-0.5,0.5,0.5,
1,2,7.715,0,0,-0.13125,0.5,-0.5,0.5,0.5,
1,2,7.717,0,0,-0.13125,0.5,-0.5,0.5,0.5,
1,2,7.719,0,0,-0.13125,0.5,-0.5,0.5,0.5,
1,2,7.721,0,0,-0.13125,0.5,-0.5,0.5,0.5,
1,2,7.723,0,0,-0.13125,0.5,-0.5,0.5,0.5,
1,2,7.725,0,0,-0.13125,0.5,-0.5,0.5,0.5,
1,2,7.727,0,0,-0.13125,0.5,-0.5,0.5,0.5,
1,2,7.729,0,0,-0.13125,0.5,-0.5,0.5,0.5,
1,2,7.731,0,0,-0.13125,0.5,-0.5,0.5,0.5,
1,2,7.733,0,0,-0.13125,0.5,-0.5,0.5,0.5,
1,2,7.735,0,0,-0.13125,0.5,-0.5,0.5,0.5,
1,2,7.737,0,0,-0.13125,0.5,-0.5,0.5,0.5,
1,2,7.739,0,0,-0.13125,0.5,-0.5,0.5,0.5,
1,2,7.741,0,0,-0.13125,0.5,-0.5,0.5,0.5,
1,2,7.743,0,0,-0.13125,0.5,-0.5,0.5,0.5,
1,2,7.745,0,0,-0.13125,0.5,-0.5,0.5,0.5,
1,2,7.747,0,0,-0.13125,0.5,-0.5,0.5,0.5,
1,2,7.749,0,0,-0.13125,0.5,-0.5,0.5,0.5,
1,2,7.751,0,0,-0.13125,0.5,-0.5,0.5,0.5,
1,2,7.753,0,0,-0.13125,0.5,-0.5,0.5,0.5,
1,2,7.755,0,0,-0.13125,0.5,-0.5,0.5,0.5,
1,2,7.757,0,0,-0.13125,0.5,-0.5,0.5,0.5,
1,2,7.759,0,0,-0.13125,0.5,-0.5,0.5,0.5,
1,2,7.761,0,0,-0.13125,0.5,-0.5,0.5,0.5,
1,2,7.763,0,0,-0.13125,0.5,-0.5,0.5,0.5,
1,2,7.765,0,0,-0.13125,0.5,-0.5,0.5,0.5,
1,2,7.767,0,0,-0.13125,0.5,-0.5,0.5,0.5,
1,2,7.769,0,0,-0.13125,0.5,-0.5,0.5,0.5,
1,2,7.771,0,0,-0.13125,0.5,-0.5,0.5,0.5,
1,2,7.773,0,0,-0.13125,0.5,-0.5,0.5,0.5,
1,2,7.775,0,0,-0.13125,0.5,-0.5,0.5,0.5,
1,2,7.777,0,0,-0.13125,0.5,-0.5,0.5,0.5,
1,2,7.779,0,0,-0.13125,0.5,-0.5,0.5,0.5,
1,2,7.781,0,0,-0.13125,0.5,-0.5,0.5,0.5,
1,2,7.783,0,0,-0.13125,0.5,-0.5,0.5,0.5,
1,2,7.785,0,0,-0.13125,0.5,-0.5,0.5,0.5,
1,2,7.787,0,0,-0.13125,0.5,-0.5,0.5,0.5,
1,2,7.789,0,0,-0.13125,0.5,-0.5,0.5,0.5,
1,2,7.791,0,0,-0.13125,0.5,-0.5,0.5,0.5,
1,2,7.793,0,0,-0.13125,0.5,-0.5,0.5,0.5,
1,2,7.795,0,0,-0.13125,0.5,-0.5,0.5,0.5,
1,2,7.797,0,0,-0.13125,0.5,-0.5,0.5,0.5,
1,2,7.799,0,0,-0.13125,0.5,-0.5,0.5,0.5,
1,2,7.801,0,0,-0.13125,0.5,-0.5,0.5,0.5,
1,2,7.803,0,0,-0.13125,0.5,-0.5,0.5,0.5,
1,2,7.805,0,0,-0.13125,0.5,-0.5,0.5,0.5,
1,2,7.807,0,0,-0.13125,0.5,-0.5,0.5,0.5,
1,2,7.809,0,0,-0.13125,0.5,-0.5,0.5,0.5,
1,2,7.811,0,0,-0.13125,0.5,-0.5,0.5,0.5,
1,2,7.813,0,0,-0.13125,0.5,-0.5,0.5,0.5,
1,2,7.815,0,0,-0.13125,0.5,-0.5,0.5,0.5,
1,2,7.817,0,0,-0.13125,0.5,-0.5,0.5,0.5,
1,2,7.819,0,0,-0.13125,0.5,-0.5,0.5,0.5,
1,2,7.821,0,0,-0.13125,0.5,-0.5,0.5,0.5,
1,2,7.823,0,0,-0.13125,0.5,-0.5,0.5,0.5,
1,2,7.825,0,0,-0.13125,0.5,-0.5,0.5,0.5,
1,2,7.827,0,0,-0.13125,0.5,-0.5,0.5,0.5,
1,2,7.829,0,0,-0.13125,0.5,-0.5,0.5,0.5,
1,2,7.831,0,0,-0.13125,0.5,-0.5,0.5,0.5,
1,2,7.833,0,0,-0.13125,0.5,-0.5,0.5,0.5,
1,2,7.835,0,0,-0.13125,0.5,-0.5,0.5,0.5,
1,2,7.837,0,0,-0.13125,0.5,-0.5,0.5,0.5,
1,2,7.839,0,0,-0.13125,0.5,-0.5,0.5,0.5,
1,2,7.841,0,0,-0.13125,0.5,-0.5,0.5,0.5,
1,2,7.843,0,0,-0.13125,0.5,-0.5,0.5,0.5,
1,2,7.845,0,0,-0.13125,0.5,-0.5,0.5,0.5,
1,2,7.847,0,0,-0.13125,0.5,-0.5,0.5,0.5,
1,2,7.849,0,0,-0.13125,0.5,-0.5,0.5,0.5,
1,2,7.851,0,0,-0.13125,0.5,-0.5,0.5,0.5,
1,2,7.853,0,0,-0.13125,0.5,-0.5,0.5,0.5,
1,2,7.855,0,0,-0.13125,0.5,-0.5,0.5,0.5,
1,2,7.857,0,0,-0.13125,0.5,-0.5,0.5,0.5,
1,2,7.859,0,0,-0.13125,0.5,-0.5,0.5,0.5,
1,2,7.861,0,0,-0.13125,0.5,-0.5,0.5,0.5,
1,2,7.863,0,0,-0.13125,0.5,-0.5,0.5,0.5,
1,2,7.865,0,0,-0.13125,0.5,-0.5,0.5,0.5,
1,2,7.867,0,0,-0.13125,0.5,-0.5,0.5,0.5,
1,2,7.869,0,0,-0.13125,0.5,-0.5,0.5,0.5,
1,2,7.871,0,0,-0.13125,0.5,-0.5,0.5,0.5,
1,2,7.873,0,0,-0.13125,0.5,-0.5,0.5,0.5,
1,2,7.875,0,0,-0.13125,0.5,-0.5,0.5,0.5,
1,2,7.877,0,0,-0.13125,0.5,-0.5,0.5,0.5,
1,2,7.879,0,0,-0.13125,0.5,-0.5,0.5,0.5,
1,2,7.881,0,0,-0.13125,0.5,-0.5,0.5,0.5,
1,2,7.883,0,0,-0.13125,0.5,-0.5,0.5,0.5,
1,2,7.885,0,0,-0.13125,0.5,-0.5,0.5,0.5,
1,2,7.887,0,0,-0.13125,0.5,-0.5,0.5,0.5,
1,2,7.889,0,0,-0.13125,0.5,-0.5,0.5,0.5,
1,2,7.891,0,0,-0.13125,0.5,-0.5,0.5,0.5,
1,2,7.893,0,0,-0.13125,0.5,-0.5,0.5,0.5,
1,2,7.895,0,0,-0.13125,0.5,-0.5,0.5,0.5,
1,2,7.897,0,0,-0.13125,0.5,-0.5,0.5,0.5,
1,2,7.899,0,0,-0.13125,0.5,-0.5,0.5,0.5,
1,2,7.901,0,0,-0.13125,0.5,-0.5,0.5,0.5,
1,2,7.903,0,0,-0.13125,0.5,-0.5,0.5,0.5,
1,2,7.905,0,0,-0.13125,0.5,-0.5,0.5,0.5,
1,2,7.907,0,0,-0.13125,0.5,-0.5,0.5,0.5,
1,2,7.909,0,0,-0.13125,0.5,-0.5,0.5,0.5,
1,2,7.911,0,0,-0.13125,0.5,-0.5,0.5,0.5,
1,2,7.913,0,0,-0.13125,0.5,-0.5,0.5,0.5,
1,2,7.915,0,0,-0.13125,0.5,-0.5,0.5,0.5,
1,2,7.917,0,0,-0.13125,0.5,-0.5,0.5,0.5,
1,2,7.919,0,0,-0.13125,0.5,-0.5,0.5,0.5,
1,2,7.921,0,0,-0.13125,0.5,-0.5,0.5,0.5,
1,2,7.923,0,0,-0.13125,0.5,-0.5,0.5,0.5,
1,2,7.925,0,0,-0.13125,0.5,-0.5,0.5,0.5,
1,2,7.927,0,0,-0.13125,0.5,-0.5,0.5,0.5,
1,2,7.929,0,0,-0.13125,0.5,-0.5,0.5,0.5,
1,2,7.931,0,0,-0.13125,0.5,-0.5,0.5,0.5,
1,2,7.933,0,0,-0.13125,0.5,-0.5,0.5,0.5,
1,2,7.935,0,0,-0.13125,0.5,-0.5,0.5,0.5,
1,2,7.937,0,0,-0.13125,0.5,-0.5,0.5,0.5,
1,2,7.939,0,0,-0.13125,0.5,-0.5,0.5,0.5,
1,2,7.941,0,0,-0.13125,0.5,-0.5,0.5,0.5,
1,2,7.943,0,0,-0.13125,0.5,-0.5,0.5,0.5,
1,2,7.945,0,0,-0.13125,0.5,-0.5,0.5,0.5,
1,2,7.947,0,0,-0.13125,0.5,-0.5,0.5,0.5,
1,2,7.949,0,0,-0.13125,0.5,-0.5,0.5,0.5,
1,2,7.951,0,0,-0.13125,0.5,-0.5,0.5,0.5,
1,2,7.953,0,0,-0.13125,0.5,-0.5,0.5,0.5,
1,2,7.955,0,0,-0.13125,0.5,-0.5,0.5,0.5,
1,2,7.957,0,0,-0.13125,0.5,-0.5,0.5,0.5,
1,2,7.959,0,0,-0.13125,0.5,-0.5,0.5,0.5,
1,2,7.961,0,0,-0.13125,0.5,-0.5,0.5,0.5,
1,2,7.963,0,0,-0.13125,0.5,-0.5,0.5,0.5,
1,2,7.965,0,0,-0.13125,0.5,-0.5,0.5,0.5,
1,2,7.967,0,0,-0.13125,0.5,-0.5,0.5,0.5,
1,2,7.969,0,0,-0.13125,0.5,-0.5,0.5,0.5,
1,2,7.971,0,0,-0.13125,0.5,-0.5,0.5,0.5,
1,2,7.973,0,0,-0.13125,0.5,-0.5,0.5,0.5,
1,2,7.975,0,0,-0.13125,0.5,-0.5,0.5,0.5,
1,2,7.977,0,0,-0.13125,0.5,-0.5,0.5,0.5,
1,2,7.979,0,0,-0.13125,0.5,-0.5,0.5,0.5,
1,2,7.981,0,0,-0.13125,0.5,-0.5,0.5,0.5,
1,2,7.983,0,0,-0.13125,0.5,-0.5,0.5,0.5,
1,2,7.985,0,0,-0.13125,0.5,-0.5,0.5,0.5,
1,2,7.987,0,0,-0.13125,0.5,-0.5,0.5,0.5,
1,2,7.989,0,0,-0.13125,0.5,-0.5,0.5,0.5,
1,2,7.991,0,0,-0.13125,0.5,-0.5,0.5,0.5,
1,2,7.993,0,0,-0.13125,0.5,-0.5,0.5,0.5,
1,2,7.995,0,0,-0.13125,0.5,-0.5,0.5,0.5,
1,2,7.997,0,0,-0.13125,0.5,-0.5,0.5,0.5,
1,2,7.999,0,0,-0.13125,0.5,-0.5,0.5,0.5,
1,2,8.001,0,0,-0.13125,0.5,-0.5,0.5,0.5,
1,2,8.003,0,0,-0.13125,0.5,-0.5,0.5,0.5,
1,2,8.005,0,0,-0.13125,0.5,-0.5,0.5,0.5,
1,2,8.007,0,0,-0.13125,0.5,-0.5,0.5,0.5,
1,2,8.009,0,0,-0.13125,0.5,-0.5,0.5,0.5,
1,2,8.011,0,0,-0.13125,0.5,-0.5,0.5,0.5,
1,2,8.013,0,0,-0.13125,0.5,-0.5,0.5,0.5,
1,2,8.015,0,0,-0.13125,0.5,-0.5,0.5,0.5,
1,2,8.017,0,0,-0.13125,0.5,-0.5,0.5,0.5,
1,2,8.019,0,0,-0.13125,0.5,-0.5,0.5,0.5,
1,2,8.021,0,0,-0.13125,0.5,-0.5,0.5,0.5,
1,2,8.023,0,0,-0.13125,0.5,-0.5,0.5,0.5,
1,2,8.025,0,0,-0.13125,0.5,-0.5,0.5,0.5,
1,2,8.027,0,0,-0.13125,0.5,-0.5,0.5,0.5,
1,2,8.029,0,0,-0.13125,0.5,-0.5,0.5,0.5,
1,2,8.031,0,0,-0.13125,0.5,-0.5,0.5,0.5,
1,2,8.033,0,0,-0.13125,0.5,-0.5,0.5,0.5,
1,2,8.035,0,0,-0.13125,0.5,-0.5,0.5,0.5,
1,2,8.037,0,0,-0.13125,0.5,-0.5,0.5,0.5,
1,2,8.039,0,0,-0.13125,0.5,-0.5,0.5,0.5,
1,2,8.041,0,0,-0.13125,0.5,-0.5,0.5,0.5,
1,2,8.043,0,0,-0.13125,0.5,-0.5,0.5,0.5,
1,2,8.045,0,0,-0.13125,0.5,-0.5,0.5,0.5,
1,2,8.047,0,0,-0.13125,0.5,-0.5,0.5,0.5,
1,2,8.049,0,0,-0.13125,0.5,-0.5,0.5,0.5,
1,2,8.051,0,0,-0.13125,0.5,-0.5,0.5,0.5,
1,2,8.053,0,0,-0.13125,0.5,-0.5,0.5,0.5,
1,2,8.055,0,0,-0.13125,0.5,-0.5,0.5,0.5,
1,2,8.057,0,0,-0.13125,0.5,-0.5,0.5,0.5,
1,2,8.059,0,0,-0.13125,0.5,-0.5,0.5,0.5,
1,2,8.061,0,0,-0.13125,0.5,-0.5,0.5,0.5,
1,2,8.063,0,0,-0.13125,0.5,-0.5,0.5,0.5,
1,2,8.065,0,0,-0.13125,0.5,-0.5,0.5,0.5,
1,2,8.067,0,0,-0.13125,0.5,-0.5,0.5,0.5,
1,2,8.069,0,0,-0.13125,0.5,-0.5,0.5,0.5,
1,2,8.071,0,0,-0.13125,0.5,-0.5,0.5,0.5,
1,2,8.073,0,0,-0.13125,0.5,-0.5,0.5,0.5,
1,2,8.075,0,0,-0.13125,0.5,-0.5,0.5,0.5,
1,2,8.077,0,0,-0.13125,0.5,-0.5,0.5,0.5,
1,2,8.079,0,0,-0.13125,0.5,-0.5,0.5,0.5,
1,2,8.081,0,0,-0.13125,0.5,-0.5,0.5,0.5,
1,2,8.083,0,0,-0.13125,0.5,-0.5,0.5,0.5,
1,2,8.085,0,0,-0.13125,0.5,-0.5,0.5,0.5,
1,2,8.087,0,0,-0.13125,0.5,-0.5,0.5,0.5,
1,2,8.089,0,0,-0.13125,0.5,-0.5,0.5,0.5,
1,2,8.091,0,0,-0.13125,0.5,-0.5,0.5,0.5,
1,2,8.093,0,0,-0.13125,0.5,-0.5,0.5,0.5,
1,2,8.095,0,0,-0.13125,0.5,-0.5,0.5,0.5,
1,2,8.097,0,0,-0.13125,0.5,-0.5,0.5,0.5,
1,2,8.099,0,0,-0.13125,0.5,-0.5,0.5,0.5,
1,2,8.101,0,0,-0.13125,0.5,-0.5,0.5,0.5,
1,2,8.103,0,0,-0.13125,0.5,-0.5,0.5,0.5,
1,2,8.105,0,0,-0.13125,0.5,-0.5,0.5,0.5,
1,2,8.107,0,0,-0.13125,0.5,-0.5,0.5,0.5,
1,2,8.109,0,0,-0.13125,0.5,-0.5,0.5,0.5,
1,2,8.111,0,0,-0.13125,0.5,-0.5,0.5,0.5,
1,2,8.113,0,0,-0.13125,0.5,-0.5,0.5,0.5,
1,2,8.115,0,0,-0.13125,0.5,-0.5,0.5,0.5,
1,2,8.117,0,0,-0.13125,0.5,-0.5,0.5,0.5,
1,2,8.119,0,0,-0.13125,0.5,-0.5,0.5,0.5,
1,2,8.121,0,0,-0.13125,0.5,-0.5,0.5,0.5,
1,2,8.123,0,0,-0.13125,0.5,-0.5,0.5,0.5,
1,2,8.125,0,0,-0.13125,0.5,-0.5,0.5,0.5,
1,2,8.127,0,0,-0.13125,0.5,-0.5,0.5,0.5,
1,2,8.129,0,0,-0.13125,0.5,-0.5,0.5,0.5,
1,2,8.131,0,0,-0.13125,0.5,-0.5,0.5,0.5,
1,2,8.133,0,0,-0.13125,0.5,-0.5,0.5,0.5,
1,2,8.135,0,0,-0.13125,0.5,-0.5,0.5,0.5,
1,2,8.137,0,0,-0.13125,0.5,-0.5,0.5,0.5,
1,2,8.139,0,0,-0.13125,0.5,-0.5,0.5,0.5,
1,2,8.141,0,0,-0.13125,0.5,-0.5,0.5,0.5,
1,2,8.143,0,0,-0.13125,0.5,-0.5,0.5,0.5,
1,2,8.145,0,0,-0.13125,0.5,-0.5,0.5,0.5,
1,2,8.147,0,0,-0.13125,0.5,-0.5,0.5,0.5,
1,2,8.149,0,0,-0.13125,0.5,-0.5,0.5,0.5,
1,2,8.151,0,0,-0.13125,0.5,-0.5,0.5,0.5,
1,2,8.153,0,0,-0.13125,0.5,-0.5,0.5,0.5,
1,2,8.155,0,0,-0.13125,0.5,-0.5,0.5,0.5,
1,2,8.157,0,0,-0.13125,0.5,-0.5,0.5,0.5,
1,2,8.159,0,0,-0.13125,0.5,-0.5,0.5,0.5,
1,2,8.161,0,0,-0.13125,0.5,-0.5,0.5,0.5,
1,2,8.163,0,0,-0.13125,0.5,-0.5,0.5,0.5,
1,2,8.165,0,0,-0.13125,0.5,-0.5,0.5,0.5,
1,2,8.167,0,0,-0.13125,0.5,-0.5,0.5,0.5,
1,2,8.169,0,0,-0.13125,0.5,-0.5,0.5,0.5,
1,2,8.171,0,0,-0.13125,0.5,-0.5,0.5,0.5,
1,2,8.173,0,0,-0.13125,0.5,-0.5,0.5,0.5,
1,2,8.175,0,0,-0.13125,0.5,-0.5,0.5,0.5,
1,2,8.177,0,0,-0.13125,0.5,-0.5,0.5,0.5,
1,2,8.179,0,0,-0.13125,0.5,-0.5,0.5,0.5,
1,2,8.181,0,0,-0.13125,0.5,-0.5,0.5,0.5,
1,2,8.183,0,0,-0.13125,0.5,-0.5,0.5,0.5,
1,2,8.185,0,0,-0.13125,0.5,-0.5,0.5,0.5,
1,2,8.187,0,0,-0.13125,0.5,-0.5,0.5,0.5,
1,2,8.189,0,0,-0.13125,0.5,-0.5,0.5,0.5,
1,2,8.191,0,0,-0.13125,0.5,-0.5,0.5,0.5,
1,2,8.193,0,0,-0.13125,0.5,-0.5,0.5,0.5,
1,2,8.195,0,0,-0.13125,0.5,-0.5,0.5,0.5,
1,2,8.197,0,0,-0.13125,0.5,-0.5,0.5,0.5,
1,2,8.199,0,0,-0.13125,0.5,-0.5,0.5,0.5,
1,2,8.201,0,0,-0.13125,0.5,-0.5,0.5,0.5,
1,2,8.203,0,0,-0.13125,0.5,-0.5,0.5,0.5,
1,2,8.205,0,0,-0.13125,0.5,-0.5,0.5,0.5,
1,2,8.207,0,0,-0.13125,0.5,-0.5,0.5,0.5,
1,2,8.209,0,0,-0.13125,0.5,-0.5,0.5,0.5,
1,2,8.211,0,0,-0.13125,0.5,-0.5,0.5,0.5,
1,2,8.213,0,0,-0.13125,0.5,-0.5,0.5,0.5,
1,2,8.215,0,0,-0.13125,0.5,-0.5,0.5,0.5,
1,2,8.217,0,0,-0.13125,0.5,-0.5,0.5,0.5,
1,2,8.219,0,0,-0.13125,0.5,-0.5,0.5,0.5,
1,2,8.221,0,0,-0.13125,0.5,-0.5,0.5,0.5,
1,2,8.223,0,0,-0.13125,0.5,-0.5,0.5,0.5,
1,2,8.225,0,0,-0.13125,0.5,-0.5,0.5,0.5,
1,2,8.227,0,0,-0.13125,0.5,-0.5,0.5,0.5,
1,2,8.229,0,0,-0.13125,0.5,-0.5,0.5,0.5,
1,2,8.231,0,0,-0.13125,0.5,-0.5,0.5,0.5,
1,2,8.233,0,0,-0.13125,0.5,-0.5,0.5,0.5,
1,2,8.235,0,0,-0.13125,0.5,-0.5,0.5,0.5,
1,2,8.237,0,0,-0.13125,0.5,-0.5,0.5,0.5,
1,2,8.239,0,0,-0.13125,0.5,-0.5,0.5,0.5,
1,2,8.241,0,0,-0.13125,0.5,-0.5,0.5,0.5,
1,2,8.243,0,0,-0.13125,0.5,-0.5,0.5,0.5,
1,2,8.245,0,0,-0.13125,0.5,-0.5,0.5,0.5,
1,2,8.247,0,0,-0.13125,0.5,-0.5,0.5,0.5,
1,2,8.249,0,0,-0.13125,0.5,-0.5,0.5,0.5,
1,2,8.251,0,0,-0.13125,0.5,-0.5,0.5,0.5,
1,2,8.253,0,0,-0.13125,0.5,-0.5,0.5,0.5,
1,2,8.255,0,0,-0.13125,0.5,-0.5,0.5,0.5,
1,2,8.257,0,0,-0.13125,0.5,-0.5,0.5,0.5,
1,2,8.259,0,0,-0.13125,0.5,-0.5,0.5,0.5,
1,2,8.261,0,0,-0.13125,0.5,-0.5,0.5,0.5,
1,2,8.263,0,0,-0.13125,0.5,-0.5,0.5,0.5,
1,2,8.265,0,0,-0.13125,0.5,-0.5,0.5,0.5,
1,2,8.267,0,0,-0.13125,0.5,-0.5,0.5,0.5,
1,2,8.269,0,0,-0.13125,0.5,-0.5,0.5,0.5,
1,2,8.271,0,0,-0.13125,0.5,-0.5,0.5,0.5,
1,2,8.273,0,0,-0.13125,0.5,-0.5,0.5,0.5,
1,2,8.275,0,0,-0.13125,0.5,-0.5,0.5,0.5,
1,2,8.277,0,0,-0.13125,0.5,-0.5,0.5,0.5,
1,2,8.279,0,0,-0.13125,0.5,-0.5,0.5,0.5,
1,2,8.281,0,0,-0.13125,0.5,-0.5,0.5,0.5,
1,2,8.283,0,0,-0.13125,0.5,-0.5,0.5,0.5,
1,2,8.285,0,0,-0.13125,0.5,-0.5,0.5,0.5,
1,2,8.287,0,0,-0.13125,0.5,-0.5,0.5,0.5,
1,2,8.289,0,0,-0.13125,0.5,-0.5,0.5,0.5,
1,2,8.291,0,0,-0.13125,0.5,-0.5,0.5,0.5,
1,2,8.293,0,0,-0.13125,0.5,-0.5,0.5,0.5,
1,2,8.295,0,0,-0.13125,0.5,-0.5,0.5,0.5,
1,2,8.297,0,0,-0.13125,0.5,-0.5,0.5,0.5,
1,2,8.299,0,0,-0.13125,0.5,-0.5,0.5,0.5,
1,2,8.301,0,0,-0.13125,0.5,-0.5,0.5,0.5,
1,2,8.303,0,0,-0.13125,0.5,-0.5,0.5,0.5,
1,2,8.305,0,0,-0.13125,0.5,-0.5,0.5,0.5,
1,2,8.307,0,0,-0.13125,0.5,-0.5,0.5,0.5,
1,2,8.309,0,0,-0.13125,0.5,-0.5,0.5,0.5,
1,2,8.311,0,0,-0.13125,0.5,-0.5,0.5,0.5,
1,2,8.313,0,0,-0.13125,0.5,-0.5,0.5,0.5,
1,2,8.315,0,0,-0.13125,0.5,-0.5,0.5,0.5,
1,2,8.317,0,0,-0.13125,0.5,-0.5,0.5,0.5,
1,2,8.319,0,0,-0.13125,0.5,-0.5,0.5,0.5,
1,2,8.321,0,0,-0.13125,0.5,-0.5,0.5,0.5,
1,2,8.323,0,0,-0.13125,0.5,-0.5,0.5,0.5,
1,2,8.325,0,0,-0.13125,0.5,-0.5,0.5,0.5,
1,2,8.327,0,0,-0.13125,0.5,-0.5,0.5,0.5,
1,2,8.329,0,0,-0.13125,0.5,-0.5,0.5,0.5,
1,2,8.331,0,0,-0.13125,0.5,-0.5,0.5,0.5,
1,2,8.333,0,0,-0.13125,0.5,-0.5,0.5,0.5,
1,2,8.335,0,0,-0.13125,0.5,-0.5,0.5,0.5,
1,2,8.337,0,0,-0.13125,0.5,-0.5,0.5,0.5,
1,2,8.339,0,0,-0.13125,0.5,-0.5,0.5,0.5,
1,2,8.341,0,0,-0.13125,0.5,-0.5,0.5,0.5,
1,2,8.343,0,0,-0.13125,0.5,-0.5,0.5,0.5,
1,2,8.345,0,0,-0.13125,0.5,-0.5,0.5,0.5,
1,2,8.347,0,0,-0.13125,0.5,-0.5,0.5,0.5,
1,2,8.349,0,0,-0.13125,0.5,-0.5,0.5,0.5,
1,2,8.351,0,0,-0.13125,0.5,-0.5,0.5,0.5,
1,2,8.353,0,0,-0.13125,0.5,-0.5,0.5,0.5,
1,2,8.355,0,0,-0.13125,0.5,-0.5,0.5,0.5,
1,2,8.357,0,0,-0.13125,0.5,-0.5,0.5,0.5,
1,2,8.359,0,0,-0.13125,0.5,-0.5,0.5,0.5,
1,2,8.361,0,0,-0.13125,0.5,-0.5,0.5,0.5,
1,2,8.363,0,0,-0.13125,0.5,-0.5,0.5,0.5,
1,2,8.365,0,0,-0.13125,0.5,-0.5,0.5,0.5,
1,2,8.367,0,0,-0.13125,0.5,-0.5,0.5,0.5,
1,2,8.369,0,0,-0.13125,0.5,-0.5,0.5,0.5,
1,2,8.371,0,0,-0.13125,0.5,-0.5,0.5,0.5,
1,2,8.373,0,0,-0.13125,0.5,-0.5,0.5,0.5,
1,2,8.375,0,0,-0.13125,0.5,-0.5,0.5,0.5,
1,2,8.377,0,0,-0.13125,0.5,-0.5,0.5,0.5,
1,2,8.379,0,0,-0.13125,0.5,-0.5,0.5,0.5,
1,2,8.381,0,0,-0.13125,0.5,-0.5,0.5,0.5,
1,2,8.383,0,0,-0.13125,0.5,-0.5,0.5,0.5,
1,2,8.385,0,0,-0.13125,0.5,-0.5,0.5,0.5,
1,2,8.387,0,0,-0.13125,0.5,-0.5,0.5,0.5,
1,2,8.389,0,0,-0.13125,0.5,-0.5,0.5,0.5,
1,2,8.391,0,0,-0.13125,0.5,-0.5,0.5,0.5,
1,2,8.393,0,0,-0.13125,0.5,-0.5,0.5,0.5,
1,2,8.395,0,0,-0.13125,0.5,-0.5,0.5,0.5,
1,2,8.397,0,0,-0.13125,0.5,-0.5,0.5,0.5,
1,2,8.399,0,0,-0.13125,0.5,-0.5,0.5,0.5,
1,2,8.401,0,0,-0.13125,0.5,-0.5,0.5,0.5,
1,2,8.403,0,0,-0.13125,0.5,-0.5,0.5,0.5,
1,2,8.405,0,0,-0.13125,0.5,-0.5,0.5,0.5,
1,2,8.407,0,0,-0.13125,0.5,-0.5,0.5,0.5,
1,2,8.409,0,0,-0.13125,0.5,-0.5,0.5,0.5,
1,2,8.411,0,0,-0.13125,0.5,-0.5,0.5,0.5,
1,2,8.413,0,0,-0.13125,0.5,-0.5,0.5,0.5,
1,2,8.415,0,0,-0.13125,0.5,-0.5,0.5,0.5,
1,2,8.417,0,0,-0.13125,0.5,-0.5,0.5,0.5,
1,2,8.419,0,0,-0.13125,0.5,-0.5,0.5,0.5,
1,2,8.421,0,0,-0.13125,0.5,-0.5,0.5,0.5,
1,2,8.423,0,0,-0.13125,0.5,-0.5,0.5,0.5,
1,2,8.425,0,0,-0.13125,0.5,-0.5,0.5,0.5,
1,2,8.427,0,0,-0.13125,0.5,-0.5,0.5,0.5,
1,2,8.429,0,0,-0.13125,0.5,-0.5,0.5,0.5,
1,2,8.431,0,0,-0.13125,0.5,-0.5,0.5,0.5,
1,2,8.433,0,0,-0.13125,0.5,-0.5,0.5,0.5,
1,2,8.435,0,0,-0.13125,0.5,-0.5,0.5,0.5,
1,2,8.437,0,0,-0.13125,0.5,-0.5,0.5,0.5,
1,2,8.439,0,0,-0.13125,0.5,-0.5,0.5,0.5,
1,2,8.441,0,0,-0.13125,0.5,-0.5,0.5,0.5,
1,2,8.443,0,0,-0.13125,0.5,-0.5,0.5,0.5,
1,2,8.445,0,0,-0.13125,0.5,-0.5,0.5,0.5,
1,2,8.447,0,0,-0.13125,0.5,-0.5,0.5,0.5,
1,2,8.449,0,0,-0.13125,0.5,-0.5,0.5,0.5,
1,2,8.451,0,0,-0.13125,0.5,-0.5,0.5,0.5,
1,2,8.453,0,0,-0.13125,0.5,-0.5,0.5,0.5,
1,2,8.455,0,0,-0.13125,0.5,-0.5,0.5,0.5,
1,2,8.457,0,0,-0.13125,0.5,-0.5,0.5,0.5,
1,2,8.459,0,0,-0.13125,0.5,-0.5,0.5,0.5,
1,2,8.461,0,0,-0.13125,0.5,-0.5,0.5,0.5,
1,2,8.463,0,0,-0.13125,0.5,-0.5,0.5,0.5,
1,2,8.465,0,0,-0.13125,0.5,-0.5,0.5,0.5,
1,2,8.467,0,0,-0.13125,0.5,-0.5,0.5,0.5,
1,2,8.469,0,0,-0.13125,0.5,-0.5,0.5,0.5,
1,2,8.471,0,0,-0.13125,0.5,-0.5,0.5,0.5,
1,2,8.473,0,0,-0.13125,0.5,-0.5,0.5,0.5,
1,2,8.475,0,0,-0.13125,0.5,-0.5,0.5,0.5,
1,2,8.477,0,0,-0.13125,0.5,-0.5,0.5,0.5,
1,2,8.479,0,0,-0.13125,0.5,-0.5,0.5,0.5,
1,2,8.481,0,0,-0.13125,0.5,-0.5,0.5,0.5,
1,2,8.483,0,0,-0.13125,0.5,-0.5,0.5,0.5,
1,2,8.485,0,0,-0.13125,0.5,-0.5,0.5,0.5,
1,2,8.487,0,0,-0.13125,0.5,-0.5,0.5,0.5,
1,2,8.489,0,0,-0.13125,0.5,-0.5,0.5,0.5,
1,2,8.491,0,0,-0.13125,0.5,-0.5,0.5,0.5,
1,2,8.493,0,0,-0.13125,0.5,-0.5,0.5,0.5,
1,2,8.495,0,0,-0.13125,0.5,-0.5,0.5,0.5,
1,2,8.497,0,0,-0.13125,0.5,-0.5,0.5,0.5,
1,2,8.499,0,0,-0.13125,0.5,-0.5,0.5,0.5,
1,2,8.501,0,0,-0.13125,0.5,-0.5,0.5,0.5,
1,2,8.503,0,0,-0.13125,0.5,-0.5,0.5,0.5,
1,2,8.505,0,0,-0.13125,0.5,-0.5,0.5,0.5,
1,2,8.507,0,0,-0.13125,0.5,-0.5,0.5,0.5,
1,2,8.509,0,0,-0.13125,0.5,-0.5,0.5,0.5,
1,2,8.511,0,0,-0.13125,0.5,-0.5,0.5,0.5,
1,2,8.513,0,0,-0.13125,0.5,-0.5,0.5,0.5,
1,2,8.515,0,0,-0.13125,0.5,-0.5,0.5,0.5,
1,2,8.517,0,0,-0.13125,0.5,-0.5,0.5,0.5,
1,2,8.519,0,0,-0.13125,0.5,-0.5,0.5,0.5,
1,2,8.521,0,0,-0.13125,0.5,-0.5,0.5,0.5,
1,2,8.523,0,0,-0.13125,0.5,-0.5,0.5,0.5,
1,2,8.525,0,0,-0.13125,0.5,-0.5,0.5,0.5,
1,2,8.527,0,0,-0.13125,0.5,-0.5,0.5,0.5,
1,2,8.529,0,0,-0.13125,0.5,-0.5,0.5,0.5,
1,2,8.531,0,0,-0.13125,0.5,-0.5,0.5,0.5,
1,2,8.533,0,0,-0.13125,0.5,-0.5,0.5,0.5,
1,2,8.535,0,0,-0.13125,0.5,-0.5,0.5,0.5,
1,2,8.537,0,0,-0.13125,0.5,-0.5,0.5,0.5,
1,2,8.539,0,0,-0.13125,0.5,-0.5,0.5,0.5,
1,2,8.541,0,0,-0.13125,0.5,-0.5,0.5,0.5,
1,2,8.543,0,0,-0.13125,0.5,-0.5,0.5,0.5,
1,2,8.545,0,0,-0.13125,0.5,-0.5,0.5,0.5,
1,2,8.547,0,0,-0.13125,0.5,-0.5,0.5,0.5,
1,2,8.549,0,0,-0.13125,0.5,-0.5,0.5,0.5,
1,2,8.551,0,0,-0.13125,0.5,-0.5,0.5,0.5,
1,2,8.553,0,0,-0.13125,0.5,-0.5,0.5,0.5,
1,2,8.555,0,0,-0.13125,0.5,-0.5,0.5,0.5,
1,2,8.557,0,0,-0.13125,0.5,-0.5,0.5,0.5,
1,2,8.559,0,0,-0.13125,0.5,-0.5,0.5,0.5,
1,2,8.561,0,0,-0.13125,0.5,-0.5,0.5,0.5,
1,2,8.563,0,0,-0.13125,0.5,-0.5,0.5,0.5,
1,2,8.565,0,0,-0.13125,0.5,-0.5,0.5,0.5,
1,2,8.567,0,0,-0.13125,0.5,-0.5,0.5,0.5,
1,2,8.569,0,0,-0.13125,0.5,-0.5,0.5,0.5,
1,2,8.571,0,0,-0.13125,0.5,-0.5,0.5,0.5,
1,2,8.573,0,0,-0.13125,0.5,-0.5,0.5,0.5,
1,2,8.575,0,0,-0.13125,0.5,-0.5,0.5,0.5,
1,2,8.577,0,0,-0.13125,0.5,-0.5,0.5,0.5,
1,2,8.579,0,0,-0.13125,0.5,-0.5,0.5,0.5,
1,2,8.581,0,0,-0.13125,0.5,-0.5,0.5,0.5,
1,2,8.583,0,0,-0.13125,0.5,-0.5,0.5,0.5,
1,2,8.585,0,0,-0.13125,0.5,-0.5,0.5,0.5,
1,2,8.587,0,0,-0.13125,0.5,-0.5,0.5,0.5,
1,2,8.589,0,0,-0.13125,0.5,-0.5,0.5,0.5,
1,2,8.591,0,0,-0.13125,0.5,-0.5,0.5,0.5,
1,2,8.593,0,0,-0.13125,0.5,-0.5,0.5,0.5,
1,2,8.595,0,0,-0.13125,0.5,-0.5,0.5,0.5,
1,2,8.597,0,0,-0.13125,0.5,-0.5,0.5,0.5,
1,2,8.599,0,0,-0.13125,0.5,-0.5,0.5,0.5,
1,2,8.601,0,0,-0.13125,0.5,-0.5,0.5,0.5,CourtEnter
1,2,8.603,0,0,-0.13125,0.5,-0.5,0.5,0.5,
1,2,8.605,0,0,-0.13125,0.5,-0.5,0.5,0.5,
1,2,8.607,0,0,-0.13125,0.5,-0.5,0.5,0.5,
1,2,8.609,0,0,-0.13125,0.5,-0.5,0.5,0.5,
1,2,8.611,0,0,-0.13125,0.5,-0.5,0.5,0.5,CourtExit
1,2,8.613,0,0,-0.13125,0.5,-0.5,0.5,0.5,
1,2,8.615,0,0,-0.13125,0.5,-0.5,0.5,0.5,
1,2,8.617,0,0,-0.13125,0.5,-0.5,0.5,0.5,
1,2,8.619,0,0,-0.13125,0.5,-0.5,0.5,0.5,
1,2,8.621,0,0,-0.13125,0.5,-0.5,0.5,0.5,
1,2,8.623,0,0,-0.13125,0.5,-0.5,0.5,0.5,
1,2,8.625,0,0,-0.13125,0.5,-0.5,0.5,0.5,
1,2,8.627,0,0,-0.13125,0.5,-0.5,0.5,0.5,
1,2,8.629,0,0,-0.13125,0.5,-0.5,0.5,0.5,
1,2,8.631,0,0,-0.13125,0.5,-0.5,0.5,0.5,
1,2,8.633,0,0,-0.13125,0.5,-0.5,0.5,0.5,
1,2,8.635,0,0,-0.13125,0.5,-0.5,0.5,0.5,
1,2,8.637,0,0,-0.13125,0.5,-0.5,0.5,0.5,
1,2,8.639,0,0,-0.13125,0.5,-0.5,0.5,0.5,
1,2,8.641,0,0,-0.13125,0.5,-0.5,0.5,0.5,
1,2,8.643,0,0,-0.13125,0.5,-0.5,0.5,0.5,
1,2,8.645,0,0,-0.13125,0.5,-0.5,0.5,0.5,
1,2,8.647,0,0,-0.13125,0.5,-0.5,0.5,0.5,
1,2,8.649,0,0,-0.13125,0.5,-0.5,0.5,0.5,
1,2,8.651,0,0,-0.13125,0.5,-0.5,0.5,0.5,
1,2,8.653,0,0,-0.13125,0.5,-0.5,0.5,0.5,
1,2,8.655,0,0,-0.13125,0.5,-0.5,0.5,0.5,
1,2,8.657,0,0,-0.13125,0.5,-0.5,0.5,0.5,
1,2,8.659,0,0,-0.13125,0.5,-0.5,0.5,0.5,
1,2,8.661,0,0,-0.13125,0.5,-0.5,0.5,0.5,
1,2,8.663,0,0,-0.13125,0.5,-0.5,0.5,0.5,
1,2,8.665,0,0,-0.13125,0.5,-0.5,0.5,0.5,
1,2,8.667,0,0,-0.13125,0.5,-0.5,0.5,0.5,
1,2,8.669,0,0,-0.13125,0.5,-0.5,0.5,0.5,
1,2,8.671,0,0,-0.13125,0.5,-0.5,0.5,0.5,
1,2,8.673,0,0,-0.13125,0.5,-0.5,0.5,0.5,
1,2,8.675,0,0,-0.13125,0.5,-0.5,0.5,0.5,
1,2,8.677,0,0,-0.13125,0.5,-0.5,0.5,0.5,
1,2,8.679,0,0,-0.13125,0.5,-0.5,0.5,0.5,
1,2,8.681,0,0,-0.13125,0.5,-0.5,0.5,0.5,
1,2,8.683,0,0,-0.13125,0.5,-0.5,0.5,0.5,
1,2,8.685,0,0,-0.13125,0.5,-0.5,0.5,0.5,
1,2,8.687,0,0,-0.13125,0.5,-0.5,0.5,0.5,
1,2,8.689,0,0,-0.13125,0.5,-0.5,0.5,0.5,
1,2,8.691,0,0,-0.13125,0.5,-0.5,0.5,0.5,
1,2,8.693,0,0,-0.13125,0.5,-0.5,0.5,0.5,
1,2,8.695,0,0,-0.13125,0.5,-0.5,0.5,0.5,
1,2,8.697,0,0,-0.13125,0.5,-0.5,0.5,0.5,
1,2,8.699,0,0,-0.13125,0.5,-0.5,0.5,0.5,
1,2,8.701,0,0,-0.13125,0.5,-0.5,0.5,0.5,
1,2,8.703,0,0,-0.13125,0.5,-0.5,0.5,0.5,
1,2,8.705,0,0,-0.13125,0.5,-0.5,0.5,0.5,
1,2,8.707,0,0,-0.13125,0.5,-0.5,0.5,0.5,
1,2,8.709,0,0,-0.13125,0.5,-0.5,0.5,0.5,
1,2,8.711,0,0,-0.13125,0.5,-0.5,0.5,0.5,
1,2,8.713,0,0,-0.13125,0.5,-0.5,0.5,0.5,
1,2,8.715,0,0,-0.13125,0.5,-0.5,0.5,0.5,
1,2,8.717,0,0,-0.13125,0.5,-0.5,0.5,0.5,
1,2,8.719,0,0,-0.13125,0.5,-0.5,0.5,0.5,
1,2,8.721,0,0,-0.13125,0.5,-0.5,0.5,0.5,
1,2,8.723,0,0,-0.13125,0.5,-0.5,0.5,0.5,
1,2,8.725,0,0,-0.13125,0.5,-0.5,0.5,0.5,
1,2,8.727,0,0,-0.13125,0.5,-0.5,0.5,0.5,
1,2,8.729,0,0,-0.13125,0.5,-0.5,0.5,0.5,
1,2,8.731,0,0,-0.13125,0.5,-0.5,0.5,0.5,
1,2,8.733,0,0,-0.13125,0.5,-0.5,0.5,0.5,
1,2,8.735,0,0,-0.13125,0.5,-0.5,0.5,0.5,
1,2,8.737,0,0,-0.13125,0.5,-0.5,0.5,0.5,
1,2,8.739,0,0,-0.13125,0.5,-0.5,0.5,0.5,
1,2,8.741,0,0,-0.13125,0.5,-0.5,0.5,0.5,
1,2,8.743,0,0,-0.13125,0.5,-0.5,0.5,0.5,
1,2,8.745,0,0,-0.13125,0.5,-0.5,0.5,0.5,
1,2,8.747,0,0,-0.13125,0.5,-0.5,0.5,0.5,
1,2,8.749,0,0,-0.13125,0.5,-0.5,0.5,0.5,
1,2,8.751,0,0,-0.13125,0.5,-0.5,0.5,0.5,
1,2,8.753,0,0,-0.13125,0.5,-0.5,0.5,0.5,
1,2,8.755,0,0,-0.13125,0.5,-0.5,0.5,0.5,
1,2,8.757,0,0,-0.13125,0.5,-0.5,0.5,0.5,
1,2,8.759,0,0,-0.13125,0.5,-0.5,0.5,0.5,
1,2,8.761,0,0,-0.13125,0.5,-0.5,0.5,0.5,
1,2,8.763,0,0,-0.13125,0.5,-0.5,0.5,0.5,
1,2,8.765,0,0,-0.13125,0.5,-0.5,0.5,0.5,
1,2,8.767,0,0,-0.13125,0.5,-0.5,0.5,0.5,
1,2,8.769,0,0,-0.13125,0.5,-0.5,0.5,0.5,
1,2,8.771,0,0,-0.13125,0.5,-0.5,0.5,0.5,
1,2,8.773,0,0,-0.13125,0.5,-0.5,0.5,0.5,
1,2,8.775,0,0,-0.13125,0.5,-0.5,0.5,0.5,
1,2,8.777,0,0,-0.13125,0.5,-0.5,0.5,0.5,
1,2,8.779,0,0,-0.13125,0.5,-0.5,0.5,0.5,
1,2,8.781,0,0,-0.13125,0.5,-0.5,0.5,0.5,
1,2,8.783,0,0,-0.13125,0.5,-0.5,0.5,0.5,
1,2,8.785,0,0,-0.13125,0.5,-0.5,0.5,0.5,
1,2,8.787,0,0,-0.13125,0.5,-0.5,0.5,0.5,
1,2,8.789,0,0,-0.13125,0.5,-0.5,0.5,0.5,
1,2,8.791,0,0,-0.13125,0.5,-0.5,0.5,0.5,
1,2,8.793,0,0,-0.13125,0.5,-0.5,0.5,0.5,
1,2,8.795,0,0,-0.13125,0.5,-0.5,0.5,0.5,
1,2,8.797,0,0,-0.13125,0.5,-0.5,0.5,0.5,
1,2,8.799,0,0,-0.13125,0.5,-0.5,0.5,0.5,
1,2,8.801,0,0,-0.13125,0.5,-0.5,0.5,0.5,
1,2,8.803,0,0,-0.13125,0.5,-0.5,0.5,0.5,
1,2,8.805,0,0,-0.13125,0.5,-0.5,0.5,0.5,
1,2,8.807,0,0,-0.13125,0.5,-0.5,0.5,0.5,
1,2,8.809,0,0,-0.13125,0.5,-0.5,0.5,0.5,
1,2,8.811,0,0,-0.13125,0.5,-0.5,0.5,0.5,
1,2,8.813,0,0,-0.13125,0.5,-0.5,0.5,0.5,
1,2,8.815,0,0,-0.13125,0.5,-0.5,0.5,0.5,
1,2,8.817,0,0,-0.13125,0.5,-0.5,0.5,0.5,
1,2,8.819,0,0,-0.13125,0.5,-0.5,0.5,0.5,
1,2,8.821,0,0,-0.13125,0.5,-0.5,0.5,0.5,
1,2,8.823,0,0,-0.13125,0.5,-0.5,0.5,0.5,
1,2,8.825,0,0,-0.13125,0.5,-0.5,0.5,0.5,
1,2,8.827,0,0,-0.13125,0.5,-0.5,0.5,0.5,
1,2,8.829,0,0,-0.13125,0.5,-0.5,0.5,0.5,
1,2,8.831,0,0,-0.13125,0.5,-0.5,0.5,0.5,
1,2,8.833,0,0,-0.13125,0.5,-0.5,0.5,0.5,
1,2,8.835,0,0,-0.13125,0.5,-0.5,0.5,0.5,
1,2,8.837,0,0,-0.13125,0.5,-0.5,0.5,0.5,
1,2,8.839,0,0,-0.13125,0.5,-0.5,0.5,0.5,
1,2,8.841,0,0,-0.13125,0.5,-0.5,0.5,0.5,
1,2,8.843,0,0,-0.13125,0.5,-0.5,0.5,0.5,
1,2,8.845,0,0,-0.13125,0.5,-0.5,0.5,0.5,
1,2,8.847,0,0,-0.13125,0.5,-0.5,0.5,0.5,
1,2,8.849,0,0,-0.13125,0.5,-0.5,0.5,0.5,
1,2,8.851,0,0,-0.13125,0.5,-0.5,0.5,0.5,
1,2,8.853,0,0,-0.13125,0.5,-0.5,0.5,0.5,
1,2,8.855,0,0,-0.13125,0.5,-0.5,0.5,0.5,
1,2,8.857,0,0,-0.13125,0.5,-0.5,0.5,0.5,
1,2,8.859,0,0,-0.13125,0.5,-0.5,0.5,0.5,
1,2,8.861,0,0,-0.13125,0.5,-0.5,0.5,0.5,
1,2,8.863,0,0,-0.13125,0.5,-0.5,0.5,0.5,
1,2,8.865,0,0,-0.13125,0.5,-0.5,0.5,0.5,
1,2,8.867,0,0,-0.13125,0.5,-0.5,0.5,0.5,
1,2,8.869,0,0,-0.13125,0.5,-0.5,0.5,0.5,
1,2,8.871,0,0,-0.13125,0.5,-0.5,0.5,0.5,
1,2,8.873,0,0,-0.13125,0.5,-0.5,0.5,0.5,
1,2,8.875,0,0,-0.13125,0.5,-0.5,0.5,0.5,
1,2,8.877,0,0,-0.13125,0.5,-0.5,0.5,0.5,
1,2,8.879,0,0,-0.13125,0.5,-0.5,0.5,0.5,
1,2,8.881,0,0,-0.13125,0.5,-0.5,0.5,0.5,
1,2,8.883,0,0,-0.13125,0.5,-0.5,0.5,0.5,
1,2,8.885,0,0,-0.13125,0.5,-0.5,0.5,0.5,
1,2,8.887,0,0,-0.13125,0.5,-0.5,0.5,0.5,
1,2,8.889,0,0,-0.13125,0.5,-0.5,0.5,0.5,
1,2,8.891,0,0,-0.13125,0.5,-0.5,0.5,0.5,
1,2,8.893,0,0,-0.13125,0.5,-0.5,0.5,0.5,
1,2,8.895,0,0,-0.13125,0.5,-0.5,0.5,0.5,
1,2,8.897,0,0,-0.13125,0.5,-0.5,0.5,0.5,
1,2,8.899,0,0,-0.13125,0.5,-0.5,0.5,0.5,
1,2,8.901,0,0,-0.13125,0.5,-0.5,0.5,0.5,
1,2,8.903,0,0,-0.13125,0.5,-0.5,0.5,0.5,
1,2,8.905,0,0,-0.13125,0.5,-0.5,0.5,0.5,
1,2,8.907,0,0,-0.13125,0.5,-0.5,0.5,0.5,
1,2,8.909,0,0,-0.13125,0.5,-0.5,0.5,0.5,
1,2,8.911,0,0,-0.13125,0.5,-0.5,0.5,0.5,
1,2,8.913,0,0,-0.13125,0.5,-0.5,0.5,0.5,
1,2,8.915,0,0,-0.13125,0.5,-0.5,0.5,0.5,
1,2,8.917,0,0,-0.13125,0.5,-0.5,0.5,0.5,
1,2,8.919,0,0,-0.13125,0.5,-0.5,0.5,0.5,
1,2,8.921,0,0,-0.13125,0.5,-0.5,0.5,0.5,
1,2,8.923,0,0,-0.13125,0.5,-0.5,0.5,0.5,
1,2,8.925,0,0,-0.13125,0.5,-0.5,0.5,0.5,
1,2,8.927,0,0,-0.13125,0.5,-0.5,0.5,0.5,
1,2,8.929,0,0,-0.13125,0.5,-0.5,0.5,0.5,
1,2,8.931,0,0,-0.13125,0.5,-0.5,0.5,0.5,
1,2,8.933,0,0,-0.13125,0.5,-0.5,0.5,0.5,
1,2,8.935,0,0,-0.13125,0.5,-0.5,0.5,0.5,
1,2,8.937,0,0,-0.13125,0.5,-0.5,0.5,0.5,
1,2,8.939,0,0,-0.13125,0.5,-0.5,0.5,0.5,
1,2,8.941,0,0,-0.13125,0.5,-0.5,0.5,0.5,
1,2,8.943,0,0,-0.13125,0.5,-0.5,0.5,0.5,
1,2,8.945,0,0,-0.13125,0.5,-0.5,0.5,0.5,
1,2,8.947,0,0,-0.13125,0.5,-0.5,0.5,0.5,
1,2,8.949,0,0,-0.13125,0.5,-0.5,0.5,0.5,
1,2,8.951,0,0,-0.13125,0.5,-0.5,0.5,0.5,
1,2,8.953,0,0,-0.13125,0.5,-0.5,0.5,0.5,
1,2,8.955,0,0,-0.13125,0.5,-0.5,0.5,0.5,
1,2,8.957,0,0,-0.13125,0.5,-0.5,0.5,0.5,
1,2,8.959,0,0,-0.13125,0.5,-0.5,0.5,0.5,
1,2,8.961,0,0,-0.13125,0.5,-0.5,0.5,0.5,
1,2,8.963,0,0,-0.13125,0.5,-0.5,0.5,0.5,
1,2,8.965,0,0,-0.13125,0.5,-0.5,0.5,0.5,
1,2,8.967,0,0,-0.13125,0.5,-0.5,0.5,0.5,
1,2,8.969,0,0,-0.13125,0.5,-0.5,0.5,0.5,
1,2,8.971,0,0,-0.13125,0.5,-0.5,0.5,0.5,
1,2,8.973,0,0,-0.13125,0.5,-0.5,0.5,0.5,
1,2,8.975,0,0,-0.13125,0.5,-0.5,0.5,0.5,
1,2,8.977,0,0,-0.13125,0.5,-0.5,0.5,0.5,
1,2,8.979,0,0,-0.13125,0.5,-0.5,0.5,0.5,
1,2,8.981,0,0,-0.13125,0.5,-0.5,0.5,0.5,
1,2,8.983,0,0,-0.13125,0.5,-0.5,0.5,0.5,
1,2,8.985,0,0,-0.13125,0.5,-0.5,0.5,0.5,
1,2,8.987,0,0,-0.13125,0.5,-0.5,0.5,0.5,
1,2,8.989,0,0,-0.13125,0.5,-0.5,0.5,0.5,
1,2,8.991,0,0,-0.13125,0.5,-0.5,0.5,0.5,
1,2,8.993,0,0,-0.13125,0.5,-0.5,0.5,0.5,
1,2,8.995,0,0,-0.13125,0.5,-0.5,0.5,0.5,
1,2,8.997,0,0,-0.13125,0.5,-0.5,0.5,0.5,
1,2,8.999,0,0,-0.13125,0.5,-0.5,0.5,0.5,
1,2,9.001,0,0,-0.13125,0.5,-0.5,0.5,0.5,
1,2,9.003,0,0,-0.13125,0.5,-0.5,0.5,0.5,
1,2,9.005,0,0,-0.13125,0.5,-0.5,0.5,0.5,
1,2,9.007,0,0,-0.13125,0.5,-0.5,0.5,0.5,
1,2,9.009,0,0,-0.13125,0.5,-0.5,0.5,0.5,
1,2,9.011,0,0,-0.13125,0.5,-0.5,0.5,0.5,
1,2,9.013,0,0,-0.13125,0.5,-0.5,0.5,0.5,
1,2,9.015,0,0,-0.13125,0.5,-0.5,0.5,0.5,
1,2,9.017,0,0,-0.13125,0.5,-0.5,0.5,0.5,
1,2,9.019,0,0,-0.13125,0.5,-0.5,0.5,0.5,
1,2,9.021,0,0,-0.13125,0.5,-0.5,0.5,0.5,
1,2,9.023,0,0,-0.13125,0.5,-0.5,0.5,0.5,
1,2,9.025,0,0,-0.13125,0.5,-0.5,0.5,0.5,
1,2,9.027,0,0,-0.13125,0.5,-0.5,0.5,0.5,
1,2,9.029,0,0,-0.13125,0.5,-0.5,0.5,0.5,
1,2,9.031,0,0,-0.13125,0.5,-0.5,0.5,0.5,
1,2,9.033,0,0,-0.13125,0.5,-0.5,0.5,0.5,
1,2,9.035,0,0,-0.13125,0.5,-0.5,0.5,0.5,
1,2,9.037,0,0,-0.13125,0.5,-0.5,0.5,0.5,
1,2,9.039,0,0,-0.13125,0.5,-0.5,0.5,0.5,
1,2,9.041,0,0,-0.13125,0.5,-0.5,0.5,0.5,
1,2,9.043,0,0,-0.13125,0.5,-0.5,0.5,0.5,
1,2,9.045,0,0,-0.13125,0.5,-0.5,0.5,0.5,
1,2,9.047,0,0,-0.13125,0.5,-0.5,0.5,0.5,
1,2,9.049,0,0,-0.13125,0.5,-0.5,0.5,0.5,
1,2,9.051,0,0,-0.13125,0.5,-0.5,0.5,0.5,
1,2,9.053,0,0,-0.13125,0.5,-0.5,0.5,0.5,
1,2,9.055,0,0,-0.13125,0.5,-0.5,0.5,0.5,
1,2,9.057,0,0,-0.13125,0.5,-0.5,0.5,0.5,
1,2,9.059,0,0,-0.13125,0.5,-0.5,0.5,0.5,
1,2,9.061,0,0,-0.13125,0.5,-0.5,0.5,0.5,
1,2,9.063,0,0,-0.13125,0.5,-0.5,0.5,0.5,
1,2,9.065,0,0,-0.13125,0.5,-0.5,0.5,0.5,
1,2,9.067,0,0,-0.13125,0.5,-0.5,0.5,0.5,
1,2,9.069,0,0,-0.13125,0.5,-0.5,0.5,0.5,
1,2,9.071,0,0,-0.13125,0.5,-0.5,0.5,0.5,
1,2,9.073,0,0,-0.13125,0.5,-0.5,0.5,0.5,
1,2,9.075,0,0,-0.13125,0.5,-0.5,0.5,0.5,
1,2,9.077,0,0,-0.13125,0.5,-0.5,0.5,0.5,
1,2,9.079,0,0,-0.13125,0.5,-0.5,0.5,0.5,
1,2,9.081,0,0,-0.13125,0.5,-0.5,0.5,0.5,
1,2,9.083,0,0,-0.13125,0.5,-0.5,0.5,0.5,
1,2,9.085,0,0,-0.13125,0.5,-0.5,0.5,0.5,
1,2,9.087,0,0,-0.13125,0.5,-0.5,0.5,0.5,
1,2,9.089,0,0,-0.13125,0.5,-0.5,0.5,0.5,
1,2,9.091,0,0,-0.13125,0.5,-0.5,0.5,0.5,
1,2,9.093,0,0,-0.13125,0.5,-0.5,0.5,0.5,
1,2,9.095,0,0,-0.13125,0.5,-0.5,0.5,0.5,
1,2,9.097,0,0,-0.13125,0.5,-0.5,0.5,0.5,
1,2,9.099,0,0,-0.13125,0.5,-0.5,0.5,0.5,
1,2,9.101,0,0,-0.13125,0.5,-0.5,0.5,0.5,
1,2,9.103,0,0,-0.13125,0.5,-0.5,0.5,0.5,
1,2,9.105,0,0,-0.13125,0.5,-0.5,0.5,0.5,
1,2,9.107,0,0,-0.13125,0.5,-0.5,0.5,0.5,
1,2,9.109,0,0,-0.13125,0.5,-0.5,0.5,0.5,
1,2,9.111,0,0,-0.13125,0.5,-0.5,0.5,0.5,
1,2,9.113,0,0,-0.13125,0.5,-0.5,0.5,0.5,
1,2,9.115,0,0,-0.13125,0.5,-0.5,0.5,0.5,
1,2,9.117,0,0,-0.13125,0.5,-0.5,0.5,0.5,
1,2,9.119,0,0,-0.13125,0.5,-0.5,0.5,0.5,
1,2,9.121,0,0,-0.13125,0.5,-0.5,0.5,0.5,
1,2,9.123,0,0,-0.13125,0.5,-0.5,0.5,0.5,
1,2,9.125,0,0,-0.13125,0.5,-0.5,0.5,0.5,
1,2,9.127,0,0,-0.13125,0.5,-0.5,0.5,0.5,
1,2,9.129,0,0,-0.13125,0.5,-0.5,0.5,0.5,
1,2,9.131,0,0,-0.13125,0.5,-0.5,0.5,0.5,
1,2,9.133,0,0,-0.13125,0.5,-0.5,0.5,0.5,
1,2,9.135,0,0,-0.13125,0.5,-0.5,0.5,0.5,
1,2,9.137,0,0,-0.13125,0.5,-0.5,0.5,0.5,
1,2,9.139,0,0,-0.13125,0.5,-0.5,0.5,0.5,
1,2,9.141,0,0,-0.13125,0.5,-0.5,0.5,0.5,
1,2,9.143,0,0,-0.13125,0.5,-0.5,0.5,0.5,
1,2,9.145,0,0,-0.13125,0.5,-0.5,0.5,0.5,
1,2,9.147,0,0,-0.13125,0.5,-0.5,0.5,0.5,
1,2,9.149,0,0,-0.13125,0.5,-0.5,0.5,0.5,
1,2,9.151,0,0,-0.13125,0.5,-0.5,0.5,0.5,
1,2,9.153,0,0,-0.13125,0.5,-0.5,0.5,0.5,
1,2,9.155,0,0,-0.13125,0.5,-0.5,0.5,0.5,
1,2,9.157,0,0,-0.13125,0.5,-0.5,0.5,0.5,
1,2,9.159,0,0,-0.13125,0.5,-0.5,0.5,0.5,
1,2,9.161,0,0,-0.13125,0.5,-0.5,0.5,0.5,
1,2,9.163,0,0,-0.13125,0.5,-0.5,0.5,0.5,
1,2,9.165,0,0,-0.13125,0.5,-0.5,0.5,0.5,
1,2,9.167,0,0,-0.13125,0.5,-0.5,0.5,0.5,
1,2,9.169,0,0,-0.13125,0.5,-0.5,0.5,0.5,
1,2,9.171,0,0,-0.13125,0.5,-0.5,0.5,0.5,
1,2,9.173,0,0,-0.13125,0.5,-0.5,0.5,0.5,
1,2,9.175,0,0,-0.13125,0.5,-0.5,0.5,0.5,
1,2,9.177,0,0,-0.13125,0.5,-0.5,0.5,0.5,
1,2,9.179,0,0,-0.13125,0.5,-0.5,0.5,0.5,
1,2,9.181,0,0,-0.13125,0.5,-0.5,0.5,0.5,
1,2,9.183,0,0,-0.13125,0.5,-0.5,0.5,0.5,
1,2,9.185,0,0,-0.13125,0.5,-0.5,0.5,0.5,
1,2,9.187,0,0,-0.13125,0.5,-0.5,0.5,0.5,
1,2,9.189,0,0,-0.13125,0.5,-0.5,0.5,0.5,
1,2,9.191,0,0,-0.13125,0.5,-0.5,0.5,0.5,
1,2,9.193,0,0,-0.13125,0.5,-0.5,0.5,0.5,
1,2,9.195,0,0,-0.13125,0.5,-0.5,0.5,0.5,
1,2,9.197,0,0,-0.13125,0.5,-0.5,0.5,0.5,
1,2,9.199,0,0,-0.13125,0.5,-0.5,0.5,0.5,
1,2,9.201,0,0,-0.13125,0.5,-0.5,0.5,0.5,
1,2,9.203,0,0,-0.13125,0.5,-0.5,0.5,0.5,
1,2,9.205,0,0,-0.13125,0.5,-0.5,0.5,0.5,
1,2,9.207,0,0,-0.13125,0.5,-0.5,0.5,0.5,
1,2,9.209,0,0,-0.13125,0.5,-0.5,0.5,0.5,
1,2,9.211,0,0,-0.13125,0.5,-0.5,0.5,0.5,
1,2,9.213,0,0,-0.13125,0.5,-0.5,0.5,0.5,
1,2,9.215,0,0,-0.13125,0.5,-0.5,0.5,0.5,
1,2,9.217,0,0,-0.13125,0.5,-0.5,0.5,0.5,
1,2,9.219,0,0,-0.13125,0.5,-0.5,0.5,0.5,
1,2,9.221,0,0,-0.13125,0.5,-0.5,0.5,0.5,
1,2,9.223,0,0,-0.13125,0.5,-0.5,0.5,0.5,
1,2,9.225,0,0,-0.13125,0.5,-0.5,0.5,0.5,
1,2,9.227,0,0,-0.13125,0.5,-0.5,0.5,0.5,
1,2,9.229,0,0,-0.13125,0.5,-0.5,0.5,0.5,
1,2,9.231,0,0,-0.13125,0.5,-0.5,0.5,0.5,
1,2,9.233,0,0,-0.13125,0.5,-0.5,0.5,0.5,
1,2,9.235,0,0,-0.13125,0.5,-0.5,0.5,0.5,
1,2,9.237,0,0,-0.13125,0.5,-0.5,0.5,0.5,
1,2,9.239,0,0,-0.13125,0.5,-0.5,0.5,0.5,
1,2,9.241,0,0,-0.13125,0.5,-0.5,0.5,0.5,
1,2,9.243,0,0,-0.13125,0.5,-0.5,0.5,0.5,
1,2,9.245,0,0,-0.13125,0.5,-0.5,0.5,0.5,
1,2,9.247,0,0,-0.13125,0.5,-0.5,0.5,0.5,
1,2,9.249,0,0,-0.13125,0.5,-0.5,0.5,0.5,
1,2,9.251,0,0,-0.13125,0.5,-0.5,0.5,0.5,
1,2,9.253,0,0,-0.13125,0.5,-0.5,0.5,0.5,
1,2,9.255,0,0,-0.13125,0.5,-0.5,0.5,0.5,
1,2,9.257,0,0,-0.13125,0.5,-0.5,0.5,0.5,
1,2,9.259,0,0,-0.13125,0.5,-0.5,0.5,0.5,
1,2,9.261,0,0,-0.13125,0.5,-0.5,0.5,0.5,
1,2,9.263,0,0,-0.13125,0.5,-0.5,0.5,0.5,
1,2,9.265,0,0,-0.13125,0.5,-0.5,0.5,0.5,
1,2,9.267,0,0,-0.13125,0.5,-0.5,0.5,0.5,
1,2,9.269,0,0,-0.13125,0.5,-0.5,0.5,0.5,
1,2,9.271,0,0,-0.13125,0.5,-0.5,0.5,0.5,
1,2,9.273,0,0,-0.13125,0.5,-0.5,0.5,0.5,CourtEnter
1,2,9.275,0,0,-0.13125,0.5,-0.5,0.5,0.5,
1,2,9.277,0,0,-0.13125,0.5,-0.5,0.5,0.5,
1,2,9.279,0,0,-0.13125,0.5,-0.5,0.5,0.5,
1,2,9.281,0,0,-0.13125,0.5,-0.5,0.5,0.5,
1,2,9.283,0,0,-0.13125,0.5,-0.5,0.5,0.5,
1,2,9.285,0,0,-0.13125,0.5,-0.5,0.5,0.5,
1,2,9.287,0,0,-0.13125,0.5,-0.5,0.5,0.5,CourtExit
1,2,9.289,0,0,-0.13125,0.5,-0.5,0.5,0.5,
1,2,9.291,0,0,-0.13125,0.5,-0.5,0.5,0.5,
1,2,9.293,0,0,-0.13125,0.5,-0.5,0.5,0.5,
1,2,9.295,0,0,-0.13125,0.5,-0.5,0.5,0.5,
1,2,9.297,0,0,-0.13125,0.5,-0.5,0.5,0.5,
1,2,9.299,0,0,-0.13125,0.5,-0.5,0.5,0.5,
1,2,9.301,0,0,-0.13125,0.5,-0.5,0.5,0.5,
1,2,9.303,0,0,-0.13125,0.5,-0.5,0.5,0.5,
1,2,9.305,0,0,-0.13125,0.5,-0.5,0.5,0.5,
1,2,9.307,0,0,-0.13125,0.5,-0.5,0.5,0.5,
1,2,9.309,0,0,-0.13125,0.5,-0.5,0.5,0.5,
1,2,9.311,0,0,-0.13125,0.5,-0.5,0.5,0.5,
1,2,9.313,0,0,-0.13125,0.5,-0.5,0.5,0.5,
1,2,9.315,0,0,-0.13125,0.5,-0.5,0.5,0.5,
1,2,9.317,0,0,-0.13125,0.5,-0.5,0.5,0.5,
1,2,9.319,0,0,-0.13125,0.5,-0.5,0.5,0.5,
1,2,9.321,0,0,-0.13125,0.5,-0.5,0.5,0.5,
1,2,9.323,0,0,-0.13125,0.5,-0.5,0.5,0.5,
1,2,9.325,0,0,-0.13125,0.5,-0.5,0.5,0.5,
1,2,9.327,0,0,-0.13125,0.5,-0.5,0.5,0.5,
1,2,9.329,0,0,-0.13125,0.5,-0.5,0.5,0.5,
1,2,9.331,0,0,-0.13125,0.5,-0.5,0.5,0.5,
1,2,9.333,0,0,-0.13125,0.5,-0.5,0.5,0.5,
1,2,9.335,0,0,-0.13125,0.5,-0.5,0.5,0.5,
1,2,9.337,0,0,-0.13125,0.5,-0.5,0.5,0.5,
1,2,9.339,0,0,-0.13125,0.5,-0.5,0.5,0.5,
1,2,9.341,0,0,-0.13125,0.5,-0.5,0.5,0.5,
1,2,9.343,0,0,-0.13125,0.5,-0.5,0.5,0.5,
1,2,9.345,0,0,-0.13125,0.5,-0.5,0.5,0.5,
1,2,9.347,0,0,-0.13125,0.5,-0.5,0.5,0.5,
1,2,9.349,0,0,-0.13125,0.5,-0.5,0.5,0.5,
1,2,9.351,0,0,-0.13125,0.5,-0.5,0.5,0.5,
1,2,9.353,0,0,-0.13125,0.5,-0.5,0.5,0.5,
1,2,9.355,0,0,-0.13125,0.5,-0.5,0.5,0.5,
1,2,9.357,0,0,-0.13125,0.5,-0.5,0.5,0.5,
1,2,9.359,0,0,-0.13125,0.5,-0.5,0.5,0.5,
1,2,9.361,0,0,-0.13125,0.5,-0.5,0.5,0.5,
1,2,9.363,0,0,-0.13125,0.5,-0.5,0.5,0.5,
1,2,9.365,0,0,-0.13125,0.5,-0.5,0.5,0.5,
1,2,9.367,0,0,-0.13125,0.5,-0.5,0.5,0.5,
1,2,9.369,0,0,-0.13125,0.5,-0.5,0.5,0.5,
1,2,9.371,0,0,-0.13125,0.5,-0.5,0.5,0.5,
1,2,9.373,0,0,-0.13125,0.5,-0.5,0.5,0.5,
1,2,9.375,0,0,-0.13125,0.5,-0.5,0.5,0.5,
1,2,9.377,0,0,-0.13125,0.5,-0.5,0.5,0.5,
1,2,9.379,0,0,-0.13125,0.5,-0.5,0.5,0.5,
1,2,9.381,0,0,-0.13125,0.5,-0.5,0.5,0.5,
1,2,9.383,0,0,-0.13125,0.5,-0.5,0.5,0.5,
1,2,9.385,0,0,-0.13125,0.5,-0.5,0.5,0.5,
1,2,9.387,0,0,-0.13125,0.5,-0.5,0.5,0.5,
1,2,9.389,0,0,-0.13125,0.5,-0.5,0.5,0.5,
1,2,9.391,0,0,-0.13125,0.5,-0.5,0.5,0.5,
1,2,9.393,0,0,-0.13125,0.5,-0.5,0.5,0.5,
1,2,9.395,0,0,-0.13125,0.5,-0.5,0.5,0.5,
1,2,9.397,0,0,-0.13125,0.5,-0.5,0.5,0.5,
1,2,9.399,0,0,-0.13125,0.5,-0.5,0.5,0.5,
1,2,9.401,0,0,-0.13125,0.5,-0.5,0.5,0.5,
1,2,9.403,0,0,-0.13125,0.5,-0.5,0.5,0.5,
1,2,9.405,0,0,-0.13125,0.5,-0.5,0.5,0.5,
1,2,9.407,0,0,-0.13125,0.5,-0.5,0.5,0.5,
1,2,9.409,0,0,-0.13125,0.5,-0.5,0.5,0.5,
1,2,9.411,0,0,-0.13125,0.5,-0.5,0.5,0.5,
1,2,9.413,0,0,-0.13125,0.5,-0.5,0.5,0.5,
1,2,9.415,0,0,-0.13125,0.5,-0.5,0.5,0.5,
1,2,9.417,0,0,-0.13125,0.5,-0.5,0.5,0.5,
1,2,9.419,0,0,-0.13125,0.5,-0.5,0.5,0.5,
1,2,9.421,0,0,-0.13125,0.5,-0.5,0.5,0.5,
1,2,9.423,0,0,-0.13125,0.5,-0.5,0.5,0.5,
1,2,9.425,0,0,-0.13125,0.5,-0.5,0.5,0.5,
1,2,9.427,0,0,-0.13125,0.5,-0.5,0.5,0.5,
1,2,9.429,0,0,-0.13125,0.5,-0.5,0.5,0.5,
1,2,9.431,0,0,-0.13125,0.5,-0.5,0.5,0.5,
1,2,9.433,0,0,-0.13125,0.5,-0.5,0.5,0.5,
1,2,9.435,0,0,-0.13125,0.5,-0.5,0.5,0.5,
1,2,9.437,0,0,-0.13125,0.5,-0.5,0.5,0.5,
1,2,9.439,0,0,-0.13125,0.5,-0.5,0.5,0.5,
1,2,9.441,0,0,-0.13125,0.5,-0.5,0.5,0.5,
1,2,9.443,0,0,-0.13125,0.5,-0.5,0.5,0.5,
1,2,9.445,0,0,-0.13125,0.5,-0.5,0.5,0.5,
1,2,9.447,0,0,-0.13125,0.5,-0.5,0.5,0.5,
1,2,9.449,0,0,-0.13125,0.5,-0.5,0.5,0.5,
1,2,9.451,0,0,-0.13125,0.5,-0.5,0.5,0.5,
1,2,9.453,0,0,-0.13125,0.5,-0.5,0.5,0.5,
1,2,9.455,0,0,-0.13125,0.5,-0.5,0.5,0.5,
1,2,9.457,0,0,-0.13125,0.5,-0.5,0.5,0.5,
1,2,9.459,0,0,-0.13125,0.5,-0.5,0.5,0.5,
1,2,9.461,0,0,-0.13125,0.5,-0.5,0.5,0.5,
1,2,9.463,0,0,-0.13125,0.5,-0.5,0.5,0.5,
1,2,9.465,0,0,-0.13125,0.5,-0.5,0.5,0.5,
1,2,9.467,0,0,-0.13125,0.5,-0.5,0.5,0.5,
1,2,9.469,0,0,-0.13125,0.5,-0.5,0.5,0.5,
1,2,9.471,0,0,-0.13125,0.5,-0.5,0.5,0.5,
1,2,9.473,0,0,-0.13125,0.5,-0.5,0.5,0.5,
1,2,9.475,0,0,-0.13125,0.5,-0.5,0.5,0.5,
1,2,9.477,0,0,-0.13125,0.5,-0.5,0.5,0.5,
1,2,9.479,0,0,-0.13125,0.5,-0.5,0.5,0.5,
1,2,9.481,0,0,-0.13125,0.5,-0.5,0.5,0.5,
1,2,9.483,0,0,-0.13125,0.5,-0.5,0.5,0.5,
1,2,9.485,0,0,-0.13125,0.5,-0.5,0.5,0.5,
1,2,9.487,0,0,-0.13125,0.5,-0.5,0.5,0.5,
1,2,9.489,0,0,-0.13125,0.5,-0.5,0.5,0.5,
1,2,9.491,0,0,-0.13125,0.5,-0.5,0.5,0.5,
1,2,9.493,0,0,-0.13125,0.5,-0.5,0.5,0.5,
1,2,9.495,0,0,-0.13125,0.5,-0.5,0.5,0.5,
1,2,9.497,0,0,-0.13125,0.5,-0.5,0.5,0.5,
1,2,9.499,0,0,-0.13125,0.5,-0.5,0.5,0.5,
1,2,9.501,0,0,-0.13125,0.5,-0.5,0.5,0.5,
1,2,9.503,0,0,-0.13125,0.5,-0.5,0.5,0.5,
1,2,9.505,0,0,-0.13125,0.5,-0.5,0.5,0.5,
1,2,9.507,0,0,-0.13125,0.5,-0.5,0.5,0.5,
1,2,9.509,0,0,-0.13125,0.5,-0.5,0.5,0.5,
1,2,9.511,0,0,-0.13125,0.5,-0.5,0.5,0.5,
1,2,9.513,0,0,-0.13125,0.5,-0.5,0.5,0.5,
1,2,9.515,0,0,-0.13125,0.5,-0.5,0.5,0.5,
1,2,9.517,0,0,-0.13125,0.5,-0.5,0.5,0.5,
1,2,9.519,0,0,-0.13125,0.5,-0.5,0.5,0.5,
1,2,9.521,0,0,-0.13125,0.5,-0.5,0.5,0.5,
1,2,9.523,0,0,-0.13125,0.5,-0.5,0.5,0.5,
1,2,9.525,0,0,-0.13125,0.5,-0.5,0.5,0.5,
1,2,9.527,0,0,-0.13125,0.5,-0.5,0.5,0.5,
1,2,9.529,0,0,-0.13125,0.5,-0.5,0.5,0.5,
1,2,9.531,0,0,-0.13125,0.5,-0.5,0.5,0.5,
1,2,9.533,0,0,-0.13125,0.5,-0.5,0.5,0.5,
1,2,9.535,0,0,-0.13125,0.5,-0.5,0.5,0.5,
1,2,9.537,0,0,-0.13125,0.5,-0.5,0.5,0.5,
1,2,9.539,0,0,-0.13125,0.5,-0.5,0.5,0.5,
1,2,9.541,0,0,-0.13125,0.5,-0.5,0.5,0.5,
1,2,9.543,0,0,-0.13125,0.5,-0.5,0.5,0.5,
1,2,9.545,0,0,-0.13125,0.5,-0.5,0.5,0.5,
1,2,9.547,0,0,-0.13125,0.5,-0.5,0.5,0.5,
1,2,9.549,0,0,-0.13125,0.5,-0.5,0.5,0.5,
1,2,9.551,0,0,-0.13125,0.5,-0.5,0.5,0.5,
1,2,9.553,0,0,-0.13125,0.5,-0.5,0.5,0.5,
1,2,9.555,0,0,-0.13125,0.5,-0.5,0.5,0.5,
1,2,9.557,0,0,-0.13125,0.5,-0.5,0.5,0.5,
1,2,9.559,0,0,-0.13125,0.5,-0.5,0.5,0.5,
1,2,9.561,0,0,-0.13125,0.5,-0.5,0.5,0.5,
1,2,9.563,0,0,-0.13125,0.5,-0.5,0.5,0.5,
1,2,9.565,0,0,-0.13125,0.5,-0.5,0.5,0.5,
1,3,9.567,0,0,-0.13125,0.5,-0.5,0.5,0.5,TrialStart
1,3,9.569,0,0,-0.13125,0.5,-0.5,0.5,0.5,
1,3,9.571,0,0,-0.13125,0.5,-0.5,0.5,0.5,
1,3,9.573,0,0,-0.13125,0.5,-0.5,0.5,0.5,
1,3,9.575,0,0,-0.13125,0.5,-0.5,0.5,0.5,
1,3,9.577,0,0,-0.13125,0.5,-0.5,0.5,0.5,
1,3,9.579,0,0,-0.13125,0.5,-0.5,0.5,0.5,
1,3,9.581,0,0,-0.13125,0.5,-0.5,0.5,0.5,
1,3,9.583,0,0,-0.13125,0.5,-0.5,0.5,0.5,
1,3,9.585,0,0,-0.13125,0.5,-0.5,0.5,0.5,
1,3,9.587,0,0,-0.13125,0.5,-0.5,0.5,0.5,
1,3,9.589,0,0,-0.13125,0.5,-0.5,0.5,0.5,
1,3,9.591,0,0,-0.13125,0.5,-0.5,0.5,0.5,
1,3,9.593,0,0,-0.13125,0.5,-0.5,0.5,0.5,
1,3,9.595,0,0,-0.13125,0.5,-0.5,0.5,0.5,
1,3,9.597,0,0,-0.13125,0.5,-0.5,0.5,0.5,
1,3,9.599,0,0,-0.13125,0.5,-0.5,0.5,0.5,
1,3,9.601,0,0,-0.13125,0.5,-0.5,0.5,0.5,
1,3,9.603,0,0,-0.13125,0.5,-0.5,0.5,0.5,
1,3,9.605,0,0,-0.13125,0.5,-0.5,0.5,0.5,
1,3,9.607,0,0,-0.13125,0.5,-0.5,0.5,0.5,
1,3,9.609,0,0,-0.13125,0.5,-0.5,0.5,0.5,
1,3,9.611,0,0,-0.13125,0.5,-0.5,0.5,0.5,
1,3,9.613,0,0,-0.13125,0.5,-0.5,0.5,0.5,
1,3,9.615,0,0,-0.13125,0.5,-0.5,0.5,0.5,
1,3,9.617,0,0,-0.13125,0.5,-0.5,0.5,0.5,
1,3,9.619,0,0,-0.13125,0.5,-0.5,0.5,0.5,
1,3,9.621,0,0,-0.13125,0.5,-0.5,0.5,0.5,
1,3,9.623,0,0,-0.13125,0.5,-0.5,0.5,0.5,
1,3,9.625,0,0,-0.13125,0.5,-0.5,0.5,0.5,
1,3,9.627,0,0,-0.13125,0.5,-0.5,0.5,0.5,
1,3,9.629,0,0,-0.13125,0.5,-0.5,0.5,0.5,
1,3,9.631,0,0,-0.13125,0.5,-0.5,0.5,0.5,
1,3,9.633,0,0,-0.13125,0.5,-0.5,0.5,0.5,
1,3,9.635,0,0,-0.13125,0.5,-0.5,0.5,0.5,
1,3,9.637,0,0,-0.13125,0.5,-0.5,0.5,0.5,
1,3,9.639,0,0,-0.13125,0.5,-0.5,0.5,0.5,
1,3,9.641,0,0,-0.13125,0.5,-0.5,0.5,0.5,
1,3,9.643,0,0,-0.13125,0.5,-0.5,0.5,0.5,
1,3,9.645,0,0,-0.13125,0.5,-0.5,0.5,0.5,
1,3,9.647,0,0,-0.13125,0.5,-0.5,0.5,0.5,
1,3,9.649,0,0,-0.13125,0.5,-0.5,0.5,0.5,
1,3,9.651,0,0,-0.13125,0.5,-0.5,0.5,0.5,
1,3,9.653,0,0,-0.13125,0.5,-0.5,0.5,0.5,
1,3,9.655,0,0,-0.13125,0.5,-0.5,0.5,0.5,
1,3,9.657,0,0,-0.13125,0.5,-0.5,0.5,0.5,
1,3,9.659,0,0,-0.13125,0.5,-0.5,0.5,0.5,
1,3,9.661,0,0,-0.13125,0.5,-0.5,0.5,0.5,
1,3,9.663,0,0,-0.13125,0.5,-0.5,0.5,0.5,
1,3,9.665,0,0,-0.13125,0.5,-0.5,0.5,0.5,
1,3,9.667,0,0,-0.13125,0.5,-0.5,0.5,0.5,
1,3,9.669,0,0,-0.13125,0.5,-0.5,0.5,0.5,
1,3,9.671,0,0,-0.13125,0.5,-0.5,0.5,0.5,
1,3,9.673,0,0,-0.13125,0.5,-0.5,0.5,0.5,
1,3,9.675,0,0,-0.13125,0.5,-0.5,0.5,0.5,
1,3,9.677,0,0,-0.13125,0.5,-0.5,0.5,0.5,
1,3,9.679,0,0,-0.13125,0.5,-0.5,0.5,0.5,
1,3,9.681,0,0,-0.13125,0.5,-0.5,0.5,0.5,
1,3,9.683,0,0,-0.13125,0.5,-0.5,0.5,0.5,
1,3,9.685,0,0,-0.13125,0.5,-0.5,0.5,0.5,
1,3,9.687,0,0,-0.13125,0.5,-0.5,0.5,0.5,
1,3,9.689,0,0,-0.13125,0.5,-0.5,0.5,0.5,
1,3,9.691,0,0,-0.13125,0.5,-0.5,0.5,0.5,
1,3,9.693,0,0,-0.13125,0.5,-0.5,0.5,0.5,
1,3,9.695,0,0,-0.13125,0.5,-0.5,0.5,0.5,
1,3,9.697,0,0,-0.13125,0.5,-0.5,0.5,0.5,
1,3,9.699,0,0,-0.13125,0.5,-0.5,0.5,0.5,
1,3,9.701,0,0,-0.13125,0.5,-0.5,0.5,0.5,
1,3,9.703,0,0,-0.13125,0.5,-0.5,0.5,0.5,
1,3,9.705,0,0,-0.13125,0.5,-0.5,0.5,0.5,
1,3,9.707,0,0,-0.13125,0.5,-0.5,0.5,0.5,
1,3,9.709,0,0,-0.13125,0.5,-0.5,0.5,0.5,
1,3,9.711,0,0,-0.13125,0.5,-0.5,0.5,0.5,
1,3,9.713,0,0,-0.13125,0.5,-0.5,0.5,0.5,
1,3,9.715,0,0,-0.13125,0.5,-0.5,0.5,0.5,
1,3,9.717,0,0,-0.13125,0.5,-0.5,0.5,0.5,
1,3,9.719,0,0,-0.13125,0.5,-0.5,0.5,0.5,
1,3,9.721,0,0,-0.13125,0.5,-0.5,0.5,0.5,
1,3,9.723,0,0,-0.13125,0.5,-0.5,0.5,0.5,
1,3,9.725,0,0,-0.13125,0.5,-0.5,0.5,0.5,
1,3,9.727,0,0,-0.13125,0.5,-0.5,0.5,0.5,
1,3,9.729,0,0,-0.13125,0.5,-0.5,0.5,0.5,
1,3,9.731,0,0,-0.13125,0.5,-0.5,0.5,0.5,
1,3,9.733,0,0,-0.13125,0.5,-0.5,0.5,0.5,
1,3,9.735,0,0,-0.13125,0.5,-0.5,0.5,0.5,
1,3,9.737,0,0,-0.13125,0.5,-0.5,0.5,0.5,
1,3,9.739,0,0,-0.13125,0.5,-0.5,0.5,0.5,
1,3,9.741,0,0,-0.13125,0.5,-0.5,0.5,0.5,
1,3,9.743,0,0,-0.13125,0.5,-0.5,0.5,0.5,
1,3,9.745,0,0,-0.13125,0.5,-0.5,0.5,0.5,
1,3,9.747,0,0,-0.13125,0.5,-0.5,0.5,0.5,
1,3,9.749,0,0,-0.13125,0.5,-0.5,0.5,0.5,
1,3,9.751,0,0,-0.13125,0.5,-0.5,0.5,0.5,
1,3,9.753,0,0,-0.13125,0.5,-0.5,0.5,0.5,
1,3,9.755,0,0,-0.13125,0.5,-0.5,0.5,0.5,
1,3,9.757,0,0,-0.13125,0.5,-0.5,0.5,0.5,
1,3,9.759,0,0,-0.13125,0.5,-0.5,0.5,0.5,
1,3,9.761,0,0,-0.13125,0.5,-0.5,0.5,0.5,
1,3,9.763,0,0,-0.13125,0.5,-0.5,0.5,0.5,
1,3,9.765,0,0,-0.13125,0.5,-0.5,0.5,0.5,
1,3,9.767,0,0,-0.13125,0.5,-0.5,0.5,0.5,
1,3,9.769,0,0,-0.13125,0.5,-0.5,0.5,0.5,
1,3,9.771,0,0,-0.13125,0.5,-0.5,0.5,0.5,
1,3,9.773,0,0,-0.13125,0.5,-0.5,0.5,0.5,
1,3,9.775,0,0,-0.13125,0.5,-0.5,0.5,0.5,
1,3,9.777,0,0,-0.13125,0.5,-0.5,0.5,0.5,
1,3,9.779,0,0,-0.13125,0.5,-0.5,0.5,0.5,
1,3,9.781,0,0,-0.13125,0.5,-0.5,0.5,0.5,
1,3,9.783,0,0,-0.13125,0.5,-0.5,0.5,0.5,
1,3,9.785,0,0,-0.13125,0.5,-0.5,0.5,0.5,
1,3,9.787,0,0,-0.13125,0.5,-0.5,0.5,0.5,
1,3,9.789,0,0,-0.13125,0.5,-0.5,0.5,0.5,
1,3,9.791,0,0,-0.13125,0.5,-0.5,0.5,0.5,
1,3,9.793,0,0,-0.13125,0.5,-0.5,0.5,0.5,
1,3,9.795,0,0,-0.13125,0.5,-0.5,0.5,0.5,
1,3,9.797,0,0,-0.13125,0.5,-0.5,0.5,0.5,
1,3,9.799,0,0,-0.13125,0.5,-0.5,0.5,0.5,
1,3,9.801,0,0,-0.13125,0.5,-0.5,0.5,0.5,
1,3,9.803,0,0,-0.13125,0.5,-0.5,0.5,0.5,
1,3,9.805,0,0,-0.13125,0.5,-0.5,0.5,0.5,
1,3,9.807,0,0,-0.13125,0.5,-0.5,0.5,0.5,
1,3,9.809,0,0,-0.13125,0.5,-0.5,0.5,0.5,
1,3,9.811,0,0,-0.13125,0.5,-0.5,0.5,0.5,
1,3,9.813,0,0,-0.13125,0.5,-0.5,0.5,0.5,
1,3,9.815,0,0,-0.13125,0.5,-0.5,0.5,0.5,
1,3,9.817,0,0,-0.13125,0.5,-0.5,0.5,0.5,
1,3,9.819,0,0,-0.13125,0.5,-0.5,0.5,0.5,
1,3,9.821,0,0,-0.13125,0.5,-0.5,0.5,0.5,
1,3,9.823,0,0,-0.13125,0.5,-0.5,0.5,0.5,
1,3,9.825,0,0,-0.13125,0.5,-0.5,0.5,0.5,
1,3,9.827,0,0,-0.13125,0.5,-0.5,0.5,0.5,
1,3,9.829,0,0,-0.13125,0.5,-0.5,0.5,0.5,
1,3,9.831,0,0,-0.13125,0.5,-0.5,0.5,0.5,
1,3,9.833,0,0,-0.13125,0.5,-0.5,0.5,0.5,
1,3,9.835,0,0,-0.13125,0.5,-0.5,0.5,0.5,
1,3,9.837,0,0,-0.13125,0.5,-0.5,0.5,0.5,
1,3,9.839,0,0,-0.13125,0.5,-0.5,0.5,0.5,
1,3,9.841,0,0,-0.13125,0.5,-0.5,0.5,0.5,
1,3,9.843,0,0,-0.13125,0.5,-0.5,0.5,0.5,
1,3,9.845,0,0,-0.13125,0.5,-0.5,0.5,0.5,
1,3,9.847,0,0,-0.13125,0.5,-0.5,0.5,0.5,
1,3,9.849,0,0,-0.13125,0.5,-0.5,0.5,0.5,
1,3,9.851,0,0,-0.13125,0.5,-0.5,0.5,0.5,
1,3,9.853,0,0,-0.13125,0.5,-0.5,0.5,0.5,
1,3,9.855,0,0,-0.13125,0.5,-0.5,0.5,0.5,
1,3,9.857,0,0,-0.13125,0.5,-0.5,0.5,0.5,
1,3,9.859,0,0,-0.13125,0.5,-0.5,0.5,0.5,
1,3,9.861,0,0,-0.13125,0.5,-0.5,0.5,0.5,
1,3,9.863,0,0,-0.13125,0.5,-0.5,0.5,0.5,
1,3,9.865,0,0,-0.13125,0.5,-0.5,0.5,0.5,
1,3,9.867,0,0,-0.13125,0.5,-0.5,0.5,0.5,
1,3,9.869,0,0,-0.13125,0.5,-0.5,0.5,0.5,
1,3,9.871,0,0,-0.13125,0.5,-0.5,0.5,0.5,
1,3,9.873,0,0,-0.13125,0.5,-0.5,0.5,0.5,
1,3,9.875,0,0,-0.13125,0.5,-0.5,0.5,0.5,
1,3,9.877,0,0,-0.13125,0.5,-0.5,0.5,0.5,
1,3,9.879,0,0,-0.13125,0.5,-0.5,0.5,0.5,
1,3,9.881,0,0,-0.13125,0.5,-0.5,0.5,0.5,
1,3,9.883,0,0,-0.13125,0.5,-0.5,0.5,0.5,
1,3,9.885,0,0,-0.13125,0.5,-0.5,0.5,0.5,
1,3,9.887,0,0,-0.13125,0.5,-0.5,0.5,0.5,
1,3,9.889,0,0,-0.13125,0.5,-0.5,0.5,0.5,
1,3,9.891,0,0,-0.13125,0.5,-0.5,0.5,0.5,
1,3,9.893,0,0,-0.13125,0.5,-0.5,0.5,0.5,
1,3,9.895,0,0,-0.13125,0.5,-0.5,0.5,0.5,
1,3,9.897,0,0,-0.13125,0.5,-0.5,0.5,0.5,
1,3,9.899,0,0,-0.13125,0.5,-0.5,0.5,0.5,
1,3,9.901,0,0,-0.13125,0.5,-0.5,0.5,0.5,
1,3,9.903,0,0,-0.13125,0.5,-0.5,0.5,0.5,
1,3,9.905,0,0,-0.13125,0.5,-0.5,0.5,0.5,
1,3,9.907,0,0,-0.13125,0.5,-0.5,0.5,0.5,
1,3,9.909,0,0,-0.13125,0.5,-0.5,0.5,0.5,
1,3,9.911,0,0,-0.13125,0.5,-0.5,0.5,0.5,
1,3,9.913,0,0,-0.13125,0.5,-0.5,0.5,0.5,
1,3,9.915,0,0,-0.13125,0.5,-0.5,0.5,0.5,
1,3,9.917,0,0,-0.13125,0.5,-0.5,0.5,0.5,
1,3,9.919,0,0,-0.13125,0.5,-0.5,0.5,0.5,
1,3,9.921,0,0,-0.13125,0.5,-0.5,0.5,0.5,
1,3,9.923,0,0,-0.13125,0.5,-0.5,0.5,0.5,
1,3,9.925,0,0,-0.13125,0.5,-0.5,0.5,0.5,
1,3,9.927,0,0,-0.13125,0.5,-0.5,0.5,0.5,
1,3,9.929,0,0,-0.13125,0.5,-0.5,0.5,0.5,
1,3,9.931,0,0,-0.13125,0.5,-0.5,0.5,0.5,
1,3,9.933,0,0,-0.13125,0.5,-0.5,0.5,0.5,
1,3,9.935,0,0,-0.13125,0.5,-0.5,0.5,0.5,
1,3,9.937,0,0,-0.13125,0.5,-0.5,0.5,0.5,
1,3,9.939,0,0,-0.13125,0.5,-0.5,0.5,0.5,
1,3,9.941,0,0,-0.13125,0.5,-0.5,0.5,0.5,
1,3,9.943,0,0,-0.13125,0.5,-0.5,0.5,0.5,
1,3,9.945,0,0,-0.13125,0.5,-0.5,0.5,0.5,
1,3,9.947,0,0,-0.13125,0.5,-0.5,0.5,0.5,
1,3,9.949,0,0,-0.13125,0.5,-0.5,0.5,0.5,
1,3,9.951,0,0,-0.13125,0.5,-0.5,0.5,0.5,
1,3,9.953,0,0,-0.13125,0.5,-0.5,0.5,0.5,
1,3,9.955,0,0,-0.13125,0.5,-0.5,0.5,0.5,
1,3,9.957,0,0,-0.13125,0.5,-0.5,0.5,0.5,
1,3,9.959,0,0,-0.13125,0.5,-0.5,0.5,0.5,
1,3,9.961,0,0,-0.13125,0.5,-0.5,0.5,0.5,
1,3,9.963,0,0,-0.13125,0.5,-0.5,0.5,0.5,
1,3,9.965,0,0,-0.13125,0.5,-0.5,0.5,0.5,
1,3,9.967,0,0,-0.13125,0.5,-0.5,0.5,0.5,
1,3,9.969,0,0,-0.13125,0.5,-0.5,0.5,0.5,
1,3,9.971,0,0,-0.13125,0.5,-0.5,0.5,0.5,
1,3,9.973,0,0,-0.13125,0.5,-0.5,0.5,0.5,
1,3,9.975,0,0,-0.13125,0.5,-0.5,0.5,0.5,
1,3,9.977,0,0,-0.13125,0.5,-0.5,0.5,0.5,
1,3,9.979,0,0,-0.13125,0.5,-0.5,0.5,0.5,
1,3,9.981,0,0,-0.13125,0.5,-0.5,0.5,0.5,
1,3,9.983,0,0,-0.13125,0.5,-0.5,0.5,0.5,
1,3,9.985,0,0,-0.13125,0.5,-0.5,0.5,0.5,
1,3,9.987,0,0,-0.13125,0.5,-0.5,0.5,0.5,
1,3,9.989,0,0,-0.13125,0.5,-0.5,0.5,0.5,
1,3,9.991,0,0,-0.13125,0.5,-0.5,0.5,0.5,
1,3,9.993,0,0,-0.13125,0.5,-0.5,0.5,0.5,
1,3,9.995,0,0,-0.13125,0.5,-0.5,0.5,0.5,
1,3,9.997,0,0,-0.13125,0.5,-0.5,0.5,0.5,
1,3,9.999,0,0,-0.13125,0.5,-0.5,0.5,0.5,
1,3,10.001,0,0,-0.13125,0.5,-0.5,0.5,0.5,
1,3,10.003,0,0,-0.13125,0.5,-0.5,0.5,0.5,
1,3,10.005,0,0,-0.13125,0.5,-0.5,0.5,0.5,
1,3,10.007,0,0,-0.13125,0.5,-0.5,0.5,0.5,
1,3,10.009,0,0,-0.13125,0.5,-0.5,0.5,0.5,
1,3,10.011,0,0,-0.13125,0.5,-0.5,0.5,0.5,
1,3,10.013,0,0,-0.13125,0.5,-0.5,0.5,0.5,
1,3,10.015,0,0,-0.13125,0.5,-0.5,0.5,0.5,
1,3,10.017,0,0,-0.13125,0.5,-0.5,0.5,0.5,
1,3,10.019,0,0,-0.13125,0.5,-0.5,0.5,0.5,
1,3,10.021,0,0,-0.13125,0.5,-0.5,0.5,0.5,
1,3,10.023,0,0,-0.13125,0.5,-0.5,0.5,0.5,
1,3,10.025,0,0,-0.13125,0.5,-0.5,0.5,0.5,
1,3,10.027,0,0,-0.13125,0.5,-0.5,0.5,0.5,
1,3,10.029,0,0,-0.13125,0.5,-0.5,0.5,0.5,
1,3,10.031,0,0,-0.13125,0.5,-0.5,0.5,0.5,
1,3,10.033,0,0,-0.13125,0.5,-0.5,0.5,0.5,
1,3,10.035,0,0,-0.13125,0.5,-0.5,0.5,0.5,
1,3,10.037,0,0,-0.13125,0.5,-0.5,0.5,0.5,
1,3,10.039,0,0,-0.13125,0.5,-0.5,0.5,0.5,
1,3,10.041,0,0,-0.13125,0.5,-0.5,0.5,0.5,
1,3,10.043,0,0,-0.13125,0.5,-0.5,0.5,0.5,
1,3,10.045,0,0,-0.13125,0.5,-0.5,0.5,0.5,
1,3,10.047,0,0,-0.13125,0.5,-0.5,0.5,0.5,
1,3,10.049,0,0,-0.13125,0.5,-0.5,0.5,0.5,
1,3,10.051,0,0,-0.13125,0.5,-0.5,0.5,0.5,
1,3,10.053,0,0,-0.13125,0.5,-0.5,0.5,0.5,
1,3,10.055,0,0,-0.13125,0.5,-0.5,0.5,0.5,
1,3,10.057,0,0,-0.13125,0.5,-0.5,0.5,0.5,
1,3,10.059,0,0,-0.13125,0.5,-0.5,0.5,0.5,
1,3,10.061,0,0,-0.13125,0.5,-0.5,0.5,0.5,
1,3,10.063,0,0,-0.13125,0.5,-0.5,0.5,0.5,
1,3,10.065,0,0,-0.13125,0.5,-0.5,0.5,0.5,
1,3,10.067,0,0,-0.13125,0.5,-0.5,0.5,0.5,
1,3,10.069,0,0,-0.13125,0.5,-0.5,0.5,0.5,
1,3,10.071,0,0,-0.13125,0.5,-0.5,0.5,0.5,
1,3,10.073,0,0,-0.13125,0.5,-0.5,0.5,0.5,
1,3,10.075,0,0,-0.13125,0.5,-0.5,0.5,0.5,
1,3,10.077,0,0,-0.13125,0.5,-0.5,0.5,0.5,
1,3,10.079,0,0,-0.13125,0.5,-0.5,0.5,0.5,
1,3,10.081,0,0,-0.13125,0.5,-0.5,0.5,0.5,
1,3,10.083,0,0,-0.13125,0.5,-0.5,0.5,0.5,
1,3,10.085,0,0,-0.13125,0.5,-0.5,0.5,0.5,
1,3,10.087,0,0,-0.13125,0.5,-0.5,0.5,0.5,
1,3,10.089,0,0,-0.13125,0.5,-0.5,0.5,0.5,
1,3,10.091,0,0,-0.13125,0.5,-0.5,0.5,0.5,
1,3,10.093,0,0,-0.13125,0.5,-0.5,0.5,0.5,
1,3,10.095,0,0,-0.13125,0.5,-0.5,0.5,0.5,
1,3,10.097,0,0,-0.13125,0.5,-0.5,0.5,0.5,
1,3,10.099,0,0,-0.13125,0.5,-0.5,0.5,0.5,
1,3,10.101,0,0,-0.13125,0.5,-0.5,0.5,0.5,
1,3,10.103,0,0,-0.13125,0.5,-0.5,0.5,0.5,
1,3,10.105,0,0,-0.13125,0.5,-0.5,0.5,0.5,
1,3,10.107,0,0,-0.13125,0.5,-0.5,0.5,0.5,
1,3,10.109,0,0,-0.13125,0.5,-0.5,0.5,0.5,
1,3,10.111,0,0,-0.13125,0.5,-0.5,0.5,0.5,
1,3,10.113,0,0,-0.13125,0.5,-0.5,0.5,0.5,
1,3,10.115,0,0,-0.13125,0.5,-0.5,0.5,0.5,
1,3,10.117,0,0,-0.13125,0.5,-0.5,0.5,0.5,
1,3,10.119,0,0,-0.13125,0.5,-0.5,0.5,0.5,
1,3,10.121,0,0,-0.13125,0.5,-0.5,0.5,0.5,
1,3,10.123,0,0,-0.13125,0.5,-0.5,0.5,0.5,
1,3,10.125,0,0,-0.13125,0.5,-0.5,0.5,0.5,
1,3,10.127,0,0,-0.13125,0.5,-0.5,0.5,0.5,
1,3,10.129,0,0,-0.13125,0.5,-0.5,0.5,0.5,
1,3,10.131,0,0,-0.13125,0.5,-0.5,0.5,0.5,
1,3,10.133,0,0,-0.13125,0.5,-0.5,0.5,0.5,
1,3,10.135,0,0,-0.13125,0.5,-0.5,0.5,0.5,
1,3,10.137,0,0,-0.13125,0.5,-0.5,0.5,0.5,
1,3,10.139,0,0,-0.13125,0.5,-0.5,0.5,0.5,
1,3,10.141,0,0,-0.13125,0.5,-0.5,0.5,0.5,
1,3,10.143,0,0,-0.13125,0.5,-0.5,0.5,0.5,
1,3,10.145,0,0,-0.13125,0.5,-0.5,0.5,0.5,
1,3,10.147,0,0,-0.13125,0.5,-0.5,0.5,0.5,
1,3,10.149,0,0,-0.13125,0.5,-0.5,0.5,0.5,
1,3,10.151,0,0,-0.13125,0.5,-0.5,0.5,0.5,
1,3,10.153,0,0,-0.13125,0.5,-0.5,0.5,0.5,
1,3,10.155,0,0,-0.13125,0.5,-0.5,0.5,0.5,
1,3,10.157,0,0,-0.13125,0.5,-0.5,0.5,0.5,
1,3,10.159,0,0,-0.13125,0.5,-0.5,0.5,0.5,
1,3,10.161,0,0,-0.13125,0.5,-0.5,0.5,0.5,
1,3,10.163,0,0,-0.13125,0.5,-0.5,0.5,0.5,
1,3,10.165,0,0,-0.13125,0.5,-0.5,0.5,0.5,
1,3,10.167,0,0,-0.13125,0.5,-0.5,0.5,0.5,
1,3,10.169,0,0,-0.13125,0.5,-0.5,0.5,0.5,
1,3,10.171,0,0,-0.13125,0.5,-0.5,0.5,0.5,
1,3,10.173,0,0,-0.13125,0.5,-0.5,0.5,0.5,
1,3,10.175,0,0,-0.13125,0.5,-0.5,0.5,0.5,
1,3,10.177,0,0,-0.13125,0.5,-0.5,0.5,0.5,
1,3,10.179,0,0,-0.13125,0.5,-0.5,0.5,0.5,
1,3,10.181,0,0,-0.13125,0.5,-0.5,0.5,0.5,
1,3,10.183,0,0,-0.13125,0.5,-0.5,0.5,0.5,
1,3,10.185,0,0,-0.13125,0.5,-0.5,0.5,0.5,
1,3,10.187,0,0,-0.13125,0.5,-0.5,0.5,0.5,
1,3,10.189,0,0,-0.13125,0.5,-0.5,0.5,0.5,
1,3,10.191,0,0,-0.13125,0.5,-0.5,0.5,0.5,
1,3,10.193,0,0,-0.13125,0.5,-0.5,0.5,0.5,
1,3,10.195,0,0,-0.13125,0.5,-0.5,0.5,0.5,
1,3,10.197,0,0,-0.13125,0.5,-0.5,0.5,0.5,
1,3,10.199,0,0,-0.13125,0.5,-0.5,0.5,0.5,
1,3,10.201,0,0,-0.13125,0.5,-0.5,0.5,0.5,
1,3,10.203,0,0,-0.13125,0.5,-0.5,0.5,0.5,
1,3,10.205,0,0,-0.13125,0.5,-0.5,0.5,0.5,
1,3,10.207,0,0,-0.13125,0.5,-0.5,0.5,0.5,
1,3,10.209,0,0,-0.13125,0.5,-0.5,0.5,0.5,
1,3,10.211,0,0,-0.13125,0.5,-0.5,0.5,0.5,
1,3,10.213,0,0,-0.13125,0.5,-0.5,0.5,0.5,
1,3,10.215,0,0,-0.13125,0.5,-0.5,0.5,0.5,
1,3,10.217,0,0,-0.13125,0.5,-0.5,0.5,0.5,
1,3,10.219,0,0,-0.13125,0.5,-0.5,0.5,0.5,
1,3,10.221,0,0,-0.13125,0.5,-0.5,0.5,0.5,
1,3,10.223,0,0,-0.13125,0.5,-0.5,0.5,0.5,
1,3,10.225,0,0,-0.13125,0.5,-0.5,0.5,0.5,
1,3,10.227,0,0,-0.13125,0.5,-0.5,0.5,0.5,
1,3,10.229,0,0,-0.13125,0.5,-0.5,0.5,0.5,
1,3,10.231,0,0,-0.13125,0.5,-0.5,0.5,0.5,
1,3,10.233,0,0,-0.13125,0.5,-0.5,0.5,0.5,
1,3,10.235,0,0,-0.13125,0.5,-0.5,0.5,0.5,
1,3,10.237,0,0,-0.13125,0.5,-0.5,0.5,0.5,
1,3,10.239,0,0,-0.13125,0.5,-0.5,0.5,0.5,
1,3,10.241,0,0,-0.13125,0.5,-0.5,0.5,0.5,
1,3,10.243,0,0,-0.13125,0.5,-0.5,0.5,0.5,
1,3,10.245,0,0,-0.13125,0.5,-0.5,0.5,0.5,
1,3,10.247,0,0,-0.13125,0.5,-0.5,0.5,0.5,
1,3,10.249,0,0,-0.13125,0.5,-0.5,0.5,0.5,
1,3,10.251,0,0,-0.13125,0.5,-0.5,0.5,0.5,
1,3,10.253,0,0,-0.13125,0.5,-0.5,0.5,0.5,
1,3,10.255,0,0,-0.13125,0.5,-0.5,0.5,0.5,
1,3,10.257,0,0,-0.13125,0.5,-0.5,0.5,0.5,
1,3,10.259,0,0,-0.13125,0.5,-0.5,0.5,0.5,
1,3,10.261,0,0,-0.13125,0.5,-0.5,0.5,0.5,
1,3,10.263,0,0,-0.13125,0.5,-0.5,0.5,0.5,
1,3,10.265,0,0,-0.13125,0.5,-0.5,0.5,0.5,
1,3,10.267,0,0,-0.13125,0.5,-0.5,0.5,0.5,
1,3,10.269,0,0,-0.13125,0.5,-0.5,0.5,0.5,
1,3,10.271,0,0,-0.13125,0.5,-0.5,0.5,0.5,
1,3,10.273,0,0,-0.13125,0.5,-0.5,0.5,0.5,
1,3,10.275,0,0,-0.13125,0.5,-0.5,0.5,0.5,
1,3,10.277,0,0,-0.13125,0.5,-0.5,0.5,0.5,
1,3,10.279,0,0,-0.13125,0.5,-0.5,0.5,0.5,
1,3,10.281,0,0,-0.13125,0.5,-0.5,0.5,0.5,
1,3,10.283,0,0,-0.13125,0.5,-0.5,0.5,0.5,
1,3,10.285,0,0,-0.13125,0.5,-0.5,0.5,0.5,
1,3,10.287,0,0,-0.13125,0.5,-0.5,0.5,0.5,
1,3,10.289,0,0,-0.13125,0.5,-0.5,0.5,0.5,
1,3,10.291,0,0,-0.13125,0.5,-0.5,0.5,0.5,
1,3,10.293,0,0,-0.13125,0.5,-0.5,0.5,0.5,
1,3,10.295,0,0,-0.13125,0.5,-0.5,0.5,0.5,
1,3,10.297,0,0,-0.13125,0.5,-0.5,0.5,0.5,
1,3,10.299,0,0,-0.13125,0.5,-0.5,0.5,0.5,
1,3,10.301,0,0,-0.13125,0.5,-0.5,0.5,0.5,
1,3,10.303,0,0,-0.13125,0.5,-0.5,0.5,0.5,
1,3,10.305,0,0,-0.13125,0.5,-0.5,0.5,0.5,
1,3,10.307,0,0,-0.13125,0.5,-0.5,0.5,0.5,
1,3,10.309,0,0,-0.13125,0.5,-0.5,0.5,0.5,
1,3,10.311,0,0,-0.13125,0.5,-0.5,0.5,0.5,
1,3,10.313,0,0,-0.13125,0.5,-0.5,0.5,0.5,
1,3,10.315,0,0,-0.13125,0.5,-0.5,0.5,0.5,
1,3,10.317,0,0,-0.13125,0.5,-0.5,0.5,0.5,
1,3,10.319,0,0,-0.13125,0.5,-0.5,0.5,0.5,
1,3,10.321,0,0,-0.13125,0.5,-0.5,0.5,0.5,
1,3,10.323,0,0,-0.13125,0.5,-0.5,0.5,0.5,
1,3,10.325,0,0,-0.13125,0.5,-0.5,0.5,0.5,
1,3,10.327,0,0,-0.13125,0.5,-0.5,0.5,0.5,
1,3,10.329,0,0,-0.13125,0.5,-0.5,0.5,0.5,
1,3,10.331,0,0,-0.13125,0.5,-0.5,0.5,0.5,
1,3,10.333,0,0,-0.13125,0.5,-0.5,0.5,0.5,
1,3,10.335,0,0,-0.13125,0.5,-0.5,0.5,0.5,
1,3,10.337,0,0,-0.13125,0.5,-0.5,0.5,0.5,
1,3,10.339,0,0,-0.13125,0.5,-0.5,0.5,0.5,
1,3,10.341,0,0,-0.13125,0.5,-0.5,0.5,0.5,
1,3,10.343,0,0,-0.13125,0.5,-0.5,0.5,0.5,
1,3,10.345,0,0,-0.13125,0.5,-0.5,0.5,0.5,
1,3,10.347,0,0,-0.13125,0.5,-0.5,0.5,0.5,
1,3,10.349,0,0,-0.13125,0.5,-0.5,0.5,0.5,
1,3,10.351,0,0,-0.13125,0.5,-0.5,0.5,0.5,
1,3,10.353,0,0,-0.13125,0.5,-0.5,0.5,0.5,
1,3,10.355,0,0,-0.13125,0.5,-0.5,0.5,0.5,
1,3,10.357,0,0,-0.13125,0.5,-0.5,0.5,0.5,
1,3,10.359,0,0,-0.13125,0.5,-0.5,0.5,0.5,
1,3,10.361,0,0,-0.13125,0.5,-0.5,0.5,0.5,
1,3,10.363,0,0,-0.13125,0.5,-0.5,0.5,0.5,
1,3,10.365,0,0,-0.13125,0.5,-0.5,0.5,0.5,
1,3,10.367,0,0,-0.13125,0.5,-0.5,0.5,0.5,
1,3,10.369,0,0,-0.13125,0.5,-0.5,0.5,0.5,
1,3,10.371,0,0,-0.13125,0.5,-0.5,0.5,0.5,
1,3,10.373,0,0,-0.13125,0.5,-0.5,0.5,0.5,
1,3,10.375,0,0,-0.13125,0.5,-0.5,0.5,0.5,
1,3,10.377,0,0,-0.13125,0.5,-0.5,0.5,0.5,
1,3,10.379,0,0,-0.13125,0.5,-0.5,0.5,0.5,
1,3,10.381,0,0,-0.13125,0.5,-0.5,0.5,0.5,
1,3,10.383,0,0,-0.13125,0.5,-0.5,0.5,0.5,
1,3,10.385,0,0,-0.13125,0.5,-0.5,0.5,0.5,
1,3,10.387,0,0,-0.13125,0.5,-0.5,0.5,0.5,
1,3,10.389,0,0,-0.13125,0.5,-0.5,0.5,0.5,
1,3,10.391,0,0,-0.13125,0.5,-0.5,0.5,0.5,
1,3,10.393,0,0,-0.13125,0.5,-0.5,0.5,0.5,
1,3,10.395,0,0,-0.13125,0.5,-0.5,0.5,0.5,
1,3,10.397,0,0,-0.13125,0.5,-0.5,0.5,0.5,
1,3,10.399,0,0,-0.13125,0.5,-0.5,0.5,0.5,
1,3,10.401,0,0,-0.13125,0.5,-0.5,0.5,0.5,
1,3,10.403,0,0,-0.13125,0.5,-0.5,0.5,0.5,
1,3,10.405,0,0,-0.13125,0.5,-0.5,0.5,0.5,
1,3,10.407,0,0,-0.13125,0.5,-0.5,0.5,0.5,
1,3,10.409,0,0,-0.13125,0.5,-0.5,0.5,0.5,
1,3,10.411,0,0,-0.13125,0.5,-0.5,0.5,0.5,
1,3,10.413,0,0,-0.13125,0.5,-0.5,0.5,0.5,
1,3,10.415,0,0,-0.13125,0.5,-0.5,0.5,0.5,
1,3,10.417,0,0,-0.13125,0.5,-0.5,0.5,0.5,
1,3,10.419,0,0,-0.13125,0.5,-0.5,0.5,0.5,
1,3,10.421,0,0,-0.13125,0.5,-0.5,0.5,0.5,
1,3,10.423,0,0,-0.13125,0.5,-0.5,0.5,0.5,
1,3,10.425,0,0,-0.13125,0.5,-0.5,0.5,0.5,
1,3,10.427,0,0,-0.13125,0.5,-0.5,0.5,0.5,
1,3,10.429,0,0,-0.13125,0.5,-0.5,0.5,0.5,
1,3,10.431,0,0,-0.13125,0.5,-0.5,0.5,0.5,
1,3,10.433,0,0,-0.13125,0.5,-0.5,0.5,0.5,
1,3,10.435,0,0,-0.13125,0.5,-0.5,0.5,0.5,
1,3,10.437,0,0,-0.13125,0.5,-0.5,0.5,0.5,
1,3,10.439,0,0,-0.13125,0.5,-0.5,0.5,0.5,
1,3,10.441,0,0,-0.13125,0.5,-0.5,0.5,0.5,
1,3,10.443,0,0,-0.13125,0.5,-0.5,0.5,0.5,
1,3,10.445,0,0,-0.13125,0.5,-0.5,0.5,0.5,
1,3,10.447,0,0,-0.13125,0.5,-0.5,0.5,0.5,
1,3,10.449,0,0,-0.13125,0.5,-0.5,0.5,0.5,
1,3,10.451,0,0,-0.13125,0.5,-0.5,0.5,0.5,
1,3,10.453,0,0,-0.13125,0.5,-0.5,0.5,0.5,
1,3,10.455,0,0,-0.13125,0.5,-0.5,0.5,0.5,
1,3,10.457,0,0,-0.13125,0.5,-0.5,0.5,0.5,
1,3,10.459,0,0,-0.13125,0.5,-0.5,0.5,0.5,
1,3,10.461,0,0,-0.13125,0.5,-0.5,0.5,0.5,
1,3,10.463,0,0,-0.13125,0.5,-0.5,0.5,0.5,
1,3,10.465,0,0,-0.13125,0.5,-0.5,0.5,0.5,
1,3,10.467,0,0,-0.13125,0.5,-0.5,0.5,0.5,
1,3,10.469,0,0,-0.13125,0.5,-0.5,0.5,0.5,
1,3,10.471,0,0,-0.13125,0.5,-0.5,0.5,0.5,
1,3,10.473,0,0,-0.13125,0.5,-0.5,0.5,0.5,
1,3,10.475,0,0,-0.13125,0.5,-0.5,0.5,0.5,
1,3,10.477,0,0,-0.13125,0.5,-0.5,0.5,0.5,
1,3,10.479,0,0,-0.13125,0.5,-0.5,0.5,0.5,
1,3,10.481,0,0,-0.13125,0.5,-0.5,0.5,0.5,
1,3,10.483,0,0,-0.13125,0.5,-0.5,0.5,0.5,
1,3,10.485,0,0,-0.13125,0.5,-0.5,0.5,0.5,
1,3,10.487,0,0,-0.13125,0.5,-0.5,0.5,0.5,
1,3,10.489,0,0,-0.13125,0.5,-0.5,0.5,0.5,
1,3,10.491,0,0,-0.13125,0.5,-0.5,0.5,0.5,
1,3,10.493,0,0,-0.13125,0.5,-0.5,0.5,0.5,
1,3,10.495,0,0,-0.13125,0.5,-0.5,0.5,0.5,
1,3,10.497,0,0,-0.13125,0.5,-0.5,0.5,0.5,
1,3,10.499,0,0,-0.13125,0.5,-0.5,0.5,0.5,
1,3,10.501,0,0,-0.13125,0.5,-0.5,0.5,0.5,
1,3,10.503,0,0,-0.13125,0.5,-0.5,0.5,0.5,
1,3,10.505,0,0,-0.13125,0.5,-0.5,0.5,0.5,
1,3,10.507,0,0,-0.13125,0.5,-0.5,0.5,0.5,
1,3,10.509,0,0,-0.13125,0.5,-0.5,0.5,0.5,
1,3,10.511,0,0,-0.13125,0.5,-0.5,0.5,0.5,
1,3,10.513,0,0,-0.13125,0.5,-0.5,0.5,0.5,
1,3,10.515,0,0,-0.13125,0.5,-0.5,0.5,0.5,
1,3,10.517,0,0,-0.13125,0.5,-0.5,0.5,0.5,
1,3,10.519,0,0,-0.13125,0.5,-0.5,0.5,0.5,
1,3,10.521,0,0,-0.13125,0.5,-0.5,0.5,0.5,
1,3,10.523,0,0,-0.13125,0.5,-0.5,0.5,0.5,
1,3,10.525,0,0,-0.13125,0.5,-0.5,0.5,0.5,
1,3,10.527,0,0,-0.13125,0.5,-0.5,0.5,0.5,
1,3,10.529,0,0,-0.13125,0.5,-0.5,0.5,0.5,
1,3,10.531,0,0,-0.13125,0.5,-0.5,0.5,0.5,
1,3,10.533,0,0,-0.13125,0.5,-0.5,0.5,0.5,
1,3,10.535,0,0,-0.13125,0.5,-0.5,0.5,0.5,
1,3,10.537,0,0,-0.13125,0.5,-0.5,0.5,0.5,
1,3,10.539,0,0,-0.13125,0.5,-0.5,0.5,0.5,
1,3,10.541,0,0,-0.13125,0.5,-0.5,0.5,0.5,
1,3,10.543,0,0,-0.13125,0.5,-0.5,0.5,0.5,
1,3,10.545,0,0,-0.13125,0.5,-0.5,0.5,0.5,
1,3,10.547,0,0,-0.13125,0.5,-0.5,0.5,0.5,
1,3,10.549,0,0,-0.13125,0.5,-0.5,0.5,0.5,
1,3,10.551,0,0,-0.13125,0.5,-0.5,0.5,0.5,
1,3,10.553,0,0,-0.13125,0.5,-0.5,0.5,0.5,
1,3,10.555,0,0,-0.13125,0.5,-0.5,0.5,0.5,
1,3,10.557,0,0,-0.13125,0.5,-0.5,0.5,0.5,
1,3,10.559,0,0,-0.13125,0.5,-0.5,0.5,0.5,
1,3,10.561,0,0,-0.13125,0.5,-0.5,0.5,0.5,
1,3,10.563,0,0,-0.13125,0.5,-0.5,0.5,0.5,
1,3,10.565,0,0,-0.13125,0.5,-0.5,0.5,0.5,
1,3,10.567,0,0,-0.13125,0.5,-0.5,0.5,0.5,
1,3,10.569,0,0,-0.13125,0.5,-0.5,0.5,0.5,
1,3,10.571,0,0,-0.13125,0.5,-0.5,0.5,0.5,
1,3,10.573,0,0,-0.13125,0.5,-0.5,0.5,0.5,
1,3,10.575,0,0,-0.13125,0.5,-0.5,0.5,0.5,
1,3,10.577,0,0,-0.13125,0.5,-0.5,0.5,0.5,
1,3,10.579,0,0,-0.13125,0.5,-0.5,0.5,0.5,
1,3,10.581,0,0,-0.13125,0.5,-0.5,0.5,0.5,
1,3,10.583,0,0,-0.13125,0.5,-0.5,0.5,0.5,
1,3,10.585,0,0,-0.13125,0.5,-0.5,0.5,0.5,
1,3,10.587,0,0,-0.13125,0.5,-0.5,0.5,0.5,
1,3,10.589,0,0,-0.13125,0.5,-0.5,0.5,0.5,
1,3,10.591,0,0,-0.13125,0.5,-0.5,0.5,0.5,
1,3,10.593,0,0,-0.13125,0.5,-0.5,0.5,0.5,
1,3,10.595,0,0,-0.13125,0.5,-0.5,0.5,0.5,
1,3,10.597,0,0,-0.13125,0.5,-0.5,0.5,0.5,
1,3,10.599,0,0,-0.13125,0.5,-0.5,0.5,0.5,
1,3,10.601,0,0,-0.13125,0.5,-0.5,0.5,0.5,
1,3,10.603,0,0,-0.13125,0.5,-0.5,0.5,0.5,
1,3,10.605,0,0,-0.13125,0.5,-0.5,0.5,0.5,
1,3,10.607,0,0,-0.13125,0.5,-0.5,0.5,0.5,
1,3,10.609,0,0,-0.13125,0.5,-0.5,0.5,0.5,
1,3,10.611,0,0,-0.13125,0.5,-0.5,0.5,0.5,
1,3,10.613,0,0,-0.13125,0.5,-0.5,0.5,0.5,
1,3,10.615,0,0,-0.13125,0.5,-0.5,0.5,0.5,
1,3,10.617,0,0,-0.13125,0.5,-0.5,0.5,0.5,
1,3,10.619,0,0,-0.13125,0.5,-0.5,0.5,0.5,
1,3,10.621,0,0,-0.13125,0.5,-0.5,0.5,0.5,
1,3,10.623,0,0,-0.13125,0.5,-0.5,0.5,0.5,
1,3,10.625,0,0,-0.13125,0.5,-0.5,0.5,0.5,
1,3,10.627,0,0,-0.13125,0.5,-0.5,0.5,0.5,
1,3,10.629,0,0,-0.13125,0.5,-0.5,0.5,0.5,
1,3,10.631,0,0,-0.13125,0.5,-0.5,0.5,0.5,
1,3,10.633,0,0,-0.13125,0.5,-0.5,0.5,0.5,
1,3,10.635,0,0,-0.13125,0.5,-0.5,0.5,0.5,
1,3,10.637,0,0,-0.13125,0.5,-0.5,0.5,0.5,
1,3,10.639,0,0,-0.13125,0.5,-0.5,0.5,0.5,
1,3,10.641,0,0,-0.13125,0.5,-0.5,0.5,0.5,
1,3,10.643,0,0,-0.13125,0.5,-0.5,0.5,0.5,
1,3,10.645,0,0,-0.13125,0.5,-0.5,0.5,0.5,
1,3,10.647,0,0,-0.13125,0.5,-0.5,0.5,0.5,
1,3,10.649,0,0,-0.13125,0.5,-0.5,0.5,0.5,
1,3,10.651,0,0,-0.13125,0.5,-0.5,0.5,0.5,
1,3,10.653,0,0,-0.13125,0.5,-0.5,0.5,0.5,
1,3,10.655,0,0,-0.13125,0.5,-0.5,0.5,0.5,
1,3,10.657,0,0,-0.13125,0.5,-0.5,0.5,0.5,
1,3,10.659,0,0,-0.13125,0.5,-0.5,0.5,0.5,
1,3,10.661,0,0,-0.13125,0.5,-0.5,0.5,0.5,
1,3,10.663,0,0,-0.13125,0.5,-0.5,0.5,0.5,
1,3,10.665,0,0,-0.13125,0.5,-0.5,0.5,0.5,
1,3,10.667,0,0,-0.13125,0.5,-0.5,0.5,0.5,
1,3,10.669,0,0,-0.13125,0.5,-0.5,0.5,0.5,
1,3,10.671,0,0,-0.13125,0.5,-0.5,0.5,0.5,
1,3,10.673,0,0,-0.13125,0.5,-0.5,0.5,0.5,
1,3,10.675,0,0,-0.13125,0.5,-0.5,0.5,0.5,
1,3,10.677,0,0,-0.13125,0.5,-0.5,0.5,0.5,
1,3,10.679,0,0,-0.13125,0.5,-0.5,0.5,0.5,
1,3,10.681,0,0,-0.13125,0.5,-0.5,0.5,0.5,
1,3,10.683,0,0,-0.13125,0.5,-0.5,0.5,0.5,
1,3,10.685,0,0,-0.13125,0.5,-0.5,0.5,0.5,
1,3,10.687,0,0,-0.13125,0.5,-0.5,0.5,0.5,
1,3,10.689,0,0,-0.13125,0.5,-0.5,0.5,0.5,
1,3,10.691,0,0,-0.13125,0.5,-0.5,0.5,0.5,
1,3,10.693,0,0,-0.13125,0.5,-0.5,0.5,0.5,
1,3,10.695,0,0,-0.13125,0.5,-0.5,0.5,0.5,
1,3,10.697,0,0,-0.13125,0.5,-0.5,0.5,0.5,
1,3,10.699,0,0,-0.13125,0.5,-0.5,0.5,0.5,
1,3,10.701,0,0,-0.13125,0.5,-0.5,0.5,0.5,
1,3,10.703,0,0,-0.13125,0.5,-0.5,0.5,0.5,
1,3,10.705,0,0,-0.13125,0.5,-0.5,0.5,0.5,
1,3,10.707,0,0,-0.13125,0.5,-0.5,0.5,0.5,
1,3,10.709,0,0,-0.13125,0.5,-0.5,0.5,0.5,
1,3,10.711,0,0,-0.13125,0.5,-0.5,0.5,0.5,
1,3,10.713,0,0,-0.13125,0.5,-0.5,0.5,0.5,
1,3,10.715,0,0,-0.13125,0.5,-0.5,0.5,0.5,
1,3,10.717,0,0,-0.13125,0.5,-0.5,0.5,0.5,
1,3,10.719,0,0,-0.13125,0.5,-0.5,0.5,0.5,
1,3,10.721,0,0,-0.13125,0.5,-0.5,0.5,0.5,
1,3,10.723,0,0,-0.13125,0.5,-0.5,0.5,0.5,
1,3,10.725,0,0,-0.13125,0.5,-0.5,0.5,0.5,
1,3,10.727,0,0,-0.13125,0.5,-0.5,0.5,0.5,
1,3,10.729,0,0,-0.13125,0.5,-0.5,0.5,0.5,
1,3,10.731,0,0,-0.13125,0.5,-0.5,0.5,0.5,
1,3,10.733,0,0,-0.13125,0.5,-0.5,0.5,0.5,
1,3,10.735,0,0,-0.13125,0.5,-0.5,0.5,0.5,
1,3,10.737,0,0,-0.13125,0.5,-0.5,0.5,0.5,
1,3,10.739,0,0,-0.13125,0.5,-0.5,0.5,0.5,
1,3,10.741,0,0,-0.13125,0.5,-0.5,0.5,0.5,
1,3,10.743,0,0,-0.13125,0.5,-0.5,0.5,0.5,
1,3,10.745,0,0,-0.13125,0.5,-0.5,0.5,0.5,
1,3,10.747,0,0,-0.13125,0.5,-0.5,0.5,0.5,
1,3,10.749,0,0,-0.13125,0.5,-0.5,0.5,0.5,CourtEnter
1,3,10.751,0,0,-0.13125,0.5,-0.5,0.5,0.5,
1,3,10.753,0,0,-0.13125,0.5,-0.5,0.5,0.5,
1,3,10.755,0,0,-0.13125,0.5,-0.5,0.5,0.5,CourtExit
1,3,10.757,0,0,-0.13125,0.5,-0.5,0.5,0.5,
1,3,10.759,0,0,-0.13125,0.5,-0.5,0.5,0.5,
1,3,10.761,0,0,-0.13125,0.5,-0.5,0.5,0.5,
1,3,10.763,0,0,-0.13125,0.5,-0.5,0.5,0.5,
1,3,10.765,0,0,-0.13125,0.5,-0.5,0.5,0.5,
1,3,10.767,0,0,-0.13125,0.5,-0.5,0.5,0.5,
1,3,10.769,0,0,-0.13125,0.5,-0.5,0.5,0.5,
1,3,10.771,0,0,-0.13125,0.5,-0.5,0.5,0.5,
1,3,10.773,0,0,-0.13125,0.5,-0.5,0.5,0.5,
1,3,10.775,0,0,-0.13125,0.5,-0.5,0.5,0.5,
1,3,10.777,0,0,-0.13125,0.5,-0.5,0.5,0.5,
1,3,10.779,0,0,-0.13125,0.5,-0.5,0.5,0.5,
1,3,10.781,0,0,-0.13125,0.5,-0.5,0.5,0.5,
1,3,10.783,0,0,-0.13125,0.5,-0.5,0.5,0.5,
1,3,10.785,0,0,-0.13125,0.5,-0.5,0.5,0.5,
1,3,10.787,0,0,-0.13125,0.5,-0.5,0.5,0.5,
1,3,10.789,0,0,-0.13125,0.5,-0.5,0.5,0.5,
1,3,10.791,0,0,-0.13125,0.5,-0.5,0.5,0.5,
1,3,10.793,0,0,-0.13125,0.5,-0.5,0.5,0.5,
1,3,10.795,0,0,-0.13125,0.5,-0.5,0.5,0.5,
1,3,10.797,0,0,-0.13125,0.5,-0.5,0.5,0.5,
1,3,10.799,0,0,-0.13125,0.5,-0.5,0.5,0.5,
1,3,10.801,0,0,-0.13125,0.5,-0.5,0.5,0.5,
1,3,10.803,0,0,-0.13125,0.5,-0.5,0.5,0.5,
1,3,10.805,0,0,-0.13125,0.5,-0.5,0.5,0.5,
1,3,10.807,0,0,-0.13125,0.5,-0.5,0.5,0.5,
1,3,10.809,0,0,-0.13125,0.5,-0.5,0.5,0.5,
1,3,10.811,0,0,-0.13125,0.5,-0.5,0.5,0.5,
1,3,10.813,0,0,-0.13125,0.5,-0.5,0.5,0.5,
1,3,10.815,0,0,-0.13125,0.5,-0.5,0.5,0.5,
1,3,10.817,0,0,-0.13125,0.5,-0.5,0.5,0.5,
1,3,10.819,0,0,-0.13125,0.5,-0.5,0.5,0.5,
1,3,10.821,0,0,-0.13125,0.5,-0.5,0.5,0.5,
1,3,10.823,0,0,-0.13125,0.5,-0.5,0.5,0.5,
1,3,10.825,0,0,-0.13125,0.5,-0.5,0.5,0.5,
1,3,10.827,0,0,-0.13125,0.5,-0.5,0.5,0.5,
1,3,10.829,0,0,-0.13125,0.5,-0.5,0.5,0.5,
1,3,10.831,0,0,-0.13125,0.5,-0.5,0.5,0.5,
1,3,10.833,0,0,-0.13125,0.5,-0.5,0.5,0.5,
1,3,10.835,0,0,-0.13125,0.5,-0.5,0.5,0.5,
1,3,10.837,0,0,-0.13125,0.5,-0.5,0.5,0.5,
1,3,10.839,0,0,-0.13125,0.5,-0.5,0.5,0.5,
1,3,10.841,0,0,-0.13125,0.5,-0.5,0.5,0.5,
1,3,10.843,0,0,-0.13125,0.5,-0.5,0.5,0.5,
1,3,10.845,0,0,-0.13125,0.5,-0.5,0.5,0.5,
1,3,10.847,0,0,-0.13125,0.5,-0.5,0.5,0.5,
1,3,10.849,0,0,-0.13125,0.5,-0.5,0.5,0.5,
1,3,10.851,0,0,-0.13125,0.5,-0.5,0.5,0.5,
1,3,10.853,0,0,-0.13125,0.5,-0.5,0.5,0.5,
1,3,10.855,0,0,-0.13125,0.5,-0.5,0.5,0.5,
1,3,10.857,0,0,-0.13125,0.5,-0.5,0.5,0.5,
1,3,10.859,0,0,-0.13125,0.5,-0.5,0.5,0.5,
1,3,10.861,0,0,-0.13125,0.5,-0.5,0.5,0.5,
1,3,10.863,0,0,-0.13125,0.5,-0.5,0.5,0.5,
1,3,10.865,0,0,-0.13125,0.5,-0.5,0.5,0.5,
1,3,10.867,0,0,-0.13125,0.5,-0.5,0.5,0.5,
1,3,10.869,0,0,-0.13125,0.5,-0.5,0.5,0.5,
1,3,10.871,0,0,-0.13125,0.5,-0.5,0.5,0.5,
1,3,10.873,0,0,-0.13125,0.5,-0.5,0.5,0.5,
1,3,10.875,0,0,-0.13125,0.5,-0.5,0.5,0.5,
1,3,10.877,0,0,-0.13125,0.5,-0.5,0.5,0.5,
1,3,10.879,0,0,-0.13125,0.5,-0.5,0.5,0.5,
1,3,10.881,0,0,-0.13125,0.5,-0.5,0.5,0.5,
1,3,10.883,0,0,-0.13125,0.5,-0.5,0.5,0.5,
1,3,10.885,0,0,-0.13125,0.5,-0.5,0.5,0.5,
1,3,10.887,0,0,-0.13125,0.5,-0.5,0.5,0.5,
1,3,10.889,0,0,-0.13125,0.5,-0.5,0.5,0.5,
1,3,10.891,0,0,-0.13125,0.5,-0.5,0.5,0.5,
1,3,10.893,0,0,-0.13125,0.5,-0.5,0.5,0.5,
1,3,10.895,0,0,-0.13125,0.5,-0.5,0.5,0.5,
1,3,10.897,0,0,-0.13125,0.5,-0.5,0.5,0.5,
1,3,10.899,0,0,-0.13125,0.5,-0.5,0.5,0.5,
1,3,10.901,0,0,-0.13125,0.5,-0.5,0.5,0.5,
1,3,10.903,0,0,-0.13125,0.5,-0.5,0.5,0.5,
1,3,10.905,0,0,-0.13125,0.5,-0.5,0.5,0.5,
1,3,10.907,0,0,-0.13125,0.5,-0.5,0.5,0.5,
1,3,10.909,0,0,-0.13125,0.5,-0.5,0.5,0.5,
1,3,10.911,0,0,-0.13125,0.5,-0.5,0.5,0.5,
1,3,10.913,0,0,-0.13125,0.5,-0.5,0.5,0.5,
1,3,10.915,0,0,-0.13125,0.5,-0.5,0.5,0.5,
1,3,10.917,0,0,-0.13125,0.5,-0.5,0.5,0.5,
1,3,10.919,0,0,-0.13125,0.5,-0.5,0.5,0.5,
1,3,10.921,0,0,-0.13125,0.5,-0.5,0.5,0.5,
1,3,10.923,0,0,-0.13125,0.5,-0.5,0.5,0.5,
1,3,10.925,0,0,-0.13125,0.5,-0.5,0.5,0.5,
1,3,10.927,0,0,-0.13125,0.5,-0.5,0.5,0.5,
1,3,10.929,0,0,-0.13125,0.5,-0.5,0.5,0.5,
1,3,10.931,0,0,-0.13125,0.5,-0.5,0.5,0.5,
1,3,10.933,0,0,-0.13125,0.5,-0.5,0.5,0.5,
1,3,10.935,0,0,-0.13125,0.5,-0.5,0.5,0.5,
1,3,10.937,0,0,-0.13125,0.5,-0.5,0.5,0.5,
1,3,10.939,0,0,-0.13125,0.5,-0.5,0.5,0.5,
1,3,10.941,0,0,-0.13125,0.5,-0.5,0.5,0.5,
1,3,10.943,0,0,-0.13125,0.5,-0.5,0.5,0.5,
1,3,10.945,0,0,-0.13125,0.5,-0.5,0.5,0.5,
1,3,10.947,0,0,-0.13125,0.5,-0.5,0.5,0.5,
1,3,10.949,0,0,-0.13125,0.5,-0.5,0.5,0.5,
1,3,10.951,0,0,-0.13125,0.5,-0.5,0.5,0.5,
1,3,10.953,0,0,-0.13125,0.5,-0.5,0.5,0.5,
1,3,10.955,0,0,-0.13125,0.5,-0.5,0.5,0.5,
1,3,10.957,0,0,-0.13125,0.5,-0.5,0.5,0.5,
1,3,10.959,0,0,-0.13125,0.5,-0.5,0.5,0.5,
1,3,10.961,0,0,-0.13125,0.5,-0.5,0.5,0.5,
1,3,10.963,0,0,-0.13125,0.5,-0.5,0.5,0.5,
1,3,10.965,0,0,-0.13125,0.5,-0.5,0.5,0.5,
1,3,10.967,0,0,-0.13125,0.5,-0.5,0.5,0.5,
1,3,10.969,0,0,-0.13125,0.5,-0.5,0.5,0.5,
1,3,10.971,0,0,-0.13125,0.5,-0.5,0.5,0.5,
1,3,10.973,0,0,-0.13125,0.5,-0.5,0.5,0.5,
1,3,10.975,0,0,-0.13125,0.5,-0.5,0.5,0.5,
1,3,10.977,0,0,-0.13125,0.5,-0.5,0.5,0.5,
1,3,10.979,0,0,-0.13125,0.5,-0.5,0.5,0.5,
1,3,10.981,0,0,-0.13125,0.5,-0.5,0.5,0.5,
1,3,10.983,0,0,-0.13125,0.5,-0.5,0.5,0.5,
1,3,10.985,0,0,-0.13125,0.5,-0.5,0.5,0.5,
1,3,10.987,0,0,-0.13125,0.5,-0.5,0.5,0.5,
1,3,10.989,0,0,-0.13125,0.5,-0.5,0.5,0.5,
1,3,10.991,0,0,-0.13125,0.5,-0.5,0.5,0.5,
1,3,10.993,0,0,-0.13125,0.5,-0.5,0.5,0.5,
1,3,10.995,0,0,-0.13125,0.5,-0.5,0.5,0.5,
1,3,10.997,0,0,-0.13125,0.5,-0.5,0.5,0.5,
1,3,10.999,0,0,-0.13125,0.5,-0.5,0.5,0.5,
1,3,11.001,0,0,-0.13125,0.5,-0.5,0.5,0.5,
1,3,11.003,0,0,-0.13125,0.5,-0.5,0.5,0.5,
1,3,11.005,0,0,-0.13125,0.5,-0.5,0.5,0.5,
1,3,11.007,0,0,-0.13125,0.5,-0.5,0.5,0.5,
1,3,11.009,0,0,-0.13125,0.5,-0.5,0.5,0.5,
1,3,11.011,0,0,-0.13125,0.5,-0.5,0.5,0.5,
1,3,11.013,0,0,-0.13125,0.5,-0.5,0.5,0.5,
1,3,11.015,0,0,-0.13125,0.5,-0.5,0.5,0.5,
1,3,11.017,0,0,-0.13125,0.5,-0.5,0.5,0.5,
1,3,11.019,0,0,-0.13125,0.5,-0.5,0.5,0.5,
1,3,11.021,0,0,-0.13125,0.5,-0.5,0.5,0.5,
1,3,11.023,0,0,-0.13125,0.5,-0.5,0.5,0.5,
1,3,11.025,0,0,-0.13125,0.5,-0.5,0.5,0.5,
1,3,11.027,0,0,-0.13125,0.5,-0.5,0.5,0.5,
1,3,11.029,0,0,-0.13125,0.5,-0.5,0.5,0.5,
1,3,11.031,0,0,-0.13125,0.5,-0.5,0.5,0.5,
1,3,11.033,0,0,-0.13125,0.5,-0.5,0.5,0.5,
1,3,11.035,0,0,-0.13125,0.5,-0.5,0.5,0.5,
1,3,11.037,0,0,-0.13125,0.5,-0.5,0.5,0.5,
1,3,11.039,0,0,-0.13125,0.5,-0.5,0.5,0.5,
1,3,11.041,0,0,-0.13125,0.5,-0.5,0.5,0.5,
1,3,11.043,0,0,-0.13125,0.5,-0.5,0.5,0.5,
1,3,11.045,0,0,-0.13125,0.5,-0.5,0.5,0.5,
1,3,11.047,0,0,-0.13125,0.5,-0.5,0.5,0.5,
1,3,11.049,0,0,-0.13125,0.5,-0.5,0.5,0.5,
1,3,11.051,0,0,-0.13125,0.5,-0.5,0.5,0.5,
1,3,11.053,0,0,-0.13125,0.5,-0.5,0.5,0.5,
1,3,11.055,0,0,-0.13125,0.5,-0.5,0.5,0.5,
1,3,11.057,0,0,-0.13125,0.5,-0.5,0.5,0.5,
1,3,11.059,0,0,-0.13125,0.5,-0.5,0.5,0.5,
1,3,11.061,0,0,-0.13125,0.5,-0.5,0.5,0.5,
1,3,11.063,0,0,-0.13125,0.5,-0.5,0.5,0.5,
1,3,11.065,0,0,-0.13125,0.5,-0.5,0.5,0.5,
1,3,11.067,0,0,-0.13125,0.5,-0.5,0.5,0.5,
1,3,11.069,0,0,-0.13125,0.5,-0.5,0.5,0.5,
1,3,11.071,0,0,-0.13125,0.5,-0.5,0.5,0.5,
1,3,11.073,0,0,-0.13125,0.5,-0.5,0.5,0.5,
1,3,11.075,0,0,-0.13125,0.5,-0.5,0.5,0.5,
1,3,11.077,0,0,-0.13125,0.5,-0.5,0.5,0.5,
1,3,11.079,0,0,-0.13125,0.5,-0.5,0.5,0.5,
1,3,11.081,0,0,-0.13125,0.5,-0.5,0.5,0.5,
1,3,11.083,0,0,-0.13125,0.5,-0.5,0.5,0.5,
1,3,11.085,0,0,-0.13125,0.5,-0.5,0.5,0.5,
1,3,11.087,0,0,-0.13125,0.5,-0.5,0.5,0.5,
1,3,11.089,0,0,-0.13125,0.5,-0.5,0.5,0.5,
1,3,11.091,0,0,-0.13125,0.5,-0.5,0.5,0.5,
1,3,11.093,0,0,-0.13125,0.5,-0.5,0.5,0.5,
1,3,11.095,0,0,-0.13125,0.5,-0.5,0.5,0.5,
1,3,11.097,0,0,-0.13125,0.5,-0.5,0.5,0.5,
1,3,11.099,0,0,-0.13125,0.5,-0.5,0.5,0.5,
1,3,11.101,0,0,-0.13125,0.5,-0.5,0.5,0.5,
1,3,11.103,0,0,-0.13125,0.5,-0.5,0.5,0.5,
1,3,11.105,0,0,-0.13125,0.5,-0.5,0.5,0.5,
1,3,11.107,0,0,-0.13125,0.5,-0.5,0.5,0.5,
1,3,11.109,0,0,-0.13125,0.5,-0.5,0.5,0.5,
1,3,11.111,0,0,-0.13125,0.5,-0.5,0.5,0.5,
1,3,11.113,0,0,-0.13125,0.5,-0.5,0.5,0.5,
1,3,11.115,0,0,-0.13125,0.5,-0.5,0.5,0.5,
1,3,11.117,0,0,-0.13125,0.5,-0.5,0.5,0.5,
1,3,11.119,0,0,-0.13125,0.5,-0.5,0.5,0.5,
1,3,11.121,0,0,-0.13125,0.5,-0.5,0.5,0.5,
1,3,11.123,0,0,-0.13125,0.5,-0.5,0.5,0.5,
1,3,11.125,0,0,-0.13125,0.5,-0.5,0.5,0.5,
1,3,11.127,0,0,-0.13125,0.5,-0.5,0.5,0.5,
1,3,11.129,0,0,-0.13125,0.5,-0.5,0.5,0.5,
1,3,11.131,0,0,-0.13125,0.5,-0.5,0.5,0.5,
1,3,11.133,0,0,-0.13125,0.5,-0.5,0.5,0.5,
1,3,11.135,0,0,-0.13125,0.5,-0.5,0.5,0.5,
1,3,11.137,0,0,-0.13125,0.5,-0.5,0.5,0.5,
1,3,11.139,0,0,-0.13125,0.5,-0.5,0.5,0.5,
1,3,11.141,0,0,-0.13125,0.5,-0.5,0.5,0.5,
1,3,11.143,0,0,-0.13125,0.5,-0.5,0.5,0.5,
1,3,11.145,0,0,-0.13125,0.5,-0.5,0.5,0.5,
1,3,11.147,0,0,-0.13125,0.5,-0.5,0.5,0.5,
1,3,11.149,0,0,-0.13125,0.5,-0.5,0.5,0.5,
1,3,11.151,0,0,-0.13125,0.5,-0.5,0.5,0.5,
1,3,11.153,0,0,-0.13125,0.5,-0.5,0.5,0.5,
1,3,11.155,0,0,-0.13125,0.5,-0.5,0.5,0.5,
1,3,11.157,0,0,-0.13125,0.5,-0.5,0.5,0.5,
1,3,11.159,0,0,-0.13125,0.5,-0.5,0.5,0.5,
1,3,11.161,0,0,-0.13125,0.5,-0.5,0.5,0.5,
1,3,11.163,0,0,-0.13125,0.5,-0.5,0.5,0.5,
1,3,11.165,0,0,-0.13125,0.5,-0.5,0.5,0.5,
1,3,11.167,0,0,-0.13125,0.5,-0.5,0.5,0.5,
1,3,11.169,0,0,-0.13125,0.5,-0.5,0.5,0.5,
1,3,11.171,0,0,-0.13125,0.5,-0.5,0.5,0.5,
1,3,11.173,0,0,-0.13125,0.5,-0.5,0.5,0.5,
1,3,11.175,0,0,-0.13125,0.5,-0.5,0.5,0.5,
1,3,11.177,0,0,-0.13125,0.5,-0.5,0.5,0.5,
1,3,11.179,0,0,-0.13125,0.5,-0.5,0.5,0.5,
1,3,11.181,0,0,-0.13125,0.5,-0.5,0.5,0.5,
1,3,11.183,0,0,-0.13125,0.5,-0.5,0.5,0.5,
1,3,11.185,0,0,-0.13125,0.5,-0.5,0.5,0.5,
1,3,11.187,0,0,-0.13125,0.5,-0.5,0.5,0.5,
1,3,11.189,0,0,-0.13125,0.5,-0.5,0.5,0.5,
1,3,11.191,0,0,-0.13125,0.5,-0.5,0.5,0.5,
1,3,11.193,0,0,-0.13125,0.5,-0.5,0.5,0.5,
1,3,11.195,0,0,-0.13125,0.5,-0.5,0.5,0.5,
1,3,11.197,0,0,-0.13125,0.5,-0.5,0.5,0.5,
1,3,11.199,0,0,-0.13125,0.5,-0.5,0.5,0.5,
1,3,11.201,0,0,-0.13125,0.5,-0.5,0.5,0.5,
1,3,11.203,0,0,-0.13125,0.5,-0.5,0.5,0.5,
1,3,11.205,0,0,-0.13125,0.5,-0.5,0.5,0.5,
1,3,11.207,0,0,-0.13125,0.5,-0.5,0.5,0.5,
1,3,11.209,0,0,-0.13125,0.5,-0.5,0.5,0.5,
1,3,11.211,0,0,-0.13125,0.5,-0.5,0.5,0.5,
1,3,11.213,0,0,-0.13125,0.5,-0.5,0.5,0.5,
1,3,11.215,0,0,-0.13125,0.5,-0.5,0.5,0.5,
1,3,11.217,0,0,-0.13125,0.5,-0.5,0.5,0.5,
1,3,11.219,0,0,-0.13125,0.5,-0.5,0.5,0.5,
1,3,11.221,0,0,-0.13125,0.5,-0.5,0.5,0.5,
1,3,11.223,0,0,-0.13125,0.5,-0.5,0.5,0.5,
1,3,11.225,0,0,-0.13125,0.5,-0.5,0.5,0.5,
1,3,11.227,0,0,-0.13125,0.5,-0.5,0.5,0.5,
1,3,11.229,0,0,-0.13125,0.5,-0.5,0.5,0.5,
1,3,11.231,0,0,-0.13125,0.5,-0.5,0.5,0.5,
1,3,11.233,0,0,-0.13125,0.5,-0.5,0.5,0.5,
1,3,11.235,0,0,-0.13125,0.5,-0.5,0.5,0.5,
1,3,11.237,0,0,-0.13125,0.5,-0.5,0.5,0.5,
1,3,11.239,0,0,-0.13125,0.5,-0.5,0.5,0.5,
1,3,11.241,0,0,-0.13125,0.5,-0.5,0.5,0.5,
1,3,11.243,0,0,-0.13125,0.5,-0.5,0.5,0.5,
1,3,11.245,0,0,-0.13125,0.5,-0.5,0.5,0.5,
1,3,11.247,0,0,-0.13125,0.5,-0.5,0.5,0.5,
1,3,11.249,0,0,-0.13125,0.5,-0.5,0.5,0.5,
1,3,11.251,0,0,-0.13125,0.5,-0.5,0.5,0.5,
1,3,11.253,0,0,-0.13125,0.5,-0.5,0.5,0.5,
1,3,11.255,0,0,-0.13125,0.5,-0.5,0.5,0.5,
1,3,11.257,0,0,-0.13125,0.5,-0.5,0.5,0.5,
1,3,11.259,0,0,-0.13125,0.5,-0.5,0.5,0.5,
1,3,11.261,0,0,-0.13125,0.5,-0.5,0.5,0.5,
1,3,11.263,0,0,-0.13125,0.5,-0.5,0.5,0.5,
1,3,11.265,0,0,-0.13125,0.5,-0.5,0.5,0.5,
1,3,11.267,0,0,-0.13125,0.5,-0.5,0.5,0.5,
1,3,11.269,0,0,-0.13125,0.5,-0.5,0.5,0.5,
1,3,11.271,0,0,-0.13125,0.5,-0.5,0.5,0.5,
1,3,11.273,0,0,-0.13125,0.5,-0.5,0.5,0.5,
1,3,11.275,0,0,-0.13125,0.5,-0.5,0.5,0.5,
1,3,11.277,0,0,-0.13125,0.5,-0.5,0.5,0.5,
1,3,11.279,0,0,-0.13125,0.5,-0.5,0.5,0.5,
1,3,11.281,0,0,-0.13125,0.5,-0.5,0.5,0.5,
1,3,11.283,0,0,-0.13125,0.5,-0.5,0.5,0.5,
1,3,11.285,0,0,-0.13125,0.5,-0.5,0.5,0.5,
1,3,11.287,0,0,-0.13125,0.5,-0.5,0.5,0.5,
1,3,11.289,0,0,-0.13125,0.5,-0.5,0.5,0.5,
1,3,11.291,0,0,-0.13125,0.5,-0.5,0.5,0.5,
1,3,11.293,0,0,-0.13125,0.5,-0.5,0.5,0.5,
1,3,11.295,0,0,-0.13125,0.5,-0.5,0.5,0.5,
1,3,11.297,0,0,-0.13125,0.5,-0.5,0.5,0.5,
1,3,11.299,0,0,-0.13125,0.5,-0.5,0.5,0.5,
1,3,11.301,0,0,-0.13125,0.5,-0.5,0.5,0.5,
1,3,11.303,0,0,-0.13125,0.5,-0.5,0.5,0.5,
1,3,11.305,0,0,-0.13125,0.5,-0.5,0.5,0.5,
1,3,11.307,0,0,-0.13125,0.5,-0.5,0.5,0.5,
1,3,11.309,0,0,-0.13125,0.5,-0.5,0.5,0.5,
1,3,11.311,0,0,-0.13125,0.5,-0.5,0.5,0.5,
1,3,11.313,0,0,-0.13125,0.5,-0.5,0.5,0.5,
1,3,11.315,0,0,-0.13125,0.5,-0.5,0.5,0.5,
1,3,11.317,0,0,-0.13125,0.5,-0.5,0.5,0.5,
1,3,11.319,0,0,-0.13125,0.5,-0.5,0.5,0.5,
1,3,11.321,0,0,-0.13125,0.5,-0.5,0.5,0.5,
1,3,11.323,0,0,-0.13125,0.5,-0.5,0.5,0.5,
1,3,11.325,0,0,-0.13125,0.5,-0.5,0.5,0.5,
1,3,11.327,0,0,-0.13125,0.5,-0.5,0.5,0.5,
1,3,11.329,0,0,-0.13125,0.5,-0.5,0.5,0.5,
1,3,11.331,0,0,-0.13125,0.5,-0.5,0.5,0.5,
1,3,11.333,0,0,-0.13125,0.5,-0.5,0.5,0.5,
1,3,11.335,0,0,-0.13125,0.5,-0.5,0.5,0.5,
1,3,11.337,0,0,-0.13125,0.5,-0.5,0.5,0.5,
1,3,11.339,0,0,-0.13125,0.5,-0.5,0.5,0.5,
1,3,11.341,0,0,-0.13125,0.5,-0.5,0.5,0.5,
1,3,11.343,0,0,-0.13125,0.5,-0.5,0.5,0.5,
1,3,11.345,0,0,-0.13125,0.5,-0.5,0.5,0.5,
1,3,11.347,0,0,-0.13125,0.5,-0.5,0.5,0.5,
1,3,11.349,0,0,-0.13125,0.5,-0.5,0.5,0.5,
1,3,11.351,0,0,-0.13125,0.5,-0.5,0.5,0.5,
1,3,11.353,0,0,-0.13125,0.5,-0.5,0.5,0.5,
1,3,11.355,0,0,-0.13125,0.5,-0.5,0.5,0.5,
1,3,11.357,0,0,-0.13125,0.5,-0.5,0.5,0.5,
1,3,11.359,0,0,-0.13125,0.5,-0.5,0.5,0.5,
1,3,11.361,0,0,-0.13125,0.5,-0.5,0.5,0.5,
1,3,11.363,0,0,-0.13125,0.5,-0.5,0.5,0.5,
1,3,11.365,0,0,-0.13125,0.5,-0.5,0.5,0.5,
1,3,11.367,0,0,-0.13125,0.5,-0.5,0.5,0.5,
1,3,11.369,0,0,-0.13125,0.5,-0.5,0.5,0.5,
1,3,11.371,0,0,-0.13125,0.5,-0.5,0.5,0.5,
1,3,11.373,0,0,-0.13125,0.5,-0.5,0.5,0.5,
1,3,11.375,0,0,-0.13125,0.5,-0.5,0.5,0.5,
1,3,11.377,0,0,-0.13125,0.5,-0.5,0.5,0.5,
1,3,11.379,0,0,-0.13125,0.5,-0.5,0.5,0.5,
1,3,11.381,0,0,-0.13125,0.5,-0.5,0.5,0.5,
1,3,11.383,0,0,-0.13125,0.5,-0.5,0.5,0.5,
1,3,11.385,0,0,-0.13125,0.5,-0.5,0.5,0.5,
1,3,11.387,0,0,-0.13125,0.5,-0.5,0.5,0.5,
1,3,11.389,0,0,-0.13125,0.5,-0.5,0.5,0.5,
1,3,11.391,0,0,-0.13125,0.5,-0.5,0.5,0.5,
1,3,11.393,0,0,-0.13125,0.5,-0.5,0.5,0.5,
1,3,11.395,0,0,-0.13125,0.5,-0.5,0.5,0.5,
1,3,11.397,0,0,-0.13125,0.5,-0.5,0.5,0.5,
1,3,11.399,0,0,-0.13125,0.5,-0.5,0.5,0.5,
1,3,11.401,0,0,-0.13125,0.5,-0.5,0.5,0.5,
1,3,11.403,0,0,-0.13125,0.5,-0.5,0.5,0.5,
1,3,11.405,0,0,-0.13125,0.5,-0.5,0.5,0.5,
1,3,11.407,0,0,-0.13125,0.5,-0.5,0.5,0.5,
1,3,11.409,0,0,-0.13125,0.5,-0.5,0.5,0.5,
1,3,11.411,0,0,-0.13125,0.5,-0.5,0.5,0.5,
1,3,11.413,0,0,-0.13125,0.5,-0.5,0.5,0.5,
1,3,11.415,0,0,-0.13125,0.5,-0.5,0.5,0.5,
1,3,11.417,0,0,-0.13125,0.5,-0.5,0.5,0.5,
1,3,11.419,0,0,-0.13125,0.5,-0.5,0.5,0.5,
1,3,11.421,0,0,-0.13125,0.5,-0.5,0.5,0.5,
1,3,11.423,0,0,-0.13125,0.5,-0.5,0.5,0.5,
1,3,11.425,0,0,-0.13125,0.5,-0.5,0.5,0.5,
1,3,11.427,0,0,-0.13125,0.5,-0.5,0.5,0.5,
1,3,11.429,0,0,-0.13125,0.5,-0.5,0.5,0.5,
1,3,11.431,0,0,-0.13125,0.5,-0.5,0.5,0.5,
1,3,11.433,0,0,-0.13125,0.5,-0.5,0.5,0.5,
1,3,11.435,0,0,-0.13125,0.5,-0.5,0.5,0.5,
1,3,11.437,0,0,-0.13125,0.5,-0.5,0.5,0.5,
1,3,11.439,0,0,-0.13125,0.5,-0.5,0.5,0.5,
1,3,11.441,0,0,-0.13125,0.5,-0.5,0.5,0.5,
1,3,11.443,0,0,-0.13125,0.5,-0.5,0.5,0.5,
1,3,11.445,0,0,-0.13125,0.5,-0.5,0.5,0.5,
1,3,11.447,0,0,-0.13125,0.5,-0.5,0.5,0.5,
1,3,11.449,0,0,-0.13125,0.5,-0.5,0.5,0.5,
1,3,11.451,0,0,-0.13125,0.5,-0.5,0.5,0.5,
1,3,11.453,0,0,-0.13125,0.5,-0.5,0.5,0.5,
1,3,11.455,0,0,-0.13125,0.5,-0.5,0.5,0.5,
1,3,11.457,0,0,-0.13125,0.5,-0.5,0.5,0.5,
1,3,11.459,0,0,-0.13125,0.5,-0.5,0.5,0.5,
1,3,11.461,0,0,-0.13125,0.5,-0.5,0.5,0.5,
1,3,11.463,0,0,-0.13125,0.5,-0.5,0.5,0.5,
1,3,11.465,0,0,-0.13125,0.5,-0.5,0.5,0.5,
1,3,11.467,0,0,-0.13125,0.5,-0.5,0.5,0.5,
1,3,11.469,0,0,-0.13125,0.5,-0.5,0.5,0.5,
1,3,11.471,0,0,-0.13125,0.5,-0.5,0.5,0.5,
1,3,11.473,0,0,-0.13125,0.5,-0.5,0.5,0.5,
1,3,11.475,0,0,-0.13125,0.5,-0.5,0.5,0.5,
1,3,11.477,0,0,-0.13125,0.5,-0.5,0.5,0.5,
1,3,11.479,0,0,-0.13125,0.5,-0.5,0.5,0.5,
1,3,11.481,0,0,-0.13125,0.5,-0.5,0.5,0.5,
1,3,11.483,0,0,-0.13125,0.5,-0.5,0.5,0.5,
1,3,11.485,0,0,-0.13125,0.5,-0.5,0.5,0.5,
1,3,11.487,0,0,-0.13125,0.5,-0.5,0.5,0.5,
1,3,11.489,0,0,-0.13125,0.5,-0.5,0.5,0.5,
1,3,11.491,0,0,-0.13125,0.5,-0.5,0.5,0.5,
1,3,11.493,0,0,-0.13125,0.5,-0.5,0.5,0.5,
1,3,11.495,0,0,-0.13125,0.5,-0.5,0.5,0.5,
1,3,11.497,0,0,-0.13125,0.5,-0.5,0.5,0.5,
1,3,11.499,0,0,-0.13125,0.5,-0.5,0.5,0.5,
1,3,11.501,0,0,-0.13125,0.5,-0.5,0.5,0.5,
1,3,11.503,0,0,-0.13125,0.5,-0.5,0.5,0.5,
1,3,11.505,0,0,-0.13125,0.5,-0.5,0.5,0.5,
1,3,11.507,0,0,-0.13125,0.5,-0.5,0.5,0.5,
1,3,11.509,0,0,-0.13125,0.5,-0.5,0.5,0.5,
1,3,11.511,0,0,-0.13125,0.5,-0.5,0.5,0.5,
1,3,11.513,0,0,-0.13125,0.5,-0.5,0.5,0.5,
1,3,11.515,0,0,-0.13125,0.5,-0.5,0.5,0.5,
1,3,11.517,0,0,-0.13125,0.5,-0.5,0.5,0.5,
1,3,11.519,0,0,-0.13125,0.5,-0.5,0.5,0.5,
1,3,11.521,0,0,-0.13125,0.5,-0.5,0.5,0.5,
1,3,11.523,0,0,-0.13125,0.5,-0.5,0.5,0.5,
1,3,11.525,0,0,-0.13125,0.5,-0.5,0.5,0.5,
1,3,11.527,0,0,-0.13125,0.5,-0.5,0.5,0.5,
1,3,11.529,0,0,-0.13125,0.5,-0.5,0.5,0.5,
1,3,11.531,0,0,-0.13125,0.5,-0.5,0.5,0.5,
1,3,11.533,0,0,-0.13125,0.5,-0.5,0.5,0.5,
1,3,11.535,0,0,-0.13125,0.5,-0.5,0.5,0.5,
1,3,11.537,0,0,-0.13125,0.5,-0.5,0.5,0.5,
1,3,11.539,0,0,-0.13125,0.5,-0.5,0.5,0.5,
1,3,11.541,0,0,-0.13125,0.5,-0.5,0.5,0.5,
1,3,11.543,0,0,-0.13125,0.5,-0.5,0.5,0.5,
1,3,11.545,0,0,-0.13125,0.5,-0.5,0.5,0.5,
1,3,11.547,0,0,-0.13125,0.5,-0.5,0.5,0.5,
1,3,11.549,0,0,-0.13125,0.5,-0.5,0.5,0.5,
1,3,11.551,0,0,-0.13125,0.5,-0.5,0.5,0.5,
1,3,11.553,0,0,-0.13125,0.5,-0.5,0.5,0.5,
1,3,11.555,0,0,-0.13125,0.5,-0.5,0.5,0.5,
1,3,11.557,0,0,-0.13125,0.5,-0.5,0.5,0.5,
1,3,11.559,0,0,-0.13125,0.5,-0.5,0.5,0.5,
1,3,11.561,0,0,-0.13125,0.5,-0.5,0.5,0.5,
1,3,11.563,0,0,-0.13125,0.5,-0.5,0.5,0.5,
1,3,11.565,0,0,-0.13125,0.5,-0.5,0.5,0.5,
1,3,11.567,0,0,-0.13125,0.5,-0.5,0.5,0.5,
1,3,11.569,0,0,-0.13125,0.5,-0.5,0.5,0.5,
1,3,11.571,0,0,-0.13125,0.5,-0.5,0.5,0.5,
1,3,11.573,0,0,-0.13125,0.5,-0.5,0.5,0.5,
1,3,11.575,0,0,-0.13125,0.5,-0.5,0.5,0.5,
1,3,11.577,0,0,-0.13125,0.5,-0.5,0.5,0.5,
1,3,11.579,0,0,-0.13125,0.5,-0.5,0.5,0.5,
1,3,11.581,0,0,-0.13125,0.5,-0.5,0.5,0.5,
1,3,11.583,0,0,-0.13125,0.5,-0.5,0.5,0.5,
1,3,11.585,0,0,-0.13125,0.5,-0.5,0.5,0.5,
1,3,11.587,0,0,-0.13125,0.5,-0.5,0.5,0.5,
1,3,11.589,0,0,-0.13125,0.5,-0.5,0.5,0.5,
1,3,11.591,0,0,-0.13125,0.5,-0.5,0.5,0.5,
1,3,11.593,0,0,-0.13125,0.5,-0.5,0.5,0.5,
1,3,11.595,0,0,-0.13125,0.5,-0.5,0.5,0.5,
1,3,11.597,0,0,-0.13125,0.5,-0.5,0.5,0.5,
1,3,11.599,0,0,-0.13125,0.5,-0.5,0.5,0.5,
1,3,11.601,0,0,-0.13125,0.5,-0.5,0.5,0.5,
1,3,11.603,0,0,-0.13125,0.5,-0.5,0.5,0.5,
1,3,11.605,0,0,-0.13125,0.5,-0.5,0.5,0.5,
1,3,11.607,0,0,-0.13125,0.5,-0.5,0.5,0.5,
1,3,11.609,0,0,-0.13125,0.5,-0.5,0.5,0.5,
1,3,11.611,0,0,-0.13125,0.5,-0.5,0.5,0.5,
1,3,11.613,0,0,-0.13125,0.5,-0.5,0.5,0.5,
1,3,11.615,0,0,-0.13125,0.5,-0.5,0.5,0.5,
1,3,11.617,0,0,-0.13125,0.5,-0.5,0.5,0.5,
1,3,11.619,0,0,-0.13125,0.5,-0.5,0.5,0.5,
1,3,11.621,0,0,-0.13125,0.5,-0.5,0.5,0.5,
1,3,11.623,0,0,-0.13125,0.5,-0.5,0.5,0.5,
1,3,11.625,0,0,-0.13125,0.5,-0.5,0.5,0.5,
1,3,11.627,0,0,-0.13125,0.5,-0.5,0.5,0.5,
1,3,11.629,0,0,-0.13125,0.5,-0.5,0.5,0.5,
1,3,11.631,0,0,-0.13125,0.5,-0.5,0.5,0.5,
1,3,11.633,0,0,-0.13125,0.5,-0.5,0.5,0.5,
1,3,11.635,0,0,-0.13125,0.5,-0.5,0.5,0.5,
1,3,11.637,0,0,-0.13125,0.5,-0.5,0.5,0.5,
1,3,11.639,0,0,-0.13125,0.5,-0.5,0.5,0.5,
1,3,11.641,0,0,-0.13125,0.5,-0.5,0.5,0.5,
1,3,11.643,0,0,-0.13125,0.5,-0.5,0.5,0.5,
1,3,11.645,0,0,-0.13125,0.5,-0.5,0.5,0.5,
1,3,11.647,0,0,-0.13125,0.5,-0.5,0.5,0.5,
1,3,11.649,0,0,-0.13125,0.5,-0.5,0.5,0.5,CourtEnter
1,3,11.651,0,0,-0.13125,0.5,-0.5,0.5,0.5,
1,3,11.653,0,0,-0.13125,0.5,-0.5,0.5,0.5,
1,3,11.655,0,0,-0.13125,0.5,-0.5,0.5,0.5,
1,3,11.657,0,0,-0.13125,0.5,-0.5,0.5,0.5,
1,3,11.659,0,0,-0.13125,0.5,-0.5,0.5,0.5,CourtExit
1,3,11.661,0,0,-0.13125,0.5,-0.5,0.5,0.5,
1,3,11.663,0,0,-0.13125,0.5,-0.5,0.5,0.5,
1,3,11.665,0,0,-0.13125,0.5,-0.5,0.5,0.5,
1,3,11.667,0,0,-0.13125,0.5,-0.5,0.5,0.5,
1,3,11.669,0,0,-0.13125,0.5,-0.5,0.5,0.5,
1,3,11.671,0,0,-0.13125,0.5,-0.5,0.5,0.5,
1,3,11.673,0,0,-0.13125,0.5,-0.5,0.5,0.5,
1,3,11.675,0,0,-0.13125,0.5,-0.5,0.5,0.5,
1,3,11.677,0,0,-0.13125,0.5,-0.5,0.5,0.5,
1,3,11.679,0,0,-0.13125,0.5,-0.5,0.5,0.5,
1,3,11.681,0,0,-0.13125,0.5,-0.5,0.5,0.5,
1,3,11.683,0,0,-0.13125,0.5,-0.5,0.5,0.5,
1,3,11.685,0,0,-0.13125,0.5,-0.5,0.5,0.5,
1,3,11.687,0,0,-0.13125,0.5,-0.5,0.5,0.5,
1,3,11.689,0,0,-0.13125,0.5,-0.5,0.5,0.5,
1,3,11.691,0,0,-0.13125,0.5,-0.5,0.5,0.5,
1,3,11.693,0,0,-0.13125,0.5,-0.5,0.5,0.5,
1,3,11.695,0,0,-0.13125,0.5,-0.5,0.5,0.5,
1,3,11.697,0,0,-0.13125,0.5,-0.5,0.5,0.5,
1,3,11.699,0,0,-0.13125,0.5,-0.5,0.5,0.5,
1,3,11.701,0,0,-0.13125,0.5,-0.5,0.5,0.5,
1,3,11.703,0,0,-0.13125,0.5,-0.5,0.5,0.5,
1,3,11.705,0,0,-0.13125,0.5,-0.5,0.5,0.5,
1,3,11.707,0,0,-0.13125,0.5,-0.5,0.5,0.5,
1,3,11.709,0,0,-0.13125,0.5,-0.5,0.5,0.5,
1,3,11.711,0,0,-0.13125,0.5,-0.5,0.5,0.5,
1,3,11.713,0,0,-0.13125,0.5,-0.5,0.5,0.5,
1,3,11.715,0,0,-0.13125,0.5,-0.5,0.5,0.5,
1,3,11.717,0,0,-0.13125,0.5,-0.5,0.5,0.5,
1,3,11.719,0,0,-0.13125,0.5,-0.5,0.5,0.5,
1,3,11.721,0,0,-0.13125,0.5,-0.5,0.5,0.5,
1,3,11.723,0,0,-0.13125,0.5,-0.5,0.5,0.5,
1,3,11.725,0,0,-0.13125,0.5,-0.5,0.5,0.5,
1,3,11.727,0,0,-0.13125,0.5,-0.5,0.5,0.5,
1,3,11.729,0,0,-0.13125,0.5,-0.5,0.5,0.5,
1,3,11.731,0,0,-0.13125,0.5,-0.5,0.5,0.5,
1,3,11.733,0,0,-0.13125,0.5,-0.5,0.5,0.5,
1,3,11.735,0,0,-0.13125,0.5,-0.5,0.5,0.5,
1,3,11.737,0,0,-0.13125,0.5,-0.5,0.5,0.5,
1,3,11.739,0,0,-0.13125,0.5,-0.5,0.5,0.5,
1,3,11.741,0,0,-0.13125,0.5,-0.5,0.5,0.5,
1,3,11.743,0,0,-0.13125,0.5,-0.5,0.5,0.5,
1,3,11.745,0,0,-0.13125,0.5,-0.5,0.5,0.5,
1,3,11.747,0,0,-0.13125,0.5,-0.5,0.5,0.5,
1,3,11.749,0,0,-0.13125,0.5,-0.5,0.5,0.5,
1,3,11.751,0,0,-0.13125,0.5,-0.5,0.5,0.5,
1,3,11.753,0,0,-0.13125,0.5,-0.5,0.5,0.5,
1,3,11.755,0,0,-0.13125,0.5,-0.5,0.5,0.5,
1,3,11.757,0,0,-0.13125,0.5,-0.5,0.5,0.5,
1,3,11.759,0,0,-0.13125,0.5,-0.5,0.5,0.5,
1,3,11.761,0,0,-0.13125,0.5,-0.5,0.5,0.5,
1,3,11.763,0,0,-0.13125,0.5,-0.5,0.5,0.5,
1,3,11.765,0,0,-0.13125,0.5,-0.5,0.5,0.5,
1,3,11.767,0,0,-0.13125,0.5,-0.5,0.5,0.5,
1,3,11.769,0,0,-0.13125,0.5,-0.5,0.5,0.5,
1,3,11.771,0,0,-0.13125,0.5,-0.5,0.5,0.5,
1,3,11.773,0,0,-0.13125,0.5,-0.5,0.5,0.5,
1,3,11.775,0,0,-0.13125,0.5,-0.5,0.5,0.5,
1,3,11.777,0,0,-0.13125,0.5,-0.5,0.5,0.5,
1,3,11.779,0,0,-0.13125,0.5,-0.5,0.5,0.5,
1,3,11.781,0,0,-0.13125,0.5,-0.5,0.5,0.5,
1,3,11.783,0,0,-0.13125,0.5,-0.5,0.5,0.5,
1,3,11.785,0,0,-0.13125,0.5,-0.5,0.5,0.5,
1,3,11.787,0,0,-0.13125,0.5,-0.5,0.5,0.5,
1,3,11.789,0,0,-0.13125,0.5,-0.5,0.5,0.5,
1,3,11.791,0,0,-0.13125,0.5,-0.5,0.5,0.5,
1,3,11.793,0,0,-0.13125,0.5,-0.5,0.5,0.5,
1,3,11.795,0,0,-0.13125,0.5,-0.5,0.5,0.5,
1,3,11.797,0,0,-0.13125,0.5,-0.5,0.5,0.5,
1,3,11.799,0,0,-0.13125,0.5,-0.5,0.5,0.5,
1,3,11.801,0,0,-0.13125,0.5,-0.5,0.5,0.5,
1,3,11.803,0,0,-0.13125,0.5,-0.5,0.5,0.5,
1,3,11.805,0,0,-0.13125,0.5,-0.5,0.5,0.5,
1,3,11.807,0,0,-0.13125,0.5,-0.5,0.5,0.5,
1,3,11.809,0,0,-0.13125,0.5,-0.5,0.5,0.5,
1,3,11.811,0,0,-0.13125,0.5,-0.5,0.5,0.5,
1,3,11.813,0,0,-0.13125,0.5,-0.5,0.5,0.5,
1,3,11.815,0,0,-0.13125,0.5,-0.5,0.5,0.5,
1,3,11.817,0,0,-0.13125,0.5,-0.5,0.5,0.5,
1,3,11.819,0,0,-0.13125,0.5,-0.5,0.5,0.5,
1,3,11.821,0,0,-0.13125,0.5,-0.5,0.5,0.5,
1,3,11.823,0,0,-0.13125,0.5,-0.5,0.5,0.5,
1,3,11.825,0,0,-0.13125,0.5,-0.5,0.5,0.5,
1,3,11.827,0,0,-0.13125,0.5,-0.5,0.5,0.5,
1,3,11.829,0,0,-0.13125,0.5,-0.5,0.5,0.5,
1,3,11.831,0,0,-0.13125,0.5,-0.5,0.5,0.5,
1,3,11.833,0,0,-0.13125,0.5,-0.5,0.5,0.5,
1,3,11.835,0,0,-0.13125,0.5,-0.5,0.5,0.5,
1,3,11.837,0,0,-0.13125,0.5,-0.5,0.5,0.5,
1,3,11.839,0,0,-0.13125,0.5,-0.5,0.5,0.5,
1,3,11.841,0,0,-0.13125,0.5,-0.5,0.5,0.5,
1,3,11.843,0,0,-0.13125,0.5,-0.5,0.5,0.5,
1,3,11.845,0,0,-0.13125,0.5,-0.5,0.5,0.5,
1,3,11.847,0,0,-0.13125,0.5,-0.5,0.5,0.5,
1,3,11.849,0,0,-0.13125,0.5,-0.5,0.5,0.5,
1,3,11.851,0,0,-0.13125,0.5,-0.5,0.5,0.5,
1,3,11.853,0,0,-0.13125,0.5,-0.5,0.5,0.5,
1,3,11.855,0,0,-0.13125,0.5,-0.5,0.5,0.5,
1,3,11.857,0,0,-0.13125,0.5,-0.5,0.5,0.5,
1,3,11.859,0,0,-0.13125,0.5,-0.5,0.5,0.5,
1,3,11.861,0,0,-0.13125,0.5,-0.5,0.5,0.5,
1,3,11.863,0,0,-0.13125,0.5,-0.5,0.5,0.5,
1,3,11.865,0,0,-0.13125,0.5,-0.5,0.5,0.5,
1,3,11.867,0,0,-0.13125,0.5,-0.5,0.5,0.5,
1,3,11.869,0,0,-0.13125,0.5,-0.5,0.5,0.5,
1,3,11.871,0,0,-0.13125,0.5,-0.5,0.5,0.5,
1,3,11.873,0,0,-0.13125,0.5,-0.5,0.5,0.5,
1,3,11.875,0,0,-0.13125,0.5,-0.5,0.5,0.5,
1,3,11.877,0,0,-0.13125,0.5,-0.5,0.5,0.5,
1,3,11.879,0,0,-0.13125,0.5,-0.5,0.5,0.5,
1,3,11.881,0,0,-0.13125,0.5,-0.5,0.5,0.5,
1,3,11.883,0,0,-0.13125,0.5,-0.5,0.5,0.5,
1,3,11.885,0,0,-0.13125,0.5,-0.5,0.5,0.5,
1,3,11.887,0,0,-0.13125,0.5,-0.5,0.5,0.5,
1,3,11.889,0,0,-0.13125,0.5,-0.5,0.5,0.5,
1,3,11.891,0,0,-0.13125,0.5,-0.5,0.5,0.5,
1,3,11.893,0,0,-0.13125,0.5,-0.5,0.5,0.5,
1,3,11.895,0,0,-0.13125,0.5,-0.5,0.5,0.5,
1,3,11.897,0,0,-0.13125,0.5,-0.5,0.5,0.5,
1,3,11.899,0,0,-0.13125,0.5,-0.5,0.5,0.5,
1,3,11.901,0,0,-0.13125,0.5,-0.5,0.5,0.5,
1,3,11.903,0,0,-0.13125,0.5,-0.5,0.5,0.5,
1,3,11.905,0,0,-0.13125,0.5,-0.5,0.5,0.5,
1,3,11.907,0,0,-0.13125,0.5,-0.5,0.5,0.5,
1,3,11.909,0,0,-0.13125,0.5,-0.5,0.5,0.5,
1,3,11.911,0,0,-0.13125,0.5,-0.5,0.5,0.5,
1,3,11.913,0,0,-0.13125,0.5,-0.5,0.5,0.5,
1,3,11.915,0,0,-0.13125,0.5,-0.5,0.5,0.5,
1,3,11.917,0,0,-0.13125,0.5,-0.5,0.5,0.5,
1,3,11.919,0,0,-0.13125,0.5,-0.5,0.5,0.5,
1,3,11.921,0,0,-0.13125,0.5,-0.5,0.5,0.5,
1,3,11.923,0,0,-0.13125,0.5,-0.5,0.5,0.5,
1,3,11.925,0,0,-0.13125,0.5,-0.5,0.5,0.5,
1,3,11.927,0,0,-0.13125,0.5,-0.5,0.5,0.5,
1,3,11.929,0,0,-0.13125,0.5,-0.5,0.5,0.5,
1,3,11.931,0,0,-0.13125,0.5,-0.5,0.5,0.5,
1,3,11.933,0,0,-0.13125,0.5,-0.5,0.5,0.5,
1,3,11.935,0,0,-0.13125,0.5,-0.5,0.5,0.5,
1,3,11.937,0,0,-0.13125,0.5,-0.5,0.5,0.5,
1,3,11.939,0,0,-0.13125,0.5,-0.5,0.5,0.5,
1,3,11.941,0,0,-0.13125,0.5,-0.5,0.5,0.5,
1,3,11.943,0,0,-0.13125,0.5,-0.5,0.5,0.5,
1,3,11.945,0,0,-0.13125,0.5,-0.5,0.5,0.5,
1,3,11.947,0,0,-0.13125,0.5,-0.5,0.5,0.5,
1,3,11.949,0,0,-0.13125,0.5,-0.5,0.5,0.5,
1,3,11.951,0,0,-0.13125,0.5,-0.5,0.5,0.5,
1,3,11.953,0,0,-0.13125,0.5,-0.5,0.5,0.5,
1,3,11.955,0,0,-0.13125,0.5,-0.5,0.5,0.5,
1,3,11.957,0,0,-0.13125,0.5,-0.5,0.5,0.5,
1,3,11.959,0,0,-0.13125,0.5,-0.5,0.5,0.5,
1,3,11.961,0,0,-0.13125,0.5,-0.5,0.5,0.5,
1,3,11.963,0,0,-0.13125,0.5,-0.5,0.5,0.5,
1,3,11.965,0,0,-0.13125,0.5,-0.5,0.5,0.5,
1,3,11.967,0,0,-0.13125,0.5,-0.5,0.5,0.5,
1,3,11.969,0,0,-0.13125,0.5,-0.5,0.5,0.5,
1,3,11.971,0,0,-0.13125,0.5,-0.5,0.5,0.5,
1,3,11.973,0,0,-0.13125,0.5,-0.5,0.5,0.5,
1,3,11.975,0,0,-0.13125,0.5,-0.5,0.5,0.5,
1,3,11.977,0,0,-0.13125,0.5,-0.5,0.5,0.5,
1,3,11.979,0,0,-0.13125,0.5,-0.5,0.5,0.5,
1,3,11.981,0,0,-0.13125,0.5,-0.5,0.5,0.5,
1,3,11.983,0,0,-0.13125,0.5,-0.5,0.5,0.5,
1,3,11.985,0,0,-0.13125,0.5,-0.5,0.5,0.5,
1,3,11.987,0,0,-0.13125,0.5,-0.5,0.5,0.5,
1,3,11.989,0,0,-0.13125,0.5,-0.5,0.5,0.5,
1,3,11.991,0,0,-0.13125,0.5,-0.5,0.5,0.5,
1,3,11.993,0,0,-0.13125,0.5,-0.5,0.5,0.5,
1,3,11.995,0,0,-0.13125,0.5,-0.5,0.5,0.5,
1,3,11.997,0,0,-0.13125,0.5,-0.5,0.5,0.5,
1,3,11.999,0,0,-0.13125,0.5,-0.5,0.5,0.5,
1,3,12.001,0,0,-0.13125,0.5,-0.5,0.5,0.5,
1,3,12.003,0,0,-0.13125,0.5,-0.5,0.5,0.5,
1,3,12.005,0,0,-0.13125,0.5,-0.5,0.5,0.5,
1,3,12.007,0,0,-0.13125,0.5,-0.5,0.5,0.5,
1,3,12.009,0,0,-0.13125,0.5,-0.5,0.5,0.5,
1,3,12.011,0,0,-0.13125,0.5,-0.5,0.5,0.5,
1,3,12.013,0,0,-0.13125,0.5,-0.5,0.5,0.5,
1,3,12.015,0,0,-0.13125,0.5,-0.5,0.5,0.5,
1,3,12.017,0,0,-0.13125,0.5,-0.5,0.5,0.5,
1,3,12.019,0,0,-0.13125,0.5,-0.5,0.5,0.5,
1,3,12.021,0,0,-0.13125,0.5,-0.5,0.5,0.5,
1,3,12.023,0,0,-0.13125,0.5,-0.5,0.5,0.5,
1,3,12.025,0,0,-0.13125,0.5,-0.5,0.5,0.5,
1,3,12.027,0,0,-0.13125,0.5,-0.5,0.5,0.5,
1,3,12.029,0,0,-0.13125,0.5,-0.5,0.5,0.5,
1,3,12.031,0,0,-0.13125,0.5,-0.5,0.5,0.5,
1,3,12.033,0,0,-0.13125,0.5,-0.5,0.5,0.5,
1,3,12.035,0,0,-0.13125,0.5,-0.5,0.5,0.5,
1,3,12.037,0,0,-0.13125,0.5,-0.5,0.5,0.5,
1,3,12.039,0,0,-0.13125,0.5,-0.5,0.5,0.5,
1,3,12.041,0,0,-0.13125,0.5,-0.5,0.5,0.5,
1,3,12.043,0,0,-0.13125,0.5,-0.5,0.5,0.5,
1,3,12.045,0,0,-0.13125,0.5,-0.5,0.5,0.5,
1,3,12.047,0,0,-0.13125,0.5,-0.5,0.5,0.5,
1,3,12.049,0,0,-0.13125,0.5,-0.5,0.5,0.5,
1,3,12.051,0,0,-0.13125,0.5,-0.5,0.5,0.5,
1,3,12.053,0,0,-0.13125,0.5,-0.5,0.5,0.5,
1,3,12.055,0,0,-0.13125,0.5,-0.5,0.5,0.5,
1,3,12.057,0,0,-0.13125,0.5,-0.5,0.5,0.5,
1,3,12.059,0,0,-0.13125,0.5,-0.5,0.5,0.5,
1,3,12.061,0,0,-0.13125,0.5,-0.5,0.5,0.5,
1,3,12.063,0,0,-0.13125,0.5,-0.5,0.5,0.5,
1,3,12.065,0,0,-0.13125,0.5,-0.5,0.5,0.5,
1,3,12.067,0,0,-0.13125,0.5,-0.5,0.5,0.5,
1,3,12.069,0,0,-0.13125,0.5,-0.5,0.5,0.5,
1,3,12.071,0,0,-0.13125,0.5,-0.5,0.5,0.5,
1,3,12.073,0,0,-0.13125,0.5,-0.5,0.5,0.5,
1,3,12.075,0,0,-0.13125,0.5,-0.5,0.5,0.5,
1,3,12.077,0,0,-0.13125,0.5,-0.5,0.5,0.5,
1,3,12.079,0,0,-0.13125,0.5,-0.5,0.5,0.5,
1,3,12.081,0,0,-0.13125,0.5,-0.5,0.5,0.5,
1,3,12.083,0,0,-0.13125,0.5,-0.5,0.5,0.5,
1,3,12.085,0,0,-0.13125,0.5,-0.5,0.5,0.5,
1,3,12.087,0,0,-0.13125,0.5,-0.5,0.5,0.5,
1,3,12.089,0,0,-0.13125,0.5,-0.5,0.5,0.5,
1,3,12.091,0,0,-0.13125,0.5,-0.5,0.5,0.5,
1,3,12.093,0,0,-0.13125,0.5,-0.5,0.5,0.5,
1,3,12.095,0,0,-0.13125,0.5,-0.5,0.5,0.5,
1,3,12.097,0,0,-0.13125,0.5,-0.5,0.5,0.5,
1,3,12.099,0,0,-0.13125,0.5,-0.5,0.5,0.5,
1,3,12.101,0,0,-0.13125,0.5,-0.5,0.5,0.5,
1,3,12.103,0,0,-0.13125,0.5,-0.5,0.5,0.5,
1,3,12.105,0,0,-0.13125,0.5,-0.5,0.5,0.5,
1,3,12.107,0,0,-0.13125,0.5,-0.5,0.5,0.5,
1,3,12.109,0,0,-0.13125,0.5,-0.5,0.5,0.5,
1,3,12.111,0,0,-0.13125,0.5,-0.5,0.5,0.5,
1,3,12.113,0,0,-0.13125,0.5,-0.5,0.5,0.5,
1,3,12.115,0,0,-0.13125,0.5,-0.5,0.5,0.5,
1,3,12.117,0,0,-0.13125,0.5,-0.5,0.5,0.5,
1,3,12.119,0,0,-0.13125,0.5,-0.5,0.5,0.5,
1,3,12.121,0,0,-0.13125,0.5,-0.5,0.5,0.5,
1,3,12.123,0,0,-0.13125,0.5,-0.5,0.5,0.5,
1,3,12.125,0,0,-0.13125,0.5,-0.5,0.5,0.5,
1,3,12.127,0,0,-0.13125,0.5,-0.5,0.5,0.5,
1,3,12.129,0,0,-0.13125,0.5,-0.5,0.5,0.5,
1,3,12.131,0,0,-0.13125,0.5,-0.5,0.5,0.5,
1,3,12.133,0,0,-0.13125,0.5,-0.5,0.5,0.5,
1,3,12.135,0,0,-0.13125,0.5,-0.5,0.5,0.5,
1,3,12.137,0,0,-0.13125,0.5,-0.5,0.5,0.5,
1,3,12.139,0,0,-0.13125,0.5,-0.5,0.5,0.5,
1,3,12.141,0,0,-0.13125,0.5,-0.5,0.5,0.5,
1,3,12.143,0,0,-0.13125,0.5,-0.5,0.5,0.5,
1,3,12.145,0,0,-0.13125,0.5,-0.5,0.5,0.5,
1,3,12.147,0,0,-0.13125,0.5,-0.5,0.5,0.5,
1,3,12.149,0,0,-0.13125,0.5,-0.5,0.5,0.5,
1,3,12.151,0,0,-0.13125,0.5,-0.5,0.5,0.5,
1,3,12.153,0,0,-0.13125,0.5,-0.5,0.5,0.5,
1,3,12.155,0,0,-0.13125,0.5,-0.5,0.5,0.5,
1,3,12.157,0,0,-0.13125,0.5,-0.5,0.5,0.5,
1,3,12.159,0,0,-0.13125,0.5,-0.5,0.5,0.5,
1,3,12.161,0,0,-0.13125,0.5,-0.5,0.5,0.5,
1,3,12.163,0,0,-0.13125,0.5,-0.5,0.5,0.5,
1,3,12.165,0,0,-0.13125,0.5,-0.5,0.5,0.5,
1,3,12.167,0,0,-0.13125,0.5,-0.5,0.5,0.5,
1,3,12.169,0,0,-0.13125,0.5,-0.5,0.5,0.5,
1,3,12.171,0,0,-0.13125,0.5,-0.5,0.5,0.5,
1,3,12.173,0,0,-0.13125,0.5,-0.5,0.5,0.5,
1,3,12.175,0,0,-0.13125,0.5,-0.5,0.5,0.5,
1,3,12.177,0,0,-0.13125,0.5,-0.5,0.5,0.5,
1,3,12.179,0,0,-0.13125,0.5,-0.5,0.5,0.5,
1,3,12.181,0,0,-0.13125,0.5,-0.5,0.5,0.5,
1,3,12.183,0,0,-0.13125,0.5,-0.5,0.5,0.5,
1,3,12.185,0,0,-0.13125,0.5,-0.5,0.5,0.5,
1,3,12.187,0,0,-0.13125,0.5,-0.5,0.5,0.5,
1,3,12.189,0,0,-0.13125,0.5,-0.5,0.5,0.5,
1,3,12.191,0,0,-0.13125,0.5,-0.5,0.5,0.5,
1,3,12.193,0,0,-0.13125,0.5,-0.5,0.5,0.5,
1,3,12.195,0,0,-0.13125,0.5,-0.5,0.5,0.5,
1,3,12.197,0,0,-0.13125,0.5,-0.5,0.5,0.5,
1,3,12.199,0,0,-0.13125,0.5,-0.5,0.5,0.5,
1,3,12.201,0,0,-0.13125,0.5,-0.5,0.5,0.5,
1,3,12.203,0,0,-0.13125,0.5,-0.5,0.5,0.5,
1,3,12.205,0,0,-0.13125,0.5,-0.5,0.5,0.5,
1,3,12.207,0,0,-0.13125,0.5,-0.5,0.5,0.5,
1,3,12.209,0,0,-0.13125,0.5,-0.5,0.5,0.5,
1,3,12.211,0,0,-0.13125,0.5,-0.5,0.5,0.5,
1,3,12.213,0,0,-0.13125,0.5,-0.5,0.5,0.5,
1,3,12.215,0,0,-0.13125,0.5,-0.5,0.5,0.5,
1,3,12.217,0,0,-0.13125,0.5,-0.5,0.5,0.5,
1,3,12.219,0,0,-0.13125,0.5,-0.5,0.5,0.5,
1,3,12.221,0,0,-0.13125,0.5,-0.5,0.5,0.5,
1,3,12.223,0,0,-0.13125,0.5,-0.5,0.5,0.5,
1,3,12.225,0,0,-0.13125,0.5,-0.5,0.5,0.5,
1,3,12.227,0,0,-0.13125,0.5,-0.5,0.5,0.5,
1,3,12.229,0,0,-0.13125,0.5,-0.5,0.5,0.5,
1,3,12.231,0,0,-0.13125,0.5,-0.5,0.5,0.5,
1,3,12.233,0,0,-0.13125,0.5,-0.5,0.5,0.5,
1,3,12.235,0,0,-0.13125,0.5,-0.5,0.5,0.5,
1,3,12.237,0,0,-0.13125,0.5,-0.5,0.5,0.5,
1,3,12.239,0,0,-0.13125,0.5,-0.5,0.5,0.5,
1,3,12.241,0,0,-0.13125,0.5,-0.5,0.5,0.5,
1,3,12.243,0,0,-0.13125,0.5,-0.5,0.5,0.5,
1,3,12.245,0,0,-0.13125,0.5,-0.5,0.5,0.5,
1,3,12.247,0,0,-0.13125,0.5,-0.5,0.5,0.5,
1,3,12.249,0,0,-0.13125,0.5,-0.5,0.5,0.5,
1,3,12.251,0,0,-0.13125,0.5,-0.5,0.5,0.5,
1,3,12.253,0,0,-0.13125,0.5,-0.5,0.5,0.5,
1,3,12.255,0,0,-0.13125,0.5,-0.5,0.5,0.5,
1,3,12.257,0,0,-0.13125,0.5,-0.5,0.5,0.5,
1,3,12.259,0,0,-0.13125,0.5,-0.5,0.5,0.5,
1,3,12.261,0,0,-0.13125,0.5,-0.5,0.5,0.5,
1,3,12.263,0,0,-0.13125,0.5,-0.5,0.5,0.5,
1,3,12.265,0,0,-0.13125,0.5,-0.5,0.5,0.5,
1,3,12.267,0,0,-0.13125,0.5,-0.5,0.5,0.5,
1,3,12.269,0,0,-0.13125,0.5,-0.5,0.5,0.5,
1,3,12.271,0,0,-0.13125,0.5,-0.5,0.5,0.5,
1,3,12.273,0,0,-0.13125,0.5,-0.5,0.5,0.5,
1,3,12.275,0,0,-0.13125,0.5,-0.5,0.5,0.5,
1,3,12.277,0,0,-0.13125,0.5,-0.5,0.5,0.5,
1,3,12.279,0,0,-0.13125,0.5,-0.5,0.5,0.5,
1,3,12.281,0,0,-0.13125,0.5,-0.5,0.5,0.5,
1,3,12.283,0,0,-0.13125,0.5,-0.5,0.5,0.5,
1,3,12.285,0,0,-0.13125,0.5,-0.5,0.5,0.5,
1,3,12.287,0,0,-0.13125,0.5,-0.5,0.5,0.5,
1,3,12.289,0,0,-0.13125,0.5,-0.5,0.5,0.5,
1,3,12.291,0,0,-0.13125,0.5,-0.5,0.5,0.5,
1,3,12.293,0,0,-0.13125,0.5,-0.5,0.5,0.5,
1,3,12.295,0,0,-0.13125,0.5,-0.5,0.5,0.5,
1,3,12.297,0,0,-0.13125,0.5,-0.5,0.5,0.5,
1,3,12.299,0,0,-0.13125,0.5,-0.5,0.5,0.5,
1,3,12.301,0,0,-0.13125,0.5,-0.5,0.5,0.5,
1,3,12.303,0,0,-0.13125,0.5,-0.5,0.5,0.5,
1,3,12.305,0,0,-0.13125,0.5,-0.5,0.5,0.5,
1,3,12.307,0,0,-0.13125,0.5,-0.5,0.5,0.5,
1,3,12.309,0,0,-0.13125,0.5,-0.5,0.5,0.5,
1,3,12.311,0,0,-0.13125,0.5,-0.5,0.5,0.5,
1,3,12.313,0,0,-0.13125,0.5,-0.5,0.5,0.5,
1,3,12.315,0,0,-0.13125,0.5,-0.5,0.5,0.5,
1,3,12.317,0,0,-0.13125,0.5,-0.5,0.5,0.5,
1,3,12.319,0,0,-0.13125,0.5,-0.5,0.5,0.5,
1,3,12.321,0,0,-0.13125,0.5,-0.5,0.5,0.5,CourtEnter
1,3,12.323,0,0,-0.13125,0.5,-0.5,0.5,0.5,
1,3,12.325,0,0,-0.13125,0.5,-0.5,0.5,0.5,
1,3,12.327,0,0,-0.13125,0.5,-0.5,0.5,0.5,
1,3,12.329,0,0,-0.13125,0.5,-0.5,0.5,0.5,
1,3,12.331,0,0,-0.13125,0.5,-0.5,0.5,0.5,
1,3,12.333,0,0,-0.13125,0.5,-0.5,0.5,0.5,
1,3,12.335,0,0,-0.13125,0.5,-0.5,0.5,0.5,CourtExit
1,3,12.337,0,0,-0.13125,0.5,-0.5,0.5,0.5,
1,3,12.339,0,0,-0.13125,0.5,-0.5,0.5,0.5,
1,3,12.341,0,0,-0.13125,0.5,-0.5,0.5,0.5,
1,3,12.343,0,0,-0.13125,0.5,-0.5,0.5,0.5,
1,3,12.345,0,0,-0.13125,0.5,-0.5,0.5,0.5,
1,3,12.347,0,0,-0.13125,0.5,-0.5,0.5,0.5,
1,3,12.349,0,0,-0.13125,0.5,-0.5,0.5,0.5,
1,3,12.351,0,0,-0.13125,0.5,-0.5,0.5,0.5,
1,3,12.353,0,0,-0.13125,0.5,-0.5,0.5,0.5,
1,3,12.355,0,0,-0.13125,0.5,-0.5,0.5,0.5,
1,3,12.357,0,0,-0.13125,0.5,-0.5,0.5,0.5,
1,3,12.359,0,0,-0.13125,0.5,-0.5,0.5,0.5,
1,3,12.361,0,0,-0.13125,0.5,-0.5,0.5,0.5,
1,3,12.363,0,0,-0.13125,0.5,-0.5,0.5,0.5,
1,3,12.365,0,0,-0.13125,0.5,-0.5,0.5,0.5,
1,3,12.367,0,0,-0.13125,0.5,-0.5,0.5,0.5,
1,3,12.369,0,0,-0.13125,0.5,-0.5,0.5,0.5,
1,3,12.371,0,0,-0.13125,0.5,-0.5,0.5,0.5,
1,3,12.373,0,0,-0.13125,0.5,-0.5,0.5,0.5,
1,3,12.375,0,0,-0.13125,0.5,-0.5,0.5,0.5,
1,3,12.377,0,0,-0.13125,0.5,-0.5,0.5,0.5,
1,3,12.379,0,0,-0.13125,0.5,-0.5,0.5,0.5,
1,3,12.381,0,0,-0.13125,0.5,-0.5,0.5,0.5,
1,3,12.383,0,0,-0.13125,0.5,-0.5,0.5,0.5,
1,3,12.385,0,0,-0.13125,0.5,-0.5,0.5,0.5,
1,3,12.387,0,0,-0.13125,0.5,-0.5,0.5,0.5,
1,3,12.389,0,0,-0.13125,0.5,-0.5,0.5,0.5,
1,3,12.391,0,0,-0.13125,0.5,-0.5,0.5,0.5,
1,3,12.393,0,0,-0.13125,0.5,-0.5,0.5,0.5,
1,3,12.395,0,0,-0.13125,0.5,-0.5,0.5,0.5,
1,3,12.397,0,0,-0.13125,0.5,-0.5,0.5,0.5,
1,3,12.399,0,0,-0.13125,0.5,-0.5,0.5,0.5,
1,3,12.401,0,0,-0.13125,0.5,-0.5,0.5,0.5,
1,3,12.403,0,0,-0.13125,0.5,-0.5,0.5,0.5,
1,3,12.405,0,0,-0.13125,0.5,-0.5,0.5,0.5,
1,3,12.407,0,0,-0.13125,0.5,-0.5,0.5,0.5,
1,3,12.409,0,0,-0.13125,0.5,-0.5,0.5,0.5,
1,3,12.411,0,0,-0.13125,0.5,-0.5,0.5,0.5,
1,3,12.413,0,0,-0.13125,0.5,-0.5,0.5,0.5,
1,3,12.415,0,0,-0.13125,0.5,-0.5,0.5,0.5,
1,3,12.417,0,0,-0.13125,0.5,-0.5,0.5,0.5,
1,3,12.419,0,0,-0.13125,0.5,-0.5,0.5,0.5,
1,3,12.421,0,0,-0.13125,0.5,-0.5,0.5,0.5,
1,3,12.423,0,0,-0.13125,0.5,-0.5,0.5,0.5,
1,3,12.425,0,0,-0.13125,0.5,-0.5,0.5,0.5,
1,3,12.427,0,0,-0.13125,0.5,-0.5,0.5,0.5,
1,3,12.429,0,0,-0.13125,0.5,-0.5,0.5,0.5,
1,3,12.431,0,0,-0.13125,0.5,-0.5,0.5,0.5,
1,3,12.433,0,0,-0.13125,0.5,-0.5,0.5,0.5,
1,3,12.435,0,0,-0.13125,0.5,-0.5,0.5,0.5,
1,3,12.437,0,0,-0.13125,0.5,-0.5,0.5,0.5,
1,3,12.439,0,0,-0.13125,0.5,-0.5,0.5,0.5,
1,3,12.441,0,0,-0.13125,0.5,-0.5,0.5,0.5,
1,3,12.443,0,0,-0.13125,0.5,-0.5,0.5,0.5,
1,3,12.445,0,0,-0.13125,0.5,-0.5,0.5,0.5,
1,3,12.447,0,0,-0.13125,0.5,-0.5,0.5,0.5,
1,3,12.449,0,0,-0.13125,0.5,-0.5,0.5,0.5,
1,3,12.451,0,0,-0.13125,0.5,-0.5,0.5,0.5,
1,3,12.453,0,0,-0.13125,0.5,-0.5,0.5,0.5,
1,3,12.455,0,0,-0.13125,0.5,-0.5,0.5,0.5,
1,3,12.457,0,0,-0.13125,0.5,-0.5,0.5,0.5,
1,3,12.459,0,0,-0.13125,0.5,-0.5,0.5,0.5,
1,3,12.461,0,0,-0.13125,0.5,-0.5,0.5,0.5,
1,3,12.463,0,0,-0.13125,0.5,-0.5,0.5,0.5,
1,3,12.465,0,0,-0.13125,0.5,-0.5,0.5,0.5,
1,3,12.467,0,0,-0.13125,0.5,-0.5,0.5,0.5,
1,3,12.469,0,0,-0.13125,0.5,-0.5,0.5,0.5,
1,3,12.471,0,0,-0.13125,0.5,-0.5,0.5,0.5,
1,3,12.473,0,0,-0.13125,0.5,-0.5,0.5,0.5,
1,3,12.475,0,0,-0.13125,0.5,-0.5,0.5,0.5,
1,3,12.477,0,0,-0.13125,0.5,-0.5,0.5,0.5,
1,3,12.479,0,0,-0.13125,0.5,-0.5,0.5,0.5,
1,3,12.481,0,0,-0.13125,0.5,-0.5,0.5,0.5,
1,3,12.483,0,0,-0.13125,0.5,-0.5,0.5,0.5,
1,3,12.485,0,0,-0.13125,0.5,-0.5,0.5,0.5,
1,3,12.487,0,0,-0.13125,0.5,-0.5,0.5,0.5,
1,3,12.489,0,0,-0.13125,0.5,-0.5,0.5,0.5,
1,3,12.491,0,0,-0.13125,0.5,-0.5,0.5,0.5,
1,3,12.493,0,0,-0.13125,0.5,-0.5,0.5,0.5,
1,3,12.495,0,0,-0.13125,0.5,-0.5,0.5,0.5,
1,3,12.497,0,0,-0.13125,0.5,-0.5,0.5,0.5,
1,3,12.499,0,0,-0.13125,0.5,-0.5,0.5,0.5,
1,3,12.501,0,0,-0.13125,0.5,-0.5,0.5,0.5,
1,3,12.503,0,0,-0.13125,0.5,-0.5,0.5,0.5,
1,3,12.505,0,0,-0.13125,0.5,-0.5,0.5,0.5,
1,3,12.507,0,0,-0.13125,0.5,-0.5,0.5,0.5,
1,3,12.509,0,0,-0.13125,0.5,-0.5,0.5,0.5,
1,3,12.511,0,0,-0.13125,0.5,-0.5,0.5,0.5,
1,3,12.513,0,0,-0.13125,0.5,-0.5,0.5,0.5,
1,3,12.515,0,0,-0.13125,0.5,-0.5,0.5,0.5,
1,3,12.517,0,0,-0.13125,0.5,-0.5,0.5,0.5,
1,3,12.519,0,0,-0.13125,0.5,-0.5,0.5,0.5,
1,3,12.521,0,0,-0.13125,0.5,-0.5,0.5,0.5,
1,3,12.523,0,0,-0.13125,0.5,-0.5,0.5,0.5,
1,3,12.525,0,0,-0.13125,0.5,-0.5,0.5,0.5,
1,3,12.527,0,0,-0.13125,0.5,-0.5,0.5,0.5,
1,3,12.529,0,0,-0.13125,0.5,-0.5,0.5,0.5,
1,3,12.531,0,0,-0.13125,0.5,-0.5,0.5,0.5,
1,3,12.533,0,0,-0.13125,0.5,-0.5,0.5,0.5,
1,3,12.535,0,0,-0.13125,0.5,-0.5,0.5,0.5,
1,3,12.537,0,0,-0.13125,0.5,-0.5,0.5,0.5,
1,3,12.539,0,0,-0.13125,0.5,-0.5,0.5,0.5,
1,3,12.541,0,0,-0.13125,0.5,-0.5,0.5,0.5,
1,3,12.543,0,0,-0.13125,0.5,-0.5,0.5,0.5,
1,3,12.545,0,0,-0.13125,0.5,-0.5,0.5,0.5,
1,3,12.547,0,0,-0.13125,0.5,-0.5,0.5,0.5,
1,3,12.549,0,0,-0.13125,0.5,-0.5,0.5,0.5,
1,3,12.551,0,0,-0.13125,0.5,-0.5,0.5,0.5,
1,3,12.553,0,0,-0.13125,0.5,-0.5,0.5,0.5,
1,3,12.555,0,0,-0.13125,0.5,-0.5,0.5,0.5,
1,3,12.557,0,0,-0.13125,0.5,-0.5,0.5,0.5,
1,3,12.559,0,0,-0.13125,0.5,-0.5,0.5,0.5,
1,3,12.561,0,0,-0.13125,0.5,-0.5,0.5,0.5,
1,3,12.563,0,0,-0.13125,0.5,-0.5,0.5,0.5,
1,3,12.565,0,0,-0.13125,0.5,-0.5,0.5,0.5,
1,3,12.567,0,0,-0.13125,0.5,-0.5,0.5,0.5,
1,3,12.569,0,0,-0.13125,0.5,-0.5,0.5,0.5,
1,3,12.571,0,0,-0.13125,0.5,-0.5,0.5,0.5,
1,3,12.573,0,0,-0.13125,0.5,-0.5,0.5,0.5,
1,3,12.575,0,0,-0.13125,0.5,-0.5,0.5,0.5,
1,3,12.577,0,0,-0.13125,0.5,-0.5,0.5,0.5,
1,3,12.579,0,0,-0.13125,0.5,-0.5,0.5,0.5,
1,3,12.581,0,0,-0.13125,0.5,-0.5,0.5,0.5,
1,3,12.583,0,0,-0.13125,0.5,-0.5,0.5,0.5,
1,3,12.585,0,0,-0.13125,0.5,-0.5,0.5,0.5,
1,3,12.587,0,0,-0.13125,0.5,-0.5,0.5,0.5,
1,3,12.589,0,0,-0.13125,0.5,-0.5,0.5,0.5,
1,3,12.591,0,0,-0.13125,0.5,-0.5,0.5,0.5,
1,3,12.593,0,0,-0.13125,0.5,-0.5,0.5,0.5,
1,3,12.595,0,0,-0.13125,0.5,-0.5,0.5,0.5,
1,3,12.597,0,0,-0.13125,0.5,-0.5,0.5,0.5,
1,3,12.599,0,0,-0.13125,0.5,-0.5,0.5,0.5,
1,3,12.601,0,0,-0.13125,0.5,-0.5,0.5,0.5,
1,3,12.603,0,0,-0.13125,0.5,-0.5,0.5,0.5,
1,3,12.605,0,0,-0.13125,0.5,-0.5,0.5,0.5,
1,3,12.607,0,0,-0.13125,0.5,-0.5,0.5,0.5,
1,3,12.609,0,0,-0.13125,0.5,-0.5,0.5,0.5,
1,3,12.611,0,0,-0.13125,0.5,-0.5,0.5,0.5,
1,3,12.613,0,0,-0.13125,0.5,-0.5,0.5,0.5,
1,3,12.615,0,0,-0.13125,0.5,-0.5,0.5,0.5,
1,3,12.617,0,0,-0.13125,0.5,-0.5,0.5,0.5,
1,3,12.619,0,0,-0.13125,0.5,-0.5,0.5,0.5,
1,3,12.621,0,0,-0.13125,0.5,-0.5,0.5,0.5,
1,3,12.623,0,0,-0.13125,0.5,-0.5,0.5,0.5,
1,3,12.625,0,0,-0.13125,0.5,-0.5,0.5,0.5,
1,3,12.627,0,0,-0.13125,0.5,-0.5,0.5,0.5,
1,3,12.629,0,0,-0.13125,0.5,-0.5,0.5,0.5,
1,3,12.631,0,0,-0.13125,0.5,-0.5,0.5,0.5,
1,3,12.633,0,0,-0.13125,0.5,-0.5,0.5,0.5,
1,3,12.635,0,0,-0.13125,0.5,-0.5,0.5,0.5,
1,3,12.637,0,0,-0.13125,0.5,-0.5,0.5,0.5,
1,3,12.639,0,0,-0.13125,0.5,-0.5,0.5,0.5,
1,3,12.641,0,0,-0.13125,0.5,-0.5,0.5,0.5,
1,3,12.643,0,0,-0.13125,0.5,-0.5,0.5,0.5,
1,3,12.645,0,0,-0.13125,0.5,-0.5,0.5,0.5,
1,3,12.647,0,0,-0.13125,0.5,-0.5,0.5,0.5,
1,3,12.649,0,0,-0.13125,0.5,-0.5,0.5,0.5,
1,3,12.651,0,0,-0.13125,0.5,-0.5,0.5,0.5,
1,3,12.653,0,0,-0.13125,0.5,-0.5,0.5,0.5,
1,3,12.655,0,0,-0.13125,0.5,-0.5,0.5,0.5,
1,3,12.657,0,0,-0.13125,0.5,-0.5,0.5,0.5,
1,3,12.659,0,0,-0.13125,0.5,-0.5,0.5,0.5,
1,3,12.661,0,0,-0.13125,0.5,-0.5,0.5,0.5,
1,3,12.663,0,0,-0.13125,0.5,-0.5,0.5,0.5,
1,3,12.665,0,0,-0.13125,0.5,-0.5,0.5,0.5,
1,3,12.667,0,0,-0.13125,0.5,-0.5,0.5,0.5,
1,3,12.669,0,0,-0.13125,0.5,-0.5,0.5,0.5,
1,3,12.671,0,0,-0.13125,0.5,-0.5,0.5,0.5,
1,3,12.673,0,0,-0.13125,0.5,-0.5,0.5,0.5,
1,3,12.675,0,0,-0.13125,0.5,-0.5,0.5,0.5,
1,3,12.677,0,0,-0.13125,0.5,-0.5,0.5,0.5,
1,3,12.679,0,0,-0.13125,0.5,-0.5,0.5,0.5,
1,3,12.681,0,0,-0.13125,0.5,-0.5,0.5,0.5,
1,3,12.683,0,0,-0.13125,0.5,-0.5,0.5,0.5,
1,3,12.685,0,0,-0.13125,0.5,-0.5,0.5,0.5,
1,3,12.687,0,0,-0.13125,0.5,-0.5,0.5,0.5,
1,3,12.689,0,0,-0.13125,0.5,-0.5,0.5,0.5,
1,3,12.691,0,0,-0.13125,0.5,-0.5,0.5,0.5,
1,3,12.693,0,0,-0.13125,0.5,-0.5,0.5,0.5,
1,3,12.695,0,0,-0.13125,0.5,-0.5,0.5,0.5,
1,3,12.697,0,0,-0.13125,0.5,-0.5,0.5,0.5,
1,3,12.699,0,0,-0.13125,0.5,-0.5,0.5,0.5,
1,3,12.701,0,0,-0.13125,0.5,-0.5,0.5,0.5,
1,3,12.703,0,0,-0.13125,0.5,-0.5,0.5,0.5,
1,3,12.705,0,0,-0.13125,0.5,-0.5,0.5,0.5,
1,3,12.707,0,0,-0.13125,0.5,-0.5,0.5,0.5,
1,3,12.709,0,0,-0.13125,0.5,-0.5,0.5,0.5,
1,3,12.711,0,0,-0.13125,0.5,-0.5,0.5,0.5,
1,3,12.713,0,0,-0.13125,0.5,-0.5,0.5,0.5,
1,3,12.715,0,0,-0.13125,0.5,-0.5,0.5,0.5,
1,3,12.717,0,0,-0.13125,0.5,-0.5,0.5,0.5,
1,3,12.719,0,0,-0.13125,0.5,-0.5,0.5,0.5,
1,3,12.721,0,0,-0.13125,0.5,-0.5,0.5,0.5,
1,3,12.723,0,0,-0.13125,0.5,-0.5,0.5,0.5,
1,3,12.725,0,0,-0.13125,0.5,-0.5,0.5,0.5,
1,3,12.727,0,0,-0.13125,0.5,-0.5,0.5,0.5,
1,3,12.729,0,0,-0.13125,0.5,-0.5,0.5,0.5,
1,3,12.731,0,0,-0.13125,0.5,-0.5,0.5,0.5,
1,3,12.733,0,0,-0.13125,0.5,-0.5,0.5,0.5,
1,3,12.735,0,0,-0.13125,0.5,-0.5,0.5,0.5,
1,3,12.737,0,0,-0.13125,0.5,-0.5,0.5,0.5,
1,3,12.739,0,0,-0.13125,0.5,-0.5,0.5,0.5,
1,3,12.741,0,0,-0.13125,0.5,-0.5,0.5,0.5,
1,3,12.743,0,0,-0.13125,0.5,-0.5,0.5,0.5,
1,3,12.745,0,0,-0.13125,0.5,-0.5,0.5,0.5,
1,3,12.747,0,0,-0.13125,0.5,-0.5,0.5,0.5,
1,3,12.749,0,0,-0.13125,0.5,-0.5,0.5,0.5,
1,3,12.751,0,0,-0.13125,0.5,-0.5,0.5,0.5,
1,3,12.753,0,0,-0.13125,0.5,-0.5,0.5,0.5,
1,3,12.755,0,0,-0.13125,0.5,-0.5,0.5,0.5,
1,3,12.757,0,0,-0.13125,0.5,-0.5,0.5,0.5,
1,3,12.759,0,0,-0.13125,0.5,-0.5,0.5,0.5,
1,3,12.761,0,0,-0.13125,0.5,-0.5,0.5,0.5,
1,3,12.763,0,0,-0.13125,0.5,-0.5,0.5,0.5,
1,3,12.765,0,0,-0.13125,0.5,-0.5,0.5,0.5,
1,3,12.767,0,0,-0.13125,0.5,-0.5,0.5,0.5,
1,3,12.769,0,0,-0.13125,0.5,-0.5,0.5,0.5,
1,3,12.771,0,0,-0.13125,0.5,-0.5,0.5,0.5,
1,3,12.773,0,0,-0.13125,0.5,-0.5,0.5,0.5,
1,3,12.775,0,0,-0.13125,0.5,-0.5,0.5,0.5,
1,3,12.777,0,0,-0.13125,0.5,-0.5,0.5,0.5,
1,3,12.779,0,0,-0.13125,0.5,-0.5,0.5,0.5,
1,3,12.781,0,0,-0.13125,0.5,-0.5,0.5,0.5,
1,3,12.783,0,0,-0.13125,0.5,-0.5,0.5,0.5,
1,3,12.785,0,0,-0.13125,0.5,-0.5,0.5,0.5,
1,3,12.787,0,0,-0.13125,0.5,-0.5,0.5,0.5,
1,3,12.789,0,0,-0.13125,0.5,-0.5,0.5,0.5,
1,3,12.791,0,0,-0.13125,0.5,-0.5,0.5,0.5,
1,3,12.793,0,0,-0.13125,0.5,-0.5,0.5,0.5,
1,3,12.795,0,0,-0.13125,0.5,-0.5,0.5,0.5,
1,3,12.797,0,0,-0.13125,0.5,-0.5,0.5,0.5,
1,3,12.799,0,0,-0.13125,0.5,-0.5,0.5,0.5,
1,3,12.801,0,0,-0.13125,0.5,-0.5,0.5,0.5,
1,3,12.803,0,0,-0.13125,0.5,-0.5,0.5,0.5,
1,3,12.805,0,0,-0.13125,0.5,-0.5,0.5,0.5,
1,3,12.807,0,0,-0.13125,0.5,-0.5,0.5,0.5,
1,3,12.809,0,0,-0.13125,0.5,-0.5,0.5,0.5,
1,3,12.811,0,0,-0.13125,0.5,-0.5,0.5,0.5,
1,3,12.813,0,0,-0.13125,0.5,-0.5,0.5,0.5,
1,3,12.815,0,0,-0.13125,0.5,-0.5,0.5,0.5,
1,3,12.817,0,0,-0.13125,0.5,-0.5,0.5,0.5,
1,3,12.819,0,0,-0.13125,0.5,-0.5,0.5,0.5,
1,3,12.821,0,0,-0.13125,0.5,-0.5,0.5,0.5,
1,3,12.823,0,0,-0.13125,0.5,-0.5,0.5,0.5,
1,3,12.825,0,0,-0.13125,0.5,-0.5,0.5,0.5,
1,3,12.827,0,0,-0.13125,0.5,-0.5,0.5,0.5,
1,3,12.829,0,0,-0.13125,0.5,-0.5,0.5,0.5,CourtEnter
1,3,12.831,0,0,-0.13125,0.5,-0.5,0.5,0.5,
1,3,12.833,0,0,-0.13125,0.5,-0.5,0.5,0.5,
1,3,12.835,0,0,-0.13125,0.5,-0.5,0.5,0.5,
1,3,12.837,0,0,-0.13125,0.5,-0.5,0.5,0.5,
1,3,12.839,0,0,-0.13125,0.5,-0.5,0.5,0.5,
1,3,12.841,0,0,-0.13125,0.5,-0.5,0.5,0.5,
1,3,12.843,0,0,-0.13125,0.5,-0.5,0.5,0.5,
1,3,12.845,0,0,-0.13125,0.5,-0.5,0.5,0.5,
1,3,12.847,0,0,-0.13125,0.5,-0.5,0.5,0.5,CourtExit
1,3,12.849,0,0,-0.13125,0.5,-0.5,0.5,0.5,
1,3,12.851,0,0,-0.13125,0.5,-0.5,0.5,0.5,
1,3,12.853,0,0,-0.13125,0.5,-0.5,0.5,0.5,
1,3,12.855,0,0,-0.13125,0.5,-0.5,0.5,0.5,
1,3,12.857,0,0,-0.13125,0.5,-0.5,0.5,0.5,
1,3,12.859,0,0,-0.13125,0.5,-0.5,0.5,0.5,
1,3,12.861,0,0,-0.13125,0.5,-0.5,0.5,0.5,
1,3,12.863,0,0,-0.13125,0.5,-0.5,0.5,0.5,
1,3,12.865,0,0,-0.13125,0.5,-0.5,0.5,0.5,
1,3,12.867,0,0,-0.13125,0.5,-0.5,0.5,0.5,
1,3,12.869,0,0,-0.13125,0.5,-0.5,0.5,0.5,
1,3,12.871,0,0,-0.13125,0.5,-0.5,0.5,0.5,
1,3,12.873,0,0,-0.13125,0.5,-0.5,0.5,0.5,
1,3,12.875,0,0,-0.13125,0.5,-0.5,0.5,0.5,
1,3,12.877,0,0,-0.13125,0.5,-0.5,0.5,0.5,
1,3,12.879,0,0,-0.13125,0.5,-0.5,0.5,0.5,
1,3,12.881,0,0,-0.13125,0.5,-0.5,0.5,0.5,
1,3,12.883,0,0,-0.13125,0.5,-0.5,0.5,0.5,
1,3,12.885,0,0,-0.13125,0.5,-0.5,0.5,0.5,
1,3,12.887,0,0,-0.13125,0.5,-0.5,0.5,0.5,
1,3,12.889,0,0,-0.13125,0.5,-0.5,0.5,0.5,
1,3,12.891,0,0,-0.13125,0.5,-0.5,0.5,0.5,
1,3,12.893,0,0,-0.13125,0.5,-0.5,0.5,0.5,
1,3,12.895,0,0,-0.13125,0.5,-0.5,0.5,0.5,
1,3,12.897,0,0,-0.13125,0.5,-0.5,0.5,0.5,
1,3,12.899,0,0,-0.13125,0.5,-0.5,0.5,0.5,
1,3,12.901,0,0,-0.13125,0.5,-0.5,0.5,0.5,
1,3,12.903,0,0,-0.13125,0.5,-0.5,0.5,0.5,
1,3,12.905,0,0,-0.13125,0.5,-0.5,0.5,0.5,
1,3,12.907,0,0,-0.13125,0.5,-0.5,0.5,0.5,
1,3,12.909,0,0,-0.13125,0.5,-0.5,0.5,0.5,
1,3,12.911,0,0,-0.13125,0.5,-0.5,0.5,0.5,
1,3,12.913,0,0,-0.13125,0.5,-0.5,0.5,0.5,
1,3,12.915,0,0,-0.13125,0.5,-0.5,0.5,0.5,
1,3,12.917,0,0,-0.13125,0.5,-0.5,0.5,0.5,
1,3,12.919,0,0,-0.13125,0.5,-0.5,0.5,0.5,
1,3,12.921,0,0,-0.13125,0.5,-0.5,0.5,0.5,
1,3,12.923,0,0,-0.13125,0.5,-0.5,0.5,0.5,
1,3,12.925,0,0,-0.13125,0.5,-0.5,0.5,0.5,
1,3,12.927,0,0,-0.13125,0.5,-0.5,0.5,0.5,
1,3,12.929,0,0,-0.13125,0.5,-0.5,0.5,0.5,
1,3,12.931,0,0,-0.13125,0.5,-0.5,0.5,0.5,
1,3,12.933,0,0,-0.13125,0.5,-0.5,0.5,0.5,
1,3,12.935,0,0,-0.13125,0.5,-0.5,0.5,0.5,
1,3,12.937,0,0,-0.13125,0.5,-0.5,0.5,0.5,
1,3,12.939,0,0,-0.13125,0.5,-0.5,0.5,0.5,
1,3,12.941,0,0,-0.13125,0.5,-0.5,0.5,0.5,
1,3,12.943,0,0,-0.13125,0.5,-0.5,0.5,0.5,
1,3,12.945,0,0,-0.13125,0.5,-0.5,0.5,0.5,
1,3,12.947,0,0,-0.13125,0.5,-0.5,0.5,0.5,
1,3,12.949,0,0,-0.13125,0.5,-0.5,0.5,0.5,
1,3,12.951,0,0,-0.13125,0.5,-0.5,0.5,0.5,
1,3,12.953,0,0,-0.13125,0.5,-0.5,0.5,0.5,
1,3,12.955,0,0,-0.13125,0.5,-0.5,0.5,0.5,
1,3,12.957,0,0,-0.13125,0.5,-0.5,0.5,0.5,
1,3,12.959,0,0,-0.13125,0.5,-0.5,0.5,0.5,
1,3,12.961,0,0,-0.13125,0.5,-0.5,0.5,0.5,
1,3,12.963,0,0,-0.13125,0.5,-0.5,0.5,0.5,
1,3,12.965,0,0,-0.13125,0.5,-0.5,0.5,0.5,
1,3,12.967,0,0,-0.13125,0.5,-0.5,0.5,0.5,
1,3,12.969,0,0,-0.13125,0.5,-0.5,0.5,0.5,
1,3,12.971,0,0,-0.13125,0.5,-0.5,0.5,0.5,
1,3,12.973,0,0,-0.13125,0.5,-0.5,0.5,0.5,
1,3,12.975,0,0,-0.13125,0.5,-0.5,0.5,0.5,
1,3,12.977,0,0,-0.13125,0.5,-0.5,0.5,0.5,
1,3,12.979,0,0,-0.13125,0.5,-0.5,0.5,0.5,
1,3,12.981,0,0,-0.13125,0.5,-0.5,0.5,0.5,
1,3,12.983,0,0,-0.13125,0.5,-0.5,0.5,0.5,
1,3,12.985,0,0,-0.13125,0.5,-0.5,0.5,0.5,
1,3,12.987,0,0,-0.13125,0.5,-0.5,0.5,0.5,
1,3,12.989,0,0,-0.13125,0.5,-0.5,0.5,0.5,
1,3,12.991,0,0,-0.13125,0.5,-0.5,0.5,0.5,
1,3,12.993,0,0,-0.13125,0.5,-0.5,0.5,0.5,
1,3,12.995,0,0,-0.13125,0.5,-0.5,0.5,0.5,
1,3,12.997,0,0,-0.13125,0.5,-0.5,0.5,0.5,
1,3,12.999,0,0,-0.13125,0.5,-0.5,0.5,0.5,
1,3,13.001,0,0,-0.13125,0.5,-0.5,0.5,0.5,
1,3,13.003,0,0,-0.13125,0.5,-0.5,0.5,0.5,
1,3,13.005,0,0,-0.13125,0.5,-0.5,0.5,0.5,
1,3,13.007,0,0,-0.13125,0.5,-0.5,0.5,0.5,
1,3,13.009,0,0,-0.13125,0.5,-0.5,0.5,0.5,
1,3,13.011,0,0,-0.13125,0.5,-0.5,0.5,0.5,
1,3,13.013,0,0,-0.13125,0.5,-0.5,0.5,0.5,
1,3,13.015,0,0,-0.13125,0.5,-0.5,0.5,0.5,
1,3,13.017,0,0,-0.13125,0.5,-0.5,0.5,0.5,
1,3,13.019,0,0,-0.13125,0.5,-0.5,0.5,0.5,
1,3,13.021,0,0,-0.13125,0.5,-0.5,0.5,0.5,
1,3,13.023,0,0,-0.13125,0.5,-0.5,0.5,0.5,
1,3,13.025,0,0,-0.13125,0.5,-0.5,0.5,0.5,
1,3,13.027,0,0,-0.13125,0.5,-0.5,0.5,0.5,
1,3,13.029,0,0,-0.13125,0.5,-0.5,0.5,0.5,
1,3,13.031,0,0,-0.13125,0.5,-0.5,0.5,0.5,
1,3,13.033,0,0,-0.13125,0.5,-0.5,0.5,0.5,
1,3,13.035,0,0,-0.13125,0.5,-0.5,0.5,0.5,
1,3,13.037,0,0,-0.13125,0.5,-0.5,0.5,0.5,
1,3,13.039,0,0,-0.13125,0.5,-0.5,0.5,0.5,
1,3,13.041,0,0,-0.13125,0.5,-0.5,0.5,0.5,
1,3,13.043,0,0,-0.13125,0.5,-0.5,0.5,0.5,
1,3,13.045,0,0,-0.13125,0.5,-0.5,0.5,0.5,
1,3,13.047,0,0,-0.13125,0.5,-0.5,0.5,0.5,
1,3,13.049,0,0,-0.13125,0.5,-0.5,0.5,0.5,
1,3,13.051,0,0,-0.13125,0.5,-0.5,0.5,0.5,
1,3,13.053,0,0,-0.13125,0.5,-0.5,0.5,0.5,
1,3,13.055,0,0,-0.13125,0.5,-0.5,0.5,0.5,
1,3,13.057,0,0,-0.13125,0.5,-0.5,0.5,0.5,
1,3,13.059,0,0,-0.13125,0.5,-0.5,0.5,0.5,
1,3,13.061,0,0,-0.13125,0.5,-0.5,0.5,0.5,
1,3,13.063,0,0,-0.13125,0.5,-0.5,0.5,0.5,
1,3,13.065,0,0,-0.13125,0.5,-0.5,0.5,0.5,
1,3,13.067,0,0,-0.13125,0.5,-0.5,0.5,0.5,
1,3,13.069,0,0,-0.13125,0.5,-0.5,0.5,0.5,
1,3,13.071,0,0,-0.13125,0.5,-0.5,0.5,0.5,
1,3,13.073,0,0,-0.13125,0.5,-0.5,0.5,0.5,
1,3,13.075,0,0,-0.13125,0.5,-0.5,0.5,0.5,
1,3,13.077,0,0,-0.13125,0.5,-0.5,0.5,0.5,
1,3,13.079,0,0,-0.13125,0.5,-0.5,0.5,0.5,
1,3,13.081,0,0,-0.13125,0.5,-0.5,0.5,0.5,
1,3,13.083,0,0,-0.13125,0.5,-0.5,0.5,0.5,
1,3,13.085,0,0,-0.13125,0.5,-0.5,0.5,0.5,
1,3,13.087,0,0,-0.13125,0.5,-0.5,0.5,0.5,
1,3,13.089,0,0,-0.13125,0.5,-0.5,0.5,0.5,
1,3,13.091,0,0,-0.13125,0.5,-0.5,0.5,0.5,
1,3,13.093,0,0,-0.13125,0.5,-0.5,0.5,0.5,
1,3,13.095,0,0,-0.13125,0.5,-0.5,0.5,0.5,
1,3,13.097,0,0,-0.13125,0.5,-0.5,0.5,0.5,
1,3,13.099,0,0,-0.13125,0.5,-0.5,0.5,0.5,
1,3,13.101,0,0,-0.13125,0.5,-0.5,0.5,0.5,
1,3,13.103,0,0,-0.13125,0.5,-0.5,0.5,0.5,
1,3,13.105,0,0,-0.13125,0.5,-0.5,0.5,0.5,
1,3,13.107,0,0,-0.13125,0.5,-0.5,0.5,0.5,
1,3,13.109,0,0,-0.13125,0.5,-0.5,0.5,0.5,
1,3,13.111,0,0,-0.13125,0.5,-0.5,0.5,0.5,
1,3,13.113,0,0,-0.13125,0.5,-0.5,0.5,0.5,
1,3,13.115,0,0,-0.13125,0.5,-0.5,0.5,0.5,
1,3,13.117,0,0,-0.13125,0.5,-0.5,0.5,0.5,
1,3,13.119,0,0,-0.13125,0.5,-0.5,0.5,0.5,
1,3,13.121,0,0,-0.13125,0.5,-0.5,0.5,0.5,
1,3,13.123,0,0,-0.13125,0.5,-0.5,0.5,0.5,
1,3,13.125,0,0,-0.13125,0.5,-0.5,0.5,0.5,
1,3,13.127,0,0,-0.13125,0.5,-0.5,0.5,0.5,
1,3,13.129,0,0,-0.13125,0.5,-0.5,0.5,0.5,
1,3,13.131,0,0,-0.13125,0.5,-0.5,0.5,0.5,
1,3,13.133,0,0,-0.13125,0.5,-0.5,0.5,0.5,
1,3,13.135,0,0,-0.13125,0.5,-0.5,0.5,0.5,
1,3,13.137,0,0,-0.13125,0.5,-0.5,0.5,0.5,
1,3,13.139,0,0,-0.13125,0.5,-0.5,0.5,0.5,
1,3,13.141,0,0,-0.13125,0.5,-0.5,0.5,0.5,
1,3,13.143,0,0,-0.13125,0.5,-0.5,0.5,0.5,
1,3,13.145,0,0,-0.13125,0.5,-0.5,0.5,0.5,
1,3,13.147,0,0,-0.13125,0.5,-0.5,0.5,0.5,
1,3,13.149,0,0,-0.13125,0.5,-0.5,0.5,0.5,
1,3,13.151,0,0,-0.13125,0.5,-0.5,0.5,0.5,
1,3,13.153,0,0,-0.13125,0.5,-0.5,0.5,0.5,
1,3,13.155,0,0,-0.13125,0.5,-0.5,0.5,0.5,
1,3,13.157,0,0,-0.13125,0.5,-0.5,0.5,0.5,
1,3,13.159,0,0,-0.13125,0.5,-0.5,0.5,0.5,
1,3,13.161,0,0,-0.13125,0.5,-0.5,0.5,0.5,
1,3,13.163,0,0,-0.13125,0.5,-0.5,0.5,0.5,
1,3,13.165,0,0,-0.13125,0.5,-0.5,0.5,0.5,
1,3,13.167,0,0,-0.13125,0.5,-0.5,0.5,0.5,
1,3,13.169,0,0,-0.13125,0.5,-0.5,0.5,0.5,
1,3,13.171,0,0,-0.13125,0.5,-0.5,0.5,0.5,
1,3,13.173,0,0,-0.13125,0.5,-0.5,0.5,0.5,
1,3,13.175,0,0,-0.13125,0.5,-0.5,0.5,0.5,
1,3,13.177,0,0,-0.13125,0.5,-0.5,0.5,0.5,
1,3,13.179,0,0,-0.13125,0.5,-0.5,0.5,0.5,
1,3,13.181,0,0,-0.13125,0.5,-0.5,0.5,0.5,
1,3,13.183,0,0,-0.13125,0.5,-0.5,0.5,0.5,
1,3,13.185,0,0,-0.13125,0.5,-0.5,0.5,0.5,
1,3,13.187,0,0,-0.13125,0.5,-0.5,0.5,0.5,
1,3,13.189,0,0,-0.13125,0.5,-0.5,0.5,0.5,
1,3,13.191,0,0,-0.13125,0.5,-0.5,0.5,0.5,
1,3,13.193,0,0,-0.13125,0.5,-0.5,0.5,0.5,
1,3,13.195,0,0,-0.13125,0.5,-0.5,0.5,0.5,
1,3,13.197,0,0,-0.13125,0.5,-0.5,0.5,0.5,
1,3,13.199,0,0,-0.13125,0.5,-0.5,0.5,0.5,
1,3,13.201,0,0,-0.13125,0.5,-0.5,0.5,0.5,
1,3,13.203,0,0,-0.13125,0.5,-0.5,0.5,0.5,
1,3,13.205,0,0,-0.13125,0.5,-0.5,0.5,0.5,
1,3,13.207,0,0,-0.13125,0.5,-0.5,0.5,0.5,
1,3,13.209,0,0,-0.13125,0.5,-0.5,0.5,0.5,
1,3,13.211,0,0,-0.13125,0.5,-0.5,0.5,0.5,
1,3,13.213,0,0,-0.13125,0.5,-0.5,0.5,0.5,CourtEnter
1,3,13.215,0,0,-0.13125,0.5,-0.5,0.5,0.5,
1,3,13.217,0,0,-0.13125,0.5,-0.5,0.5,0.5,
1,3,13.219,0,0,-0.13125,0.5,-0.5,0.5,0.5,
1,3,13.221,0,0,-0.13125,0.5,-0.5,0.5,0.5,
1,3,13.223,0,0,-0.13125,0.5,-0.5,0.5,0.5,
1,3,13.225,0,0,-0.13125,0.5,-0.5,0.5,0.5,
1,3,13.227,0,0,-0.13125,0.5,-0.5,0.5,0.5,
1,3,13.229,0,0,-0.13125,0.5,-0.5,0.5,0.5,
1,3,13.231,0,0,-0.13125,0.5,-0.5,0.5,0.5,
1,3,13.233,0,0,-0.13125,0.5,-0.5,0.5,0.5,
1,3,13.235,0,0,-0.13125,0.5,-0.5,0.5,0.5,
1,3,13.237,0,0,-0.13125,0.5,-0.5,0.5,0.5,CourtExit
1,3,13.239,0,0,-0.13125,0.5,-0.5,0.5,0.5,
1,3,13.241,0,0,-0.13125,0.5,-0.5,0.5,0.5,
1,3,13.243,0,0,-0.13125,0.5,-0.5,0.5,0.5,
1,3,13.245,0,0,-0.13125,0.5,-0.5,0.5,0.5,
1,3,13.247,0,0,-0.13125,0.5,-0.5,0.5,0.5,
1,3,13.249,0,0,-0.13125,0.5,-0.5,0.5,0.5,
1,3,13.251,0,0,-0.13125,0.5,-0.5,0.5,0.5,
1,3,13.253,0,0,-0.13125,0.5,-0.5,0.5,0.5,
1,3,13.255,0,0,-0.13125,0.5,-0.5,0.5,0.5,
1,3,13.257,0,0,-0.13125,0.5,-0.5,0.5,0.5,
1,3,13.259,0,0,-0.13125,0.5,-0.5,0.5,0.5,
1,3,13.261,0,0,-0.13125,0.5,-0.5,0.5,0.5,
1,3,13.263,0,0,-0.13125,0.5,-0.5,0.5,0.5,
1,3,13.265,0,0,-0.13125,0.5,-0.5,0.5,0.5,
1,3,13.267,0,0,-0.13125,0.5,-0.5,0.5,0.5,
1,3,13.269,0,0,-0.13125,0.5,-0.5,0.5,0.5,
1,3,13.271,0,0,-0.13125,0.5,-0.5,0.5,0.5,
1,3,13.273,0,0,-0.13125,0.5,-0.5,0.5,0.5,
1,3,13.275,0,0,-0.13125,0.5,-0.5,0.5,0.5,
1,3,13.277,0,0,-0.13125,0.5,-0.5,0.5,0.5,
1,3,13.279,0,0,-0.13125,0.5,-0.5,0.5,0.5,
1,3,13.281,0,0,-0.13125,0.5,-0.5,0.5,0.5,
1,3,13.283,0,0,-0.13125,0.5,-0.5,0.5,0.5,
1,3,13.285,0,0,-0.13125,0.5,-0.5,0.5,0.5,
1,3,13.287,0,0,-0.13125,0.5,-0.5,0.5,0.5,
1,3,13.289,0,0,-0.13125,0.5,-0.5,0.5,0.5,
1,3,13.291,0,0,-0.13125,0.5,-0.5,0.5,0.5,
1,3,13.293,0,0,-0.13125,0.5,-0.5,0.5,0.5,
1,3,13.295,0,0,-0.13125,0.5,-0.5,0.5,0.5,
1,3,13.297,0,0,-0.13125,0.5,-0.5,0.5,0.5,
1,3,13.299,0,0,-0.13125,0.5,-0.5,0.5,0.5,
1,3,13.301,0,0,-0.13125,0.5,-0.5,0.5,0.5,
1,3,13.303,0,0,-0.13125,0.5,-0.5,0.5,0.5,
1,3,13.305,0,0,-0.13125,0.5,-0.5,0.5,0.5,
1,3,13.307,0,0,-0.13125,0.5,-0.5,0.5,0.5,
1,3,13.309,0,0,-0.13125,0.5,-0.5,0.5,0.5,
1,3,13.311,0,0,-0.13125,0.5,-0.5,0.5,0.5,
1,3,13.313,0,0,-0.13125,0.5,-0.5,0.5,0.5,
1,3,13.315,0,0,-0.13125,0.5,-0.5,0.5,0.5,
1,3,13.317,0,0,-0.13125,0.5,-0.5,0.5,0.5,
1,3,13.319,0,0,-0.13125,0.5,-0.5,0.5,0.5,
1,3,13.321,0,0,-0.13125,0.5,-0.5,0.5,0.5,
1,3,13.323,0,0,-0.13125,0.5,-0.5,0.5,0.5,
1,3,13.325,0,0,-0.13125,0.5,-0.5,0.5,0.5,
1,3,13.327,0,0,-0.13125,0.5,-0.5,0.5,0.5,
1,3,13.329,0,0,-0.13125,0.5,-0.5,0.5,0.5,
1,3,13.331,0,0,-0.13125,0.5,-0.5,0.5,0.5,
1,3,13.333,0,0,-0.13125,0.5,-0.5,0.5,0.5,
1,3,13.335,0,0,-0.13125,0.5,-0.5,0.5,0.5,
1,3,13.337,0,0,-0.13125,0.5,-0.5,0.5,0.5,
1,3,13.339,0,0,-0.13125,0.5,-0.5,0.5,0.5,
1,3,13.341,0,0,-0.13125,0.5,-0.5,0.5,0.5,
1,3,13.343,0,0,-0.13125,0.5,-0.5,0.5,0.5,
1,3,13.345,0,0,-0.13125,0.5,-0.5,0.5,0.5,
1,3,13.347,0,0,-0.13125,0.5,-0.5,0.5,0.5,
1,3,13.349,0,0,-0.13125,0.5,-0.5,0.5,0.5,
1,3,13.351,0,0,-0.13125,0.5,-0.5,0.5,0.5,
1,3,13.353,0,0,-0.13125,0.5,-0.5,0.5,0.5,
1,3,13.355,0,0,-0.13125,0.5,-0.5,0.5,0.5,
1,3,13.357,0,0,-0.13125,0.5,-0.5,0.5,0.5,
1,3,13.359,0,0,-0.13125,0.5,-0.5,0.5,0.5,
1,3,13.361,0,0,-0.13125,0.5,-0.5,0.5,0.5,
1,3,13.363,0,0,-0.13125,0.5,-0.5,0.5,0.5,
1,3,13.365,0,0,-0.13125,0.5,-0.5,0.5,0.5,
1,3,13.367,0,0,-0.13125,0.5,-0.5,0.5,0.5,
1,3,13.369,0,0,-0.13125,0.5,-0.5,0.5,0.5,
1,3,13.371,0,0,-0.13125,0.5,-0.5,0.5,0.5,
1,3,13.373,0,0,-0.13125,0.5,-0.5,0.5,0.5,
1,3,13.375,0,0,-0.13125,0.5,-0.5,0.5,0.5,
1,3,13.377,0,0,-0.13125,0.5,-0.5,0.5,0.5,
1,3,13.379,0,0,-0.13125,0.5,-0.5,0.5,0.5,
1,3,13.381,0,0,-0.13125,0.5,-0.5,0.5,0.5,
1,3,13.383,0,0,-0.13125,0.5,-0.5,0.5,0.5,
1,3,13.385,0,0,-0.13125,0.5,-0.5,0.5,0.5,
1,3,13.387,0,0,-0.13125,0.5,-0.5,0.5,0.5,
1,3,13.389,0,0,-0.13125,0.5,-0.5,0.5,0.5,
1,3,13.391,0,0,-0.13125,0.5,-0.5,0.5,0.5,
1,3,13.393,0,0,-0.13125,0.5,-0.5,0.5,0.5,
1,3,13.395,0,0,-0.13125,0.5,-0.5,0.5,0.5,
1,3,13.397,0,0,-0.13125,0.5,-0.5,0.5,0.5,
1,3,13.399,0,0,-0.13125,0.5,-0.5,0.5,0.5,
1,3,13.401,0,0,-0.13125,0.5,-0.5,0.5,0.5,
1,3,13.403,0,0,-0.13125,0.5,-0.5,0.5,0.5,
1,3,13.405,0,0,-0.13125,0.5,-0.5,0.5,0.5,
1,3,13.407,0,0,-0.13125,0.5,-0.5,0.5,0.5,
1,3,13.409,0,0,-0.13125,0.5,-0.5,0.5,0.5,
1,3,13.411,0,0,-0.13125,0.5,-0.5,0.5,0.5,
1,3,13.413,0,0,-0.13125,0.5,-0.5,0.5,0.5,
1,3,13.415,0,0,-0.13125,0.5,-0.5,0.5,0.5,
1,3,13.417,0,0,-0.13125,0.5,-0.5,0.5,0.5,
1,3,13.419,0,0,-0.13125,0.5,-0.5,0.5,0.5,
1,3,13.421,0,0,-0.13125,0.5,-0.5,0.5,0.5,
1,3,13.423,0,0,-0.13125,0.5,-0.5,0.5,0.5,
1,3,13.425,0,0,-0.13125,0.5,-0.5,0.5,0.5,
1,3,13.427,0,0,-0.13125,0.5,-0.5,0.5,0.5,
1,3,13.429,0,0,-0.13125,0.5,-0.5,0.5,0.5,
1,3,13.431,0,0,-0.13125,0.5,-0.5,0.5,0.5,
1,3,13.433,0,0,-0.13125,0.5,-0.5,0.5,0.5,
1,3,13.435,0,0,-0.13125,0.5,-0.5,0.5,0.5,
1,3,13.437,0,0,-0.13125,0.5,-0.5,0.5,0.5,
1,3,13.439,0,0,-0.13125,0.5,-0.5,0.5,0.5,
1,3,13.441,0,0,-0.13125,0.5,-0.5,0.5,0.5,
1,3,13.443,0,0,-0.13125,0.5,-0.5,0.5,0.5,
1,3,13.445,0,0,-0.13125,0.5,-0.5,0.5,0.5,
1,3,13.447,0,0,-0.13125,0.5,-0.5,0.5,0.5,
1,3,13.449,0,0,-0.13125,0.5,-0.5,0.5,0.5,
1,3,13.451,0,0,-0.13125,0.5,-0.5,0.5,0.5,
1,3,13.453,0,0,-0.13125,0.5,-0.5,0.5,0.5,
1,3,13.455,0,0,-0.13125,0.5,-0.5,0.5,0.5,
1,3,13.457,0,0,-0.13125,0.5,-0.5,0.5,0.5,
1,3,13.459,0,0,-0.13125,0.5,-0.5,0.5,0.5,
1,3,13.461,0,0,-0.13125,0.5,-0.5,0.5,0.5,
1,3,13.463,0,0,-0.13125,0.5,-0.5,0.5,0.5,
1,3,13.465,0,0,-0.13125,0.5,-0.5,0.5,0.5,
1,3,13.467,0,0,-0.13125,0.5,-0.5,0.5,0.5,
1,3,13.469,0,0,-0.13125,0.5,-0.5,0.5,0.5,
1,3,13.471,0,0,-0.13125,0.5,-0.5,0.5,0.5,
1,3,13.473,0,0,-0.13125,0.5,-0.5,0.5,0.5,
1,3,13.475,0,0,-0.13125,0.5,-0.5,0.5,0.5,
1,3,13.477,0,0,-0.13125,0.5,-0.5,0.5,0.5,
1,3,13.479,0,0,-0.13125,0.5,-0.5,0.5,0.5,
1,3,13.481,0,0,-0.13125,0.5,-0.5,0.5,0.5,
1,3,13.483,0,0,-0.13125,0.5,-0.5,0.5,0.5,
1,3,13.485,0,0,-0.13125,0.5,-0.5,0.5,0.5,
1,3,13.487,0,0,-0.13125,0.5,-0.5,0.5,0.5,
1,3,13.489,0,0,-0.13125,0.5,-0.5,0.5,0.5,
1,3,13.491,0,0,-0.13125,0.5,-0.5,0.5,0.5,
1,3,13.493,0,0,-0.13125,0.5,-0.5,0.5,0.5,
1,3,13.495,0,0,-0.13125,0.5,-0.5,0.5,0.5,
1,3,13.497,0,0,-0.13125,0.5,-0.5,0.5,0.5,
1,3,13.499,0,0,-0.13125,0.5,-0.5,0.5,0.5,
1,3,13.501,0,0,-0.13125,0.5,-0.5,0.5,0.5,
1,3,13.503,0,0,-0.13125,0.5,-0.5,0.5,0.5,
1,3,13.505,0,0,-0.13125,0.5,-0.5,0.5,0.5,CourtEnter
1,3,13.507,0,0,-0.13125,0.5,-0.5,0.5,0.5,
1,3,13.509,0,0,-0.13125,0.5,-0.5,0.5,0.5,
1,3,13.511,0,0,-0.13125,0.5,-0.5,0.5,0.5,
1,3,13.513,0,0,-0.13125,0.5,-0.5,0.5,0.5,
1,3,13.515,0,0,-0.13125,0.5,-0.5,0.5,0.5,
1,3,13.517,0,0,-0.13125,0.5,-0.5,0.5,0.5,
1,3,13.519,0,0,-0.13125,0.5,-0.5,0.5,0.5,
1,3,13.521,0,0,-0.13125,0.5,-0.5,0.5,0.5,
1,3,13.523,0,0,-0.13125,0.5,-0.5,0.5,0.5,
1,3,13.525,0,0,-0.13125,0.5,-0.5,0.5,0.5,
1,3,13.527,0,0,-0.13125,0.5,-0.5,0.5,0.5,
1,3,13.529,0,0,-0.13125,0.5,-0.5,0.5,0.5,
1,3,13.531,0,0,-0.13125,0.5,-0.5,0.5,0.5,
1,3,13.533,0,0,-0.13125,0.5,-0.5,0.5,0.5,
1,3,13.535,0,0,-0.13125,0.5,-0.5,0.5,0.5,
1,3,13.537,0,0,-0.13125,0.5,-0.5,0.5,0.5,
1,3,13.539,0,0,-0.13125,0.5,-0.5,0.5,0.5,CourtExit
1,3,13.541,0,0,-0.13125,0.5,-0.5,0.5,0.5,
1,3,13.543,0,0,-0.13125,0.5,-0.5,0.5,0.5,
1,3,13.545,0,0,-0.13125,0.5,-0.5,0.5,0.5,
1,3,13.547,0,0,-0.13125,0.5,-0.5,0.5,0.5,
1,3,13.549,0,0,-0.13125,0.5,-0.5,0.5,0.5,
1,3,13.551,0,0,-0.13125,0.5,-0.5,0.5,0.5,
1,3,13.553,0,0,-0.13125,0.5,-0.5,0.5,0.5,
1,3,13.555,0,0,-0.13125,0.5,-0.5,0.5,0.5,
1,3,13.557,0,0,-0.13125,0.5,-0.5,0.5,0.5,
1,3,13.559,0,0,-0.13125,0.5,-0.5,0.5,0.5,
1,3,13.561,0,0,-0.13125,0.5,-0.5,0.5,0.5,
1,3,13.563,0,0,-0.13125,0.5,-0.5,0.5,0.5,
1,3,13.565,0,0,-0.13125,0.5,-0.5,0.5,0.5,
1,3,13.567,0,0,-0.13125,0.5,-0.5,0.5,0.5,
1,3,13.569,0,0,-0.13125,0.5,-0.5,0.5,0.5,
1,3,13.571,0,0,-0.13125,0.5,-0.5,0.5,0.5,
1,3,13.573,0,0,-0.13125,0.5,-0.5,0.5,0.5,
1,3,13.575,0,0,-0.13125,0.5,-0.5,0.5,0.5,
1,3,13.577,0,0,-0.13125,0.5,-0.5,0.5,0.5,
1,3,13.579,0,0,-0.13125,0.5,-0.5,0.5,0.5,
1,3,13.581,0,0,-0.13125,0.5,-0.5,0.5,0.5,
1,3,13.583,0,0,-0.13125,0.5,-0.5,0.5,0.5,
1,3,13.585,0,0,-0.13125,0.5,-0.5,0.5,0.5,
1,3,13.587,0,0,-0.13125,0.5,-0.5,0.5,0.5,
1,3,13.589,0,0,-0.13125,0.5,-0.5,0.5,0.5,
1,3,13.591,0,0,-0.13125,0.5,-0.5,0.5,0.5,
1,3,13.593,0,0,-0.13125,0.5,-0.5,0.5,0.5,
1,3,13.595,0,0,-0.13125,0.5,-0.5,0.5,0.5,
1,3,13.597,0,0,-0.13125,0.5,-0.5,0.5,0.5,
1,3,13.599,0,0,-0.13125,0.5,-0.5,0.5,0.5,
1,3,13.601,0,0,-0.13125,0.5,-0.5,0.5,0.5,
1,3,13.603,0,0,-0.13125,0.5,-0.5,0.5,0.5,
1,3,13.605,0,0,-0.13125,0.5,-0.5,0.5,0.5,
1,3,13.607,0,0,-0.13125,0.5,-0.5,0.5,0.5,
1,3,13.609,0,0,-0.13125,0.5,-0.5,0.5,0.5,
1,3,13.611,0,0,-0.13125,0.5,-0.5,0.5,0.5,
1,3,13.613,0,0,-0.13125,0.5,-0.5,0.5,0.5,
1,3,13.615,0,0,-0.13125,0.5,-0.5,0.5,0.5,
1,3,13.617,0,0,-0.13125,0.5,-0.5,0.5,0.5,
1,3,13.619,0,0,-0.13125,0.5,-0.5,0.5,0.5,
1,3,13.621,0,0,-0.13125,0.5,-0.5,0.5,0.5,
1,3,13.623,0,0,-0.13125,0.5,-0.5,0.5,0.5,
1,3,13.625,0,0,-0.13125,0.5,-0.5,0.5,0.5,
1,3,13.627,0,0,-0.13125,0.5,-0.5,0.5,0.5,
1,3,13.629,0,0,-0.13125,0.5,-0.5,0.5,0.5,
1,3,13.631,0,0,-0.13125,0.5,-0.5,0.5,0.5,
1,3,13.633,0,0,-0.13125,0.5,-0.5,0.5,0.5,
1,3,13.635,0,0,-0.13125,0.5,-0.5,0.5,0.5,
1,3,13.637,0,0,-0.13125,0.5,-0.5,0.5,0.5,
1,3,13.639,0,0,-0.13125,0.5,-0.5,0.5,0.5,
1,3,13.641,0,0,-0.13125,0.5,-0.5,0.5,0.5,
1,3,13.643,0,0,-0.13125,0.5,-0.5,0.5,0.5,
1,3,13.645,0,0,-0.13125,0.5,-0.5,0.5,0.5,
1,3,13.647,0,0,-0.13125,0.5,-0.5,0.5,0.5,
1,3,13.649,0,0,-0.13125,0.5,-0.5,0.5,0.5,
1,3,13.651,0,0,-0.13125,0.5,-0.5,0.5,0.5,
1,3,13.653,0,0,-0.13125,0.5,-0.5,0.5,0.5,
1,3,13.655,0,0,-0.13125,0.5,-0.5,0.5,0.5,
1,3,13.657,0,0,-0.13125,0.5,-0.5,0.5,0.5,
1,3,13.659,0,0,-0.13125,0.5,-0.5,0.5,0.5,
1,3,13.661,0,0,-0.13125,0.5,-0.5,0.5,0.5,
1,3,13.663,0,0,-0.13125,0.5,-0.5,0.5,0.5,
1,3,13.665,0,0,-0.13125,0.5,-0.5,0.5,0.5,
1,3,13.667,0,0,-0.13125,0.5,-0.5,0.5,0.5,
1,3,13.669,0,0,-0.13125,0.5,-0.5,0.5,0.5,
1,3,13.671,0,0,-0.13125,0.5,-0.5,0.5,0.5,
1,3,13.673,0,0,-0.13125,0.5,-0.5,0.5,0.5,
1,3,13.675,0,0,-0.13125,0.5,-0.5,0.5,0.5,
1,3,13.677,0,0,-0.13125,0.5,-0.5,0.5,0.5,
1,3,13.679,0,0,-0.13125,0.5,-0.5,0.5,0.5,
1,3,13.681,0,0,-0.13125,0.5,-0.5,0.5,0.5,
1,3,13.683,0,0,-0.13125,0.5,-0.5,0.5,0.5,
1,3,13.685,0,0,-0.13125,0.5,-0.5,0.5,0.5,
1,3,13.687,0,0,-0.13125,0.5,-0.5,0.5,0.5,
1,3,13.689,0,0,-0.13125,0.5,-0.5,0.5,0.5,
1,3,13.691,0,0,-0.13125,0.5,-0.5,0.5,0.5,
1,3,13.693,0,0,-0.13125,0.5,-0.5,0.5,0.5,
1,3,13.695,0,0,-0.13125,0.5,-0.5,0.5,0.5,
1,3,13.697,0,0,-0.13125,0.5,-0.5,0.5,0.5,
1,3,13.699,0,0,-0.13125,0.5,-0.5,0.5,0.5,
1,3,13.701,0,0,-0.13125,0.5,-0.5,0.5,0.5,
1,3,13.703,0,0,-0.13125,0.5,-0.5,0.5,0.5,
1,3,13.705,0,0,-0.13125,0.5,-0.5,0.5,0.5,
1,3,13.707,0,0,-0.13125,0.5,-0.5,0.5,0.5,
1,3,13.709,0,0,-0.13125,0.5,-0.5,0.5,0.5,
1,3,13.711,0,0,-0.13125,0.5,-0.5,0.5,0.5,
1,3,13.713,0,0,-0.13125,0.5,-0.5,0.5,0.5,
1,3,13.715,0,0,-0.13125,0.5,-0.5,0.5,0.5,
1,3,13.717,0,0,-0.13125,0.5,-0.5,0.5,0.5,
1,3,13.719,0,0,-0.13125,0.5,-0.5,0.5,0.5,
1,3,13.721,0,0,-0.13125,0.5,-0.5,0.5,0.5,
1,3,13.723,0,0,-0.13125,0.5,-0.5,0.5,0.5,
1,3,13.725,0,0,-0.13125,0.5,-0.5,0.5,0.5,
1,3,13.727,0,0,-0.13125,0.5,-0.5,0.5,0.5,CourtEnter
1,3,13.729,0,0,-0.13125,0.5,-0.5,0.5,0.5,
1,3,13.731,0,0,-0.13125,0.5,-0.5,0.5,0.5,
1,3,13.733,0,0,-0.13125,0.5,-0.5,0.5,0.5,
1,3,13.735,0,0,-0.13125,0.5,-0.5,0.5,0.5,
1,3,13.737,0,0,-0.13125,0.5,-0.5,0.5,0.5,
1,3,13.739,0,0,-0.13125,0.5,-0.5,0.5,0.5,
1,3,13.741,0,0,-0.13125,0.5,-0.5,0.5,0.5,
1,3,13.743,0,0,-0.13125,0.5,-0.5,0.5,0.5,
1,3,13.745,0,0,-0.13125,0.5,-0.5,0.5,0.5,
1,3,13.747,0,0,-0.13125,0.5,-0.5,0.5,0.5,
1,3,13.749,0,0,-0.13125,0.5,-0.5,0.5,0.5,
1,3,13.751,0,0,-0.13125,0.5,-0.5,0.5,0.5,
1,3,13.753,0,0,-0.13125,0.5,-0.5,0.5,0.5,
1,3,13.755,0,0,-0.13125,0.5,-0.5,0.5,0.5,
1,3,13.757,0,0,-0.13125,0.5,-0.5,0.5,0.5,
1,3,13.759,0,0,-0.13125,0.5,-0.5,0.5,0.5,
1,3,13.761,0,0,-0.13125,0.5,-0.5,0.5,0.5,
1,3,13.763,0,0,-0.13125,0.5,-0.5,0.5,0.5,
1,3,13.765,0,0,-0.13125,0.5,-0.5,0.5,0.5,
1,3,13.767,0,0,-0.13125,0.5,-0.5,0.5,0.5,
1,3,13.769,0,0,-0.13125,0.5,-0.5,0.5,0.5,
1,3,13.771,0,0,-0.13125,0.5,-0.5,0.5,0.5,
1,3,13.773,0,0,-0.13125,0.5,-0.5,0.5,0.5,CourtExit
1,3,13.775,0,0,-0.13125,0.5,-0.5,0.5,0.5,
1,3,13.777,0,0,-0.13125,0.5,-0.5,0.5,0.5,
1,3,13.779,0,0,-0.13125,0.5,-0.5,0.5,0.5,
1,3,13.781,0,0,-0.13125,0.5,-0.5,0.5,0.5,
1,3,13.783,0,0,-0.13125,0.5,-0.5,0.5,0.5,
1,3,13.785,0,0,-0.13125,0.5,-0.5,0.5,0.5,
1,3,13.787,0,0,-0.13125,0.5,-0.5,0.5,0.5,
1,3,13.789,0,0,-0.13125,0.5,-0.5,0.5,0.5,
1,3,13.791,0,0,-0.13125,0.5,-0.5,0.5,0.5,
1,3,13.793,0,0,-0.13125,0.5,-0.5,0.5,0.5,
1,3,13.795,0,0,-0.13125,0.5,-0.5,0.5,0.5,
1,3,13.797,0,0,-0.13125,0.5,-0.5,0.5,0.5,
1,3,13.799,0,0,-0.13125,0.5,-0.5,0.5,0.5,
1,3,13.801,0,0,-0.13125,0.5,-0.5,0.5,0.5,
1,3,13.803,0,0,-0.13125,0.5,-0.5,0.5,0.5,
1,3,13.805,0,0,-0.13125,0.5,-0.5,0.5,0.5,
1,3,13.807,0,0,-0.13125,0.5,-0.5,0.5,0.5,
1,3,13.809,0,0,-0.13125,0.5,-0.5,0.5,0.5,
1,3,13.811,0,0,-0.13125,0.5,-0.5,0.5,0.5,
1,3,13.813,0,0,-0.13125,0.5,-0.5,0.5,0.5,
1,3,13.815,0,0,-0.13125,0.5,-0.5,0.5,0.5,
1,3,13.817,0,0,-0.13125,0.5,-0.5,0.5,0.5,
1,3,13.819,0,0,-0.13125,0.5,-0.5,0.5,0.5,
1,3,13.821,0,0,-0.13125,0.5,-0.5,0.5,0.5,
1,3,13.823,0,0,-0.13125,0.5,-0.5,0.5,0.5,
1,3,13.825,0,0,-0.13125,0.5,-0.5,0.5,0.5,
1,3,13.827,0,0,-0.13125,0.5,-0.5,0.5,0.5,
1,3,13.829,0,0,-0.13125,0.5,-0.5,0.5,0.5,
1,3,13.831,0,0,-0.13125,0.5,-0.5,0.5,0.5,
1,3,13.833,0,0,-0.13125,0.5,-0.5,0.5,0.5,
1,3,13.835,0,0,-0.13125,0.5,-0.5,0.5,0.5,
1,3,13.837,0,0,-0.13125,0.5,-0.5,0.5,0.5,
1,3,13.839,0,0,-0.13125,0.5,-0.5,0.5,0.5,
1,3,13.841,0,0,-0.13125,0.5,-0.5,0.5,0.5,
1,3,13.843,0,0,-0.13125,0.5,-0.5,0.5,0.5,
1,3,13.845,0,0,-0.13125,0.5,-0.5,0.5,0.5,
1,3,13.847,0,0,-0.13125,0.5,-0.5,0.5,0.5,
1,3,13.849,0,0,-0.13125,0.5,-0.5,0.5,0.5,
1,3,13.851,0,0,-0.13125,0.5,-0.5,0.5,0.5,
1,3,13.853,0,0,-0.13125,0.5,-0.5,0.5,0.5,
1,3,13.855,0,0,-0.13125,0.5,-0.5,0.5,0.5,
1,3,13.857,0,0,-0.13125,0.5,-0.5,0.5,0.5,
1,3,13.859,0,0,-0.13125,0.5,-0.5,0.5,0.5,
1,3,13.861,0,0,-0.13125,0.5,-0.5,0.5,0.5,
1,3,13.863,0,0,-0.13125,0.5,-0.5,0.5,0.5,
1,3,13.865,0,0,-0.13125,0.5,-0.5,0.5,0.5,
1,3,13.867,0,0,-0.13125,0.5,-0.5,0.5,0.5,
1,3,13.869,0,0,-0.13125,0.5,-0.5,0.5,0.5,
1,3,13.871,0,0,-0.13125,0.5,-0.5,0.5,0.5,
1,3,13.873,0,0,-0.13125,0.5,-0.5,0.5,0.5,
1,3,13.875,0,0,-0.13125,0.5,-0.5,0.5,0.5,
1,3,13.877,0,0,-0.13125,0.5,-0.5,0.5,0.5,
1,3,13.879,0,0,-0.13125,0.5,-0.5,0.5,0.5,
1,3,13.881,0,0,-0.13125,0.5,-0.5,0.5,0.5,
1,3,13.883,0,0,-0.13125,0.5,-0.5,0.5,0.5,
1,3,13.885,0,0,-0.13125,0.5,-0.5,0.5,0.5,
1,3,13.887,0,0,-0.13125,0.5,-0.5,0.5,0.5,
1,3,13.889,0,0,-0.13125,0.5,-0.5,0.5,0.5,
1,3,13.891,0,0,-0.13125,0.5,-0.5,0.5,0.5,
1,3,13.893,0,0,-0.13125,0.5,-0.5,0.5,0.5,CourtEnter
1,3,13.895,0,0,-0.13125,0.5,-0.5,0.5,0.5,
1,3,13.897,0,0,-0.13125,0.5,-0.5,0.5,0.5,
1,3,13.899,0,0,-0.13125,0.5,-0.5,0.5,0.5,
1,3,13.901,0,0,-0.13125,0.5,-0.5,0.5,0.5,
1,3,13.903,0,0,-0.13125,0.5,-0.5,0.5,0.5,
1,3,13.905,0,0,-0.13125,0.5,-0.5,0.5,0.5,
1,3,13.907,0,0,-0.13125,0.5,-0.5,0.5,0.5,
1,3,13.909,0,0,-0.13125,0.5,-0.5,0.5,0.5,
1,3,13.911,0,0,-0.13125,0.5,-0.5,0.5,0.5,
1,3,13.913,0,0,-0.13125,0.5,-0.5,0.5,0.5,
1,3,13.915,0,0,-0.13125,0.5,-0.5,0.5,0.5,
1,3,13.917,0,0,-0.13125,0.5,-0.5,0.5,0.5,
1,3,13.919,0,0,-0.13125,0.5,-0.5,0.5,0.5,
1,3,13.921,0,0,-0.13125,0.5,-0.5,0.5,0.5,
1,3,13.923,0,0,-0.13125,0.5,-0.5,0.5,0.5,
1,3,13.925,0,0,-0.13125,0.5,-0.5,0.5,0.5,
1,3,13.927,0,0,-0.13125,0.5,-0.5,0.5,0.5,
1,3,13.929,0,0,-0.13125,0.5,-0.5,0.5,0.5,
1,3,13.931,0,0,-0.13125,0.5,-0.5,0.5,0.5,
1,3,13.933,0,0,-0.13125,0.5,-0.5,0.5,0.5,
1,3,13.935,0,0,-0.13125,0.5,-0.5,0.5,0.5,
1,3,13.937,0,0,-0.13125,0.5,-0.5,0.5,0.5,
1,3,13.939,0,0,-0.13125,0.5,-0.5,0.5,0.5,
1,3,13.941,0,0,-0.13125,0.5,-0.5,0.5,0.5,
1,3,13.943,0,0,-0.13125,0.5,-0.5,0.5,0.5,
1,3,13.945,0,0,-0.13125,0.5,-0.5,0.5,0.5,
1,3,13.947,0,0,-0.13125,0.5,-0.5,0.5,0.5,
1,3,13.949,0,0,-0.13125,0.5,-0.5,0.5,0.5,
1,3,13.951,0,0,-0.13125,0.5,-0.5,0.5,0.5,
1,3,13.953,0,0,-0.13125,0.5,-0.5,0.5,0.5,
1,3,13.955,0,0,-0.13125,0.5,-0.5,0.5,0.5,
1,3,13.957,0,0,-0.13125,0.5,-0.5,0.5,0.5,
1,3,13.959,0,0,-0.13125,0.5,-0.5,0.5,0.5,
1,3,13.961,0,0,-0.13125,0.5,-0.5,0.5,0.5,
1,3,13.963,0,0,-0.13125,0.5,-0.5,0.5,0.5,
1,3,13.965,0,0,-0.13125,0.5,-0.5,0.5,0.5,CourtExit
1,3,13.967,0,0,-0.13125,0.5,-0.5,0.5,0.5,
1,3,13.969,0,0,-0.13125,0.5,-0.5,0.5,0.5,
1,3,13.971,0,0,-0.13125,0.5,-0.5,0.5,0.5,
1,3,13.973,0,0,-0.13125,0.5,-0.5,0.5,0.5,
1,3,13.975,0,0,-0.13125,0.5,-0.5,0.5,0.5,
1,3,13.977,0,0,-0.13125,0.5,-0.5,0.5,0.5,
1,3,13.979,0,0,-0.13125,0.5,-0.5,0.5,0.5,
1,3,13.981,0,0,-0.13125,0.5,-0.5,0.5,0.5,
1,3,13.983,0,0,-0.13125,0.5,-0.5,0.5,0.5,
1,3,13.985,0,0,-0.13125,0.5,-0.5,0.5,0.5,
1,3,13.987,0,0,-0.13125,0.5,-0.5,0.5,0.5,
1,3,13.989,0,0,-0.13125,0.5,-0.5,0.5,0.5,
1,3,13.991,0,0,-0.13125,0.5,-0.5,0.5,0.5,
1,3,13.993,0,0,-0.13125,0.5,-0.5,0.5,0.5,
1,3,13.995,0,0,-0.13125,0.5,-0.5,0.5,0.5,
1,3,13.997,0,0,-0.13125,0.5,-0.5,0.5,0.5,
1,3,13.999,0,0,-0.13125,0.5,-0.5,0.5,0.5,
1,3,14.001,0,0,-0.13125,0.5,-0.5,0.5,0.5,
1,3,14.003,0,0,-0.13125,0.5,-0.5,0.5,0.5,
1,3,14.005,0,0,-0.13125,0.5,-0.5,0.5,0.5,
1,3,14.007,0,0,-0.13125,0.5,-0.5,0.5,0.5,
1,3,14.009,0,0,-0.13125,0.5,-0.5,0.5,0.5,
1,3,14.011,0,0,-0.13125,0.5,-0.5,0.5,0.5,
1,3,14.013,0,0,-0.13125,0.5,-0.5,0.5,0.5,CourtEnter
1,3,14.015,0,0,-0.13125,0.5,-0.5,0.5,0.5,
1,3,14.017,0,0,-0.13125,0.5,-0.5,0.5,0.5,
1,3,14.019,0,0,-0.13125,0.5,-0.5,0.5,0.5,
1,3,14.021,0,0,-0.13125,0.5,-0.5,0.5,0.5,
1,3,14.023,0,0,-0.13125,0.5,-0.5,0.5,0.5,
1,3,14.025,0,0,-0.13125,0.5,-0.5,0.5,0.5,
1,3,14.027,0,0,-0.13125,0.5,-0.5,0.5,0.5,
1,3,14.029,0,0,-0.13125,0.5,-0.5,0.5,0.5,
1,3,14.031,0,0,-0.13125,0.5,-0.5,0.5,0.5,
1,3,14.033,0,0,-0.13125,0.5,-0.5,0.5,0.5,
1,3,14.035,0,0,-0.13125,0.5,-0.5,0.5,0.5,
1,3,14.037,0,0,-0.13125,0.5,-0.5,0.5,0.5,
1,3,14.039,0,0,-0.13125,0.5,-0.5,0.5,0.5,
1,3,14.041,0,0,-0.13125,0.5,-0.5,0.5,0.5,
1,3,14.043,0,0,-0.13125,0.5,-0.5,0.5,0.5,
1,3,14.045,0,0,-0.13125,0.5,-0.5,0.5,0.5,
1,3,14.047,0,0,-0.13125,0.5,-0.5,0.5,0.5,
1,3,14.049,0,0,-0.13125,0.5,-0.5,0.5,0.5,
1,3,14.051,0,0,-0.13125,0.5,-0.5,0.5,0.5,
1,3,14.053,0,0,-0.13125,0.5,-0.5,0.5,0.5,
1,3,14.055,0,0,-0.13125,0.5,-0.5,0.5,0.5,
1,3,14.057,0,0,-0.13125,0.5,-0.5,0.5,0.5,
1,3,14.059,0,0,-0.13125,0.5,-0.5,0.5,0.5,
1,3,14.061,0,0,-0.13125,0.5,-0.5,0.5,0.5,
1,3,14.063,0,0,-0.13125,0.5,-0.5,0.5,0.5,
1,3,14.065,0,0,-0.13125,0.5,-0.5,0.5,0.5,
1,3,14.067,0,0,-0.13125,0.5,-0.5,0.5,0.5,
1,3,14.069,0,0,-0.13125,0.5,-0.5,0.5,0.5,
1,3,14.071,0,0,-0.13125,0.5,-0.5,0.5,0.5,
1,3,14.073,0,0,-0.13125,0.5,-0.5,0.5,0.5,
1,3,14.075,0,0,-0.13125,0.5,-0.5,0.5,0.5,
1,3,14.077,0,0,-0.13125,0.5,-0.5,0.5,0.5,
1,3,14.079,0,0,-0.13125,0.5,-0.5,0.5,0.5,
1,3,14.081,0,0,-0.13125,0.5,-0.5,0.5,0.5,
1,3,14.083,0,0,-0.13125,0.5,-0.5,0.5,0.5,
1,3,14.085,0,0,-0.13125,0.5,-0.5,0.5,0.5,
1,3,14.087,0,0,-0.13125,0.5,-0.5,0.5,0.5,
1,3,14.089,0,0,-0.13125,0.5,-0.5,0.5,0.5,
1,3,14.091,0,0,-0.13125,0.5,-0.5,0.5,0.5,
1,3,14.093,0,0,-0.13125,0.5,-0.5,0.5,0.5,
1,3,14.095,0,0,-0.13125,0.5,-0.5,0.5,0.5,
1,3,14.097,0,0,-0.13125,0.5,-0.5,0.5,0.5,
1,3,14.099,0,0,-0.13125,0.5,-0.5,0.5,0.5,
1,3,14.101,0,0,-0.13125,0.5,-0.5,0.5,0.5,
1,3,14.103,0,0,-0.13125,0.5,-0.5,0.5,0.5,
1,3,14.105,0,0,-0.13125,0.5,-0.5,0.5,0.5,
1,3,14.107,0,0,-0.13125,0.5,-0.5,0.5,0.5,
1,3,14.109,0,0,-0.13125,0.5,-0.5,0.5,0.5,
1,3,14.111,0,0,-0.13125,0.5,-0.5,0.5,0.5,
1,3,14.113,0,0,-0.13125,0.5,-0.5,0.5,0.5,
1,3,14.115,0,0,-0.13125,0.5,-0.5,0.5,0.5,
1,3,14.117,0,0,-0.13125,0.5,-0.5,0.5,0.5,
1,3,14.119,0,0,-0.13125,0.5,-0.5,0.5,0.5,
1,3,14.121,0,0,-0.13125,0.5,-0.5,0.5,0.5,
1,3,14.123,0,0,-0.13125,0.5,-0.5,0.5,0.5,
1,3,14.125,0,0,-0.13125,0.5,-0.5,0.5,0.5,
1,3,14.127,0,0,-0.13125,0.5,-0.5,0.5,0.5,
1,3,14.129,0,0,-0.13125,0.5,-0.5,0.5,0.5,
1,3,14.131,0,0,-0.13125,0.5,-0.5,0.5,0.5,
1,3,14.133,0,0,-0.13125,0.5,-0.5,0.5,0.5,
1,3,14.135,0,0,-0.13125,0.5,-0.5,0.5,0.5,
1,3,14.137,0,0,-0.13125,0.5,-0.5,0.5,0.5,
1,3,14.139,0,0,-0.13125,0.5,-0.5,0.5,0.5,
1,3,14.141,0,0,-0.13125,0.5,-0.5,0.5,0.5,
1,3,14.143,0,0,-0.13125,0.5,-0.5,0.5,0.5,
1,3,14.145,0,0,-0.13125,0.5,-0.5,0.5,0.5,
1,3,14.147,0,0,-0.13125,0.5,-0.5,0.5,0.5,
1,3,14.149,0,0,-0.13125,0.5,-0.5,0.5,0.5,
1,3,14.151,0,0,-0.13125,0.5,-0.5,0.5,0.5,
1,3,14.153,0,0,-0.13125,0.5,-0.5,0.5,0.5,
1,3,14.155,0,0,-0.13125,0.5,-0.5,0.5,0.5,
1,3,14.157,0,0,-0.13125,0.5,-0.5,0.5,0.5,
1,3,14.159,0,0,-0.13125,0.5,-0.5,0.5,0.5,
1,3,14.161,0,0,-0.13125,0.5,-0.5,0.5,0.5,
1,3,14.163,0,0,-0.13125,0.5,-0.5,0.5,0.5,
1,3,14.165,0,0,-0.13125,0.5,-0.5,0.5,0.5,
1,3,14.167,0,0,-0.13125,0.5,-0.5,0.5,0.5,
1,3,14.169,0,0,-0.13125,0.5,-0.5,0.5,0.5,
1,3,14.171,0,0,-0.13125,0.5,-0.5,0.5,0.5,
1,3,14.173,0,0,-0.13125,0.5,-0.5,0.5,0.5,
1,3,14.175,0,0,-0.13125,0.5,-0.5,0.5,0.5,
1,3,14.177,0,0,-0.13125,0.5,-0.5,0.5,0.5,
1,3,14.179,0,0,-0.13125,0.5,-0.5,0.5,0.5,
1,3,14.181,0,0,-0.13125,0.5,-0.5,0.5,0.5,
1,3,14.183,0,0,-0.13125,0.5,-0.5,0.5,0.5,
1,3,14.185,0,0,-0.13125,0.5,-0.5,0.5,0.5,
1,3,14.187,0,0,-0.13125,0.5,-0.5,0.5,0.5,
1,3,14.189,0,0,-0.13125,0.5,-0.5,0.5,0.5,
1,3,14.191,0,0,-0.13125,0.5,-0.5,0.5,0.5,
1,3,14.193,0,0,-0.13125,0.5,-0.5,0.5,0.5,
1,3,14.195,0,0,-0.13125,0.5,-0.5,0.5,0.5,
1,3,14.197,0,0,-0.13125,0.5,-0.5,0.5,0.5,
1,3,14.199,0,0,-0.13125,0.5,-0.5,0.5,0.5,
1,3,14.201,0,0,-0.13125,0.5,-0.5,0.5,0.5,
1,3,14.203,0,0,-0.13125,0.5,-0.5,0.5,0.5,
1,3,14.205,0,0,-0.13125,0.5,-0.5,0.5,0.5,
1,3,14.207,0,0,-0.13125,0.5,-0.5,0.5,0.5,
1,3,14.209,0,0,-0.13125,0.5,-0.5,0.5,0.5,
1,3,14.211,0,0,-0.13125,0.5,-0.5,0.5,0.5,
1,3,14.213,0,0,-0.13125,0.5,-0.5,0.5,0.5,
1,3,14.215,0,0,-0.13125,0.5,-0.5,0.5,0.5,
1,3,14.217,0,0,-0.13125,0.5,-0.5,0.5,0.5,
1,3,14.219,0,0,-0.13125,0.5,-0.5,0.5,0.5,
1,3,14.221,0,0,-0.13125,0.5,-0.5,0.5,0.5,
1,3,14.223,0,0,-0.13125,0.5,-0.5,0.5,0.5,
1,3,14.225,0,0,-0.13125,0.5,-0.5,0.5,0.5,
1,3,14.227,0,0,-0.13125,0.5,-0.5,0.5,0.5,
1,3,14.229,0,0,-0.13125,0.5,-0.5,0.5,0.5,
1,3,14.231,0,0,-0.13125,0.5,-0.5,0.5,0.5,
1,3,14.233,0,0,-0.13125,0.5,-0.5,0.5,0.5,
1,3,14.235,0,0,-0.13125,0.5,-0.5,0.5,0.5,
1,3,14.237,0,0,-0.13125,0.5,-0.5,0.5,0.5,
1,3,14.239,0,0,-0.13125,0.5,-0.5,0.5,0.5,
1,3,14.241,0,0,-0.13125,0.5,-0.5,0.5,0.5,
1,3,14.243,0,0,-0.13125,0.5,-0.5,0.5,0.5,
1,3,14.245,0,0,-0.13125,0.5,-0.5,0.5,0.5,
1,3,14.247,0,0,-0.13125,0.5,-0.5,0.5,0.5,
1,3,14.249,0,0,-0.13125,0.5,-0.5,0.5,0.5,
1,3,14.251,0,0,-0.13125,0.5,-0.5,0.5,0.5,
1,3,14.253,0,0,-0.13125,0.5,-0.5,0.5,0.5,
1,3,14.255,0,0,-0.13125,0.5,-0.5,0.5,0.5,
1,3,14.257,0,0,-0.13125,0.5,-0.5,0.5,0.5,
1,3,14.259,0,0,-0.13125,0.5,-0.5,0.5,0.5,
1,3,14.261,0,0,-0.13125,0.5,-0.5,0.5,0.5,
1,3,14.263,0,0,-0.13125,0.5,-0.5,0.5,0.5,
1,3,14.265,0,0,-0.13125,0.5,-0.5,0.5,0.5,
1,3,14.267,0,0,-0.13125,0.5,-0.5,0.5,0.5,
1,3,14.269,0,0,-0.13125,0.5,-0.5,0.5,0.5,
1,3,14.271,0,0,-0.13125,0.5,-0.5,0.5,0.5,
1,3,14.273,0,0,-0.13125,0.5,-0.5,0.5,0.5,
1,3,14.275,0,0,-0.13125,0.5,-0.5,0.5,0.5,
1,3,14.277,0,0,-0.13125,0.5,-0.5,0.5,0.5,
1,3,14.279,0,0,-0.13125,0.5,-0.5,0.5,0.5,
1,3,14.281,0,0,-0.13125,0.5,-0.5,0.5,0.5,
1,3,14.283,0,0,-0.13125,0.5,-0.5,0.5,0.5,
1,3,14.285,0,0,-0.13125,0.5,-0.5,0.5,0.5,
1,3,14.287,0,0,-0.13125,0.5,-0.5,0.5,0.5,
1,3,14.289,0,0,-0.13125,0.5,-0.5,0.5,0.5,
1,3,14.291,0,0,-0.13125,0.5,-0.5,0.5,0.5,
1,3,14.293,0,0,-0.13125,0.5,-0.5,0.5,0.5,
1,3,14.295,0,0,-0.13125,0.5,-0.5,0.5,0.5,
1,3,14.297,0,0,-0.13125,0.5,-0.5,0.5,0.5,
1,3,14.299,0,0,-0.13125,0.5,-0.5,0.5,0.5,
1,3,14.301,0,0,-0.13125,0.5,-0.5,0.5,0.5,
1,3,14.303,0,0,-0.13125,0.5,-0.5,0.5,0.5,
1,3,14.305,0,0,-0.13125,0.5,-0.5,0.5,0.5,
1,3,14.307,0,0,-0.13125,0.5,-0.5,0.5,0.5,
1,3,14.309,0,0,-0.13125,0.5,-0.5,0.5,0.5,
1,3,14.311,0,0,-0.13125,0.5,-0.5,0.5,0.5,
1,3,14.313,0,0,-0.13125,0.5,-0.5,0.5,0.5,
1,3,14.315,0,0,-0.13125,0.5,-0.5,0.5,0.5,
1,3,14.317,0,0,-0.13125,0.5,-0.5,0.5,0.5,
1,3,14.319,0,0,-0.13125,0.5,-0.5,0.5,0.5,
1,3,14.321,0,0,-0.13125,0.5,-0.5,0.5,0.5,
1,3,14.323,0,0,-0.13125,0.5,-0.5,0.5,0.5,
1,3,14.325,0,0,-0.13125,0.5,-0.5,0.5,0.5,
1,3,14.327,0,0,-0.13125,0.5,-0.5,0.5,0.5,
1,3,14.329,0,0,-0.13125,0.5,-0.5,0.5,0.5,
1,3,14.331,0,0,-0.13125,0.5,-0.5,0.5,0.5,
1,3,14.333,0,0,-0.13125,0.5,-0.5,0.5,0.5,
1,3,14.335,0,0,-0.13125,0.5,-0.5,0.5,0.5,
1,4,14.337,0,0,-0.13125,0.5,-0.5,0.5,0.5,TrialStart
1,4,14.339,0,0,-0.13125,0.5,-0.5,0.5,0.5,
1,4,14.341,0,0,-0.13125,0.5,-0.5,0.5,0.5,
1,4,14.343,0,0,-0.13125,0.5,-0.5,0.5,0.5,
1,4,14.345,0,0,-0.13125,0.5,-0.5,0.5,0.5,
1,4,14.347,0,0,-0.13125,0.5,-0.5,0.5,0.5,
1,4,14.349,0,0,-0.13125,0.5,-0.5,0.5,0.5,
1,4,14.351,0,0,-0.13125,0.5,-0.5,0.5,0.5,
1,4,14.353,0,0,-0.13125,0.5,-0.5,0.5,0.5,
1,4,14.355,0,0,-0.13125,0.5,-0.5,0.5,0.5,
1,4,14.357,0,0,-0.13125,0.5,-0.5,0.5,0.5,
1,4,14.359,0,0,-0.13125,0.5,-0.5,0.5,0.5,
1,4,14.361,0,0,-0.13125,0.5,-0.5,0.5,0.5,
1,4,14.363,0,0,-0.13125,0.5,-0.5,0.5,0.5,
1,4,14.365,0,0,-0.13125,0.5,-0.5,0.5,0.5,
1,4,14.367,0,0,-0.13125,0.5,-0.5,0.5,0.5,
1,4,14.369,0,0,-0.13125,0.5,-0.5,0.5,0.5,
1,4,14.371,0,0,-0.13125,0.5,-0.5,0.5,0.5,
1,4,14.373,0,0,-0.13125,0.5,-0.5,0.5,0.5,
1,4,14.375,0,0,-0.13125,0.5,-0.5,0.5,0.5,
1,4,14.377,0,0,-0.13125,0.5,-0.5,0.5,0.5,
1,4,14.379,0,0,-0.13125,0.5,-0.5,0.5,0.5,
1,4,14.381,0,0,-0.13125,0.5,-0.5,0.5,0.5,
1,4,14.383,0,0,-0.13125,0.5,-0.5,0.5,0.5,
1,4,14.385,0,0,-0.13125,0.5,-0.5,0.5,0.5,
1,4,14.387,0,0,-0.13125,0.5,-0.5,0.5,0.5,
1,4,14.389,0,0,-0.13125,0.5,-0.5,0.5,0.5,
1,4,14.391,0,0,-0.13125,0.5,-0.5,0.5,0.5,
1,4,14.393,0,0,-0.13125,0.5,-0.5,0.5,0.5,
1,4,14.395,0,0,-0.13125,0.5,-0.5,0.5,0.5,
1,4,14.397,0,0,-0.13125,0.5,-0.5,0.5,0.5,
1,4,14.399,0,0,-0.13125,0.5,-0.5,0.5,0.5,
1,4,14.401,0,0,-0.13125,0.5,-0.5,0.5,0.5,
1,4,14.403,0,0,-0.13125,0.5,-0.5,0.5,0.5,
1,4,14.405,0,0,-0.13125,0.5,-0.5,0.5,0.5,
1,4,14.407,0,0,-0.13125,0.5,-0.5,0.5,0.5,
1,4,14.409,0,0,-0.13125,0.5,-0.5,0.5,0.5,
1,4,14.411,0,0,-0.13125,0.5,-0.5,0.5,0.5,
1,4,14.413,0,0,-0.13125,0.5,-0.5,0.5,0.5,
1,4,14.415,0,0,-0.13125,0.5,-0.5,0.5,0.5,
1,4,14.417,0,0,-0.13125,0.5,-0.5,0.5,0.5,
1,4,14.419,0,0,-0.13125,0.5,-0.5,0.5,0.5,
1,4,14.421,0,0,-0.13125,0.5,-0.5,0.5,0.5,
1,4,14.423,0,0,-0.13125,0.5,-0.5,0.5,0.5,
1,4,14.425,0,0,-0.13125,0.5,-0.5,0.5,0.5,
1,4,14.427,0,0,-0.13125,0.5,-0.5,0.5,0.5,
1,4,14.429,0,0,-0.13125,0.5,-0.5,0.5,0.5,
1,4,14.431,0,0,-0.13125,0.5,-0.5,0.5,0.5,
1,4,14.433,0,0,-0.13125,0.5,-0.5,0.5,0.5,
1,4,14.435,0,0,-0.13125,0.5,-0.5,0.5,0.5,
1,4,14.437,0,0,-0.13125,0.5,-0.5,0.5,0.5,
1,4,14.439,0,0,-0.13125,0.5,-0.5,0.5,0.5,
1,4,14.441,0,0,-0.13125,0.5,-0.5,0.5,0.5,
1,4,14.443,0,0,-0.13125,0.5,-0.5,0.5,0.5,
1,4,14.445,0,0,-0.13125,0.5,-0.5,0.5,0.5,
1,4,14.447,0,0,-0.13125,0.5,-0.5,0.5,0.5,
1,4,14.449,0,0,-0.13125,0.5,-0.5,0.5,0.5,
1,4,14.451,0,0,-0.13125,0.5,-0.5,0.5,0.5,
1,4,14.453,0,0,-0.13125,0.5,-0.5,0.5,0.5,
1,4,14.455,0,0,-0.13125,0.5,-0.5,0.5,0.5,
1,4,14.457,0,0,-0.13125,0.5,-0.5,0.5,0.5,
1,4,14.459,0,0,-0.13125,0.5,-0.5,0.5,0.5,
1,4,14.461,0,0,-0.13125,0.5,-0.5,0.5,0.5,
1,4,14.463,0,0,-0.13125,0.5,-0.5,0.5,0.5,
1,4,14.465,0,0,-0.13125,0.5,-0.5,0.5,0.5,
1,4,14.467,0,0,-0.13125,0.5,-0.5,0.5,0.5,
1,4,14.469,0,0,-0.13125,0.5,-0.5,0.5,0.5,
1,4,14.471,0,0,-0.13125,0.5,-0.5,0.5,0.5,
1,4,14.473,0,0,-0.13125,0.5,-0.5,0.5,0.5,
1,4,14.475,0,0,-0.13125,0.5,-0.5,0.5,0.5,
1,4,14.477,0,0,-0.13125,0.5,-0.5,0.5,0.5,
1,4,14.479,0,0,-0.13125,0.5,-0.5,0.5,0.5,
1,4,14.481,0,0,-0.13125,0.5,-0.5,0.5,0.5,
1,4,14.483,0,0,-0.13125,0.5,-0.5,0.5,0.5,
1,4,14.485,0,0,-0.13125,0.5,-0.5,0.5,0.5,
1,4,14.487,0,0,-0.13125,0.5,-0.5,0.5,0.5,
1,4,14.489,0,0,-0.13125,0.5,-0.5,0.5,0.5,
1,4,14.491,0,0,-0.13125,0.5,-0.5,0.5,0.5,
1,4,14.493,0,0,-0.13125,0.5,-0.5,0.5,0.5,
1,4,14.495,0,0,-0.13125,0.5,-0.5,0.5,0.5,
1,4,14.497,0,0,-0.13125,0.5,-0.5,0.5,0.5,
1,4,14.499,0,0,-0.13125,0.5,-0.5,0.5,0.5,
1,4,14.501,0,0,-0.13125,0.5,-0.5,0.5,0.5,
1,4,14.503,0,0,-0.13125,0.5,-0.5,0.5,0.5,
1,4,14.505,0,0,-0.13125,0.5,-0.5,0.5,0.5,
1,4,14.507,0,0,-0.13125,0.5,-0.5,0.5,0.5,
1,4,14.509,0,0,-0.13125,0.5,-0.5,0.5,0.5,
1,4,14.511,0,0,-0.13125,0.5,-0.5,0.5,0.5,
1,4,14.513,0,0,-0.13125,0.5,-0.5,0.5,0.5,
1,4,14.515,0,0,-0.13125,0.5,-0.5,0.5,0.5,
1,4,14.517,0,0,-0.13125,0.5,-0.5,0.5,0.5,
1,4,14.519,0,0,-0.13125,0.5,-0.5,0.5,0.5,
1,4,14.521,0,0,-0.13125,0.5,-0.5,0.5,0.5,
1,4,14.523,0,0,-0.13125,0.5,-0.5,0.5,0.5,
1,4,14.525,0,0,-0.13125,0.5,-0.5,0.5,0.5,
1,4,14.527,0,0,-0.13125,0.5,-0.5,0.5,0.5,
1,4,14.529,0,0,-0.13125,0.5,-0.5,0.5,0.5,
1,4,14.531,0,0,-0.13125,0.5,-0.5,0.5,0.5,
1,4,14.533,0,0,-0.13125,0.5,-0.5,0.5,0.5,
1,4,14.535,0,0,-0.13125,0.5,-0.5,0.5,0.5,
1,4,14.537,0,0,-0.13125,0.5,-0.5,0.5,0.5,
1,4,14.539,0,0,-0.13125,0.5,-0.5,0.5,0.5,
1,4,14.541,0,0,-0.13125,0.5,-0.5,0.5,0.5,
1,4,14.543,0,0,-0.13125,0.5,-0.5,0.5,0.5,
1,4,14.545,0,0,-0.13125,0.5,-0.5,0.5,0.5,
1,4,14.547,0,0,-0.13125,0.5,-0.5,0.5,0.5,
1,4,14.549,0,0,-0.13125,0.5,-0.5,0.5,0.5,
1,4,14.551,0,0,-0.13125,0.5,-0.5,0.5,0.5,
1,4,14.553,0,0,-0.13125,0.5,-0.5,0.5,0.5,
1,4,14.555,0,0,-0.13125,0.5,-0.5,0.5,0.5,
1,4,14.557,0,0,-0.13125,0.5,-0.5,0.5,0.5,
1,4,14.559,0,0,-0.13125,0.5,-0.5,0.5,0.5,
1,4,14.561,0,0,-0.13125,0.5,-0.5,0.5,0.5,
1,4,14.563,0,0,-0.13125,0.5,-0.5,0.5,0.5,
1,4,14.565,0,0,-0.13125,0.5,-0.5,0.5,0.5,
1,4,14.567,0,0,-0.13125,0.5,-0.5,0.5,0.5,
1,4,14.569,0,0,-0.13125,0.5,-0.5,0.5,0.5,
1,4,14.571,0,0,-0.13125,0.5,-0.5,0.5,0.5,
1,4,14.573,0,0,-0.13125,0.5,-0.5,0.5,0.5,
1,4,14.575,0,0,-0.13125,0.5,-0.5,0.5,0.5,
1,4,14.577,0,0,-0.13125,0.5,-0.5,0.5,0.5,
1,4,14.579,0,0,-0.13125,0.5,-0.5,0.5,0.5,
1,4,14.581,0,0,-0.13125,0.5,-0.5,0.5,0.5,
1,4,14.583,0,0,-0.13125,0.5,-0.5,0.5,0.5,
1,4,14.585,0,0,-0.13125,0.5,-0.5,0.5,0.5,
1,4,14.587,0,0,-0.13125,0.5,-0.5,0.5,0.5,
1,4,14.589,0,0,-0.13125,0.5,-0.5,0.5,0.5,
1,4,14.591,0,0,-0.13125,0.5,-0.5,0.5,0.5,
1,4,14.593,0,0,-0.13125,0.5,-0.5,0.5,0.5,
1,4,14.595,0,0,-0.13125,0.5,-0.5,0.5,0.5,
1,4,14.597,0,0,-0.13125,0.5,-0.5,0.5,0.5,
1,4,14.599,0,0,-0.13125,0.5,-0.5,0.5,0.5,
1,4,14.601,0,0,-0.13125,0.5,-0.5,0.5,0.5,
1,4,14.603,0,0,-0.13125,0.5,-0.5,0.5,0.5,
1,4,14.605,0,0,-0.13125,0.5,-0.5,0.5,0.5,
1,4,14.607,0,0,-0.13125,0.5,-0.5,0.5,0.5,
1,4,14.609,0,0,-0.13125,0.5,-0.5,0.5,0.5,
1,4,14.611,0,0,-0.13125,0.5,-0.5,0.5,0.5,
1,4,14.613,0,0,-0.13125,0.5,-0.5,0.5,0.5,
1,4,14.615,0,0,-0.13125,0.5,-0.5,0.5,0.5,
1,4,14.617,0,0,-0.13125,0.5,-0.5,0.5,0.5,
1,4,14.619,0,0,-0.13125,0.5,-0.5,0.5,0.5,
1,4,14.621,0,0,-0.13125,0.5,-0.5,0.5,0.5,
1,4,14.623,0,0,-0.13125,0.5,-0.5,0.5,0.5,
1,4,14.625,0,0,-0.13125,0.5,-0.5,0.5,0.5,
1,4,14.627,0,0,-0.13125,0.5,-0.5,0.5,0.5,
1,4,14.629,0,0,-0.13125,0.5,-0.5,0.5,0.5,
1,4,14.631,0,0,-0.13125,0.5,-0.5,0.5,0.5,
1,4,14.633,0,0,-0.13125,0.5,-0.5,0.5,0.5,
1,4,14.635,0,0,-0.13125,0.5,-0.5,0.5,0.5,
1,4,14.637,0,0,-0.13125,0.5,-0.5,0.5,0.5,
1,4,14.639,0,0,-0.13125,0.5,-0.5,0.5,0.5,
1,4,14.641,0,0,-0.13125,0.5,-0.5,0.5,0.5,
1,4,14.643,0,0,-0.13125,0.5,-0.5,0.5,0.5,
1,4,14.645,0,0,-0.13125,0.5,-0.5,0.5,0.5,
1,4,14.647,0,0,-0.13125,0.5,-0.5,0.5,0.5,
1,4,14.649,0,0,-0.13125,0.5,-0.5,0.5,0.5,
1,4,14.651,0,0,-0.13125,0.5,-0.5,0.5,0.5,
1,4,14.653,0,0,-0.13125,0.5,-0.5,0.5,0.5,
1,4,14.655,0,0,-0.13125,0.5,-0.5,0.5,0.5,
1,4,14.657,0,0,-0.13125,0.5,-0.5,0.5,0.5,
1,4,14.659,0,0,-0.13125,0.5,-0.5,0.5,0.5,
1,4,14.661,0,0,-0.13125,0.5,-0.5,0.5,0.5,
1,4,14.663,0,0,-0.13125,0.5,-0.5,0.5,0.5,
1,4,14.665,0,0,-0.13125,0.5,-0.5,0.5,0.5,
1,4,14.667,0,0,-0.13125,0.5,-0.5,0.5,0.5,
1,4,14.669,0,0,-0.13125,0.5,-0.5,0.5,0.5,
1,4,14.671,0,0,-0.13125,0.5,-0.5,0.5,0.5,
1,4,14.673,0,0,-0.13125,0.5,-0.5,0.5,0.5,
1,4,14.675,0,0,-0.13125,0.5,-0.5,0.5,0.5,
1,4,14.677,0,0,-0.13125,0.5,-0.5,0.5,0.5,
1,4,14.679,0,0,-0.13125,0.5,-0.5,0.5,0.5,
1,4,14.681,0,0,-0.13125,0.5,-0.5,0.5,0.5,
1,4,14.683,0,0,-0.13125,0.5,-0.5,0.5,0.5,
1,4,14.685,0,0,-0.13125,0.5,-0.5,0.5,0.5,
1,4,14.687,0,0,-0.13125,0.5,-0.5,0.5,0.5,
1,4,14.689,0,0,-0.13125,0.5,-0.5,0.5,0.5,
1,4,14.691,0,0,-0.13125,0.5,-0.5,0.5,0.5,
1,4,14.693,0,0,-0.13125,0.5,-0.5,0.5,0.5,
1,4,14.695,0,0,-0.13125,0.5,-0.5,0.5,0.5,
1,4,14.697,0,0,-0.13125,0.5,-0.5,0.5,0.5,
1,4,14.699,0,0,-0.13125,0.5,-0.5,0.5,0.5,
1,4,14.701,0,0,-0.13125,0.5,-0.5,0.5,0.5,
1,4,14.703,0,0,-0.13125,0.5,-0.5,0.5,0.5,
1,4,14.705,0,0,-0.13125,0.5,-0.5,0.5,0.5,
1,4,14.707,0,0,-0.13125,0.5,-0.5,0.5,0.5,
1,4,14.709,0,0,-0.13125,0.5,-0.5,0.5,0.5,
1,4,14.711,0,0,-0.13125,0.5,-0.5,0.5,0.5,
1,4,14.713,0,0,-0.13125,0.5,-0.5,0.5,0.5,
1,4,14.715,0,0,-0.13125,0.5,-0.5,0.5,0.5,
1,4,14.717,0,0,-0.13125,0.5,-0.5,0.5,0.5,
1,4,14.719,0,0,-0.13125,0.5,-0.5,0.5,0.5,
1,4,14.721,0,0,-0.13125,0.5,-0.5,0.5,0.5,
1,4,14.723,0,0,-0.13125,0.5,-0.5,0.5,0.5,
1,4,14.725,0,0,-0.13125,0.5,-0.5,0.5,0.5,
1,4,14.727,0,0,-0.13125,0.5,-0.5,0.5,0.5,
1,4,14.729,0,0,-0.13125,0.5,-0.5,0.5,0.5,
1,4,14.731,0,0,-0.13125,0.5,-0.5,0.5,0.5,
1,4,14.733,0,0,-0.13125,0.5,-0.5,0.5,0.5,
1,4,14.735,0,0,-0.13125,0.5,-0.5,0.5,0.5,
1,4,14.737,0,0,-0.13125,0.5,-0.5,0.5,0.5,
1,4,14.739,0,0,-0.13125,0.5,-0.5,0.5,0.5,
1,4,14.741,0,0,-0.13125,0.5,-0.5,0.5,0.5,
1,4,14.743,0,0,-0.13125,0.5,-0.5,0.5,0.5,
1,4,14.745,0,0,-0.13125,0.5,-0.5,0.5,0.5,
1,4,14.747,0,0,-0.13125,0.5,-0.5,0.5,0.5,
1,4,14.749,0,0,-0.13125,0.5,-0.5,0.5,0.5,
1,4,14.751,0,0,-0.13125,0.5,-0.5,0.5,0.5,
1,4,14.753,0,0,-0.13125,0.5,-0.5,0.5,0.5,
1,4,14.755,0,0,-0.13125,0.5,-0.5,0.5,0.5,
1,4,14.757,0,0,-0.13125,0.5,-0.5,0.5,0.5,
1,4,14.759,0,0,-0.13125,0.5,-0.5,0.5,0.5,
1,4,14.761,0,0,-0.13125,0.5,-0.5,0.5,0.5,
1,4,14.763,0,0,-0.13125,0.5,-0.5,0.5,0.5,
1,4,14.765,0,0,-0.13125,0.5,-0.5,0.5,0.5,
1,4,14.767,0,0,-0.13125,0.5,-0.5,0.5,0.5,
1,4,14.769,0,0,-0.13125,0.5,-0.5,0.5,0.5,
1,4,14.771,0,0,-0.13125,0.5,-0.5,0.5,0.5,
1,4,14.773,0,0,-0.13125,0.5,-0.5,0.5,0.5,
1,4,14.775,0,0,-0.13125,0.5,-0.5,0.5,0.5,
1,4,14.777,0,0,-0.13125,0.5,-0.5,0.5,0.5,
1,4,14.779,0,0,-0.13125,0.5,-0.5,0.5,0.5,
1,4,14.781,0,0,-0.13125,0.5,-0.5,0.5,0.5,
1,4,14.783,0,0,-0.13125,0.5,-0.5,0.5,0.5,
1,4,14.785,0,0,-0.13125,0.5,-0.5,0.5,0.5,
1,4,14.787,0,0,-0.13125,0.5,-0.5,0.5,0.5,
1,4,14.789,0,0,-0.13125,0.5,-0.5,0.5,0.5,
1,4,14.791,0,0,-0.13125,0.5,-0.5,0.5,0.5,
1,4,14.793,0,0,-0.13125,0.5,-0.5,0.5,0.5,
1,4,14.795,0,0,-0.13125,0.5,-0.5,0.5,0.5,
1,4,14.797,0,0,-0.13125,0.5,-0.5,0.5,0.5,
1,4,14.799,0,0,-0.13125,0.5,-0.5,0.5,0.5,
1,4,14.801,0,0,-0.13125,0.5,-0.5,0.5,0.5,
1,4,14.803,0,0,-0.13125,0.5,-0.5,0.5,0.5,
1,4,14.805,0,0,-0.13125,0.5,-0.5,0.5,0.5,
1,4,14.807,0,0,-0.13125,0.5,-0.5,0.5,0.5,
1,4,14.809,0,0,-0.13125,0.5,-0.5,0.5,0.5,
1,4,14.811,0,0,-0.13125,0.5,-0.5,0.5,0.5,
1,4,14.813,0,0,-0.13125,0.5,-0.5,0.5,0.5,
1,4,14.815,0,0,-0.13125,0.5,-0.5,0.5,0.5,
1,4,14.817,0,0,-0.13125,0.5,-0.5,0.5,0.5,
1,4,14.819,0,0,-0.13125,0.5,-0.5,0.5,0.5,
1,4,14.821,0,0,-0.13125,0.5,-0.5,0.5,0.5,
1,4,14.823,0,0,-0.13125,0.5,-0.5,0.5,0.5,
1,4,14.825,0,0,-0.13125,0.5,-0.5,0.5,0.5,
1,4,14.827,0,0,-0.13125,0.5,-0.5,0.5,0.5,
1,4,14.829,0,0,-0.13125,0.5,-0.5,0.5,0.5,
1,4,14.831,0,0,-0.13125,0.5,-0.5,0.5,0.5,
1,4,14.833,0,0,-0.13125,0.5,-0.5,0.5,0.5,
1,4,14.835,0,0,-0.13125,0.5,-0.5,0.5,0.5,
1,4,14.837,0,0,-0.13125,0.5,-0.5,0.5,0.5,
1,4,14.839,0,0,-0.13125,0.5,-0.5,0.5,0.5,
1,4,14.841,0,0,-0.13125,0.5,-0.5,0.5,0.5,
1,4,14.843,0,0,-0.13125,0.5,-0.5,0.5,0.5,
1,4,14.845,0,0,-0.13125,0.5,-0.5,0.5,0.5,
1,4,14.847,0,0,-0.13125,0.5,-0.5,0.5,0.5,
1,4,14.849,0,0,-0.13125,0.5,-0.5,0.5,0.5,
1,4,14.851,0,0,-0.13125,0.5,-0.5,0.5,0.5,
1,4,14.853,0,0,-0.13125,0.5,-0.5,0.5,0.5,
1,4,14.855,0,0,-0.13125,0.5,-0.5,0.5,0.5,
1,4,14.857,0,0,-0.13125,0.5,-0.5,0.5,0.5,
1,4,14.859,0,0,-0.13125,0.5,-0.5,0.5,0.5,
1,4,14.861,0,0,-0.13125,0.5,-0.5,0.5,0.5,
1,4,14.863,0,0,-0.13125,0.5,-0.5,0.5,0.5,
1,4,14.865,0,0,-0.13125,0.5,-0.5,0.5,0.5,
1,4,14.867,0,0,-0.13125,0.5,-0.5,0.5,0.5,
1,4,14.869,0,0,-0.13125,0.5,-0.5,0.5,0.5,
1,4,14.871,0,0,-0.13125,0.5,-0.5,0.5,0.5,
1,4,14.873,0,0,-0.13125,0.5,-0.5,0.5,0.5,
1,4,14.875,0,0,-0.13125,0.5,-0.5,0.5,0.5,
1,4,14.877,0,0,-0.13125,0.5,-0.5,0.5,0.5,
1,4,14.879,0,0,-0.13125,0.5,-0.5,0.5,0.5,
1,4,14.881,0,0,-0.13125,0.5,-0.5,0.5,0.5,
1,4,14.883,0,0,-0.13125,0.5,-0.5,0.5,0.5,
1,4,14.885,0,0,-0.13125,0.5,-0.5,0.5,0.5,
1,4,14.887,0,0,-0.13125,0.5,-0.5,0.5,0.5,
1,4,14.889,0,0,-0.13125,0.5,-0.5,0.5,0.5,
1,4,14.891,0,0,-0.13125,0.5,-0.5,0.5,0.5,
1,4,14.893,0,0,-0.13125,0.5,-0.5,0.5,0.5,
1,4,14.895,0,0,-0.13125,0.5,-0.5,0.5,0.5,
1,4,14.897,0,0,-0.13125,0.5,-0.5,0.5,0.5,
1,4,14.899,0,0,-0.13125,0.5,-0.5,0.5,0.5,
1,4,14.901,0,0,-0.13125,0.5,-0.5,0.5,0.5,
1,4,14.903,0,0,-0.13125,0.5,-0.5,0.5,0.5,
1,4,14.905,0,0,-0.13125,0.5,-0.5,0.5,0.5,
1,4,14.907,0,0,-0.13125,0.5,-0.5,0.5,0.5,
1,4,14.909,0,0,-0.13125,0.5,-0.5,0.5,0.5,
1,4,14.911,0,0,-0.13125,0.5,-0.5,0.5,0.5,
1,4,14.913,0,0,-0.13125,0.5,-0.5,0.5,0.5,
1,4,14.915,0,0,-0.13125,0.5,-0.5,0.5,0.5,
1,4,14.917,0,0,-0.13125,0.5,-0.5,0.5,0.5,
1,4,14.919,0,0,-0.13125,0.5,-0.5,0.5,0.5,
1,4,14.921,0,0,-0.13125,0.5,-0.5,0.5,0.5,
1,4,14.923,0,0,-0.13125,0.5,-0.5,0.5,0.5,
1,4,14.925,0,0,-0.13125,0.5,-0.5,0.5,0.5,
1,4,14.927,0,0,-0.13125,0.5,-0.5,0.5,0.5,
1,4,14.929,0,0,-0.13125,0.5,-0.5,0.5,0.5,
1,4,14.931,0,0,-0.13125,0.5,-0.5,0.5,0.5,
1,4,14.933,0,0,-0.13125,0.5,-0.5,0.5,0.5,
1,4,14.935,0,0,-0.13125,0.5,-0.5,0.5,0.5,
1,4,14.937,0,0,-0.13125,0.5,-0.5,0.5,0.5,
1,4,14.939,0,0,-0.13125,0.5,-0.5,0.5,0.5,
1,4,14.941,0,0,-0.13125,0.5,-0.5,0.5,0.5,
1,4,14.943,0,0,-0.13125,0.5,-0.5,0.5,0.5,
1,4,14.945,0,0,-0.13125,0.5,-0.5,0.5,0.5,
1,4,14.947,0,0,-0.13125,0.5,-0.5,0.5,0.5,
1,4,14.949,0,0,-0.13125,0.5,-0.5,0.5,0.5,
1,4,14.951,0,0,-0.13125,0.5,-0.5,0.5,0.5,
1,4,14.953,0,0,-0.13125,0.5,-0.5,0.5,0.5,
1,4,14.955,0,0,-0.13125,0.5,-0.5,0.5,0.5,
1,4,14.957,0,0,-0.13125,0.5,-0.5,0.5,0.5,
1,4,14.959,0,0,-0.13125,0.5,-0.5,0.5,0.5,
1,4,14.961,0,0,-0.13125,0.5,-0.5,0.5,0.5,
1,4,14.963,0,0,-0.13125,0.5,-0.5,0.5,0.5,
1,4,14.965,0,0,-0.13125,0.5,-0.5,0.5,0.5,
1,4,14.967,0,0,-0.13125,0.5,-0.5,0.5,0.5,
1,4,14.969,0,0,-0.13125,0.5,-0.5,0.5,0.5,
1,4,14.971,0,0,-0.13125,0.5,-0.5,0.5,0.5,
1,4,14.973,0,0,-0.13125,0.5,-0.5,0.5,0.5,
1,4,14.975,0,0,-0.13125,0.5,-0.5,0.5,0.5,
1,4,14.977,0,0,-0.13125,0.5,-0.5,0.5,0.5,
1,4,14.979,0,0,-0.13125,0.5,-0.5,0.5,0.5,
1,4,14.981,0,0,-0.13125,0.5,-0.5,0.5,0.5,
1,4,14.983,0,0,-0.13125,0.5,-0.5,0.5,0.5,
1,4,14.985,0,0,-0.13125,0.5,-0.5,0.5,0.5,
1,4,14.987,0,0,-0.13125,0.5,-0.5,0.5,0.5,
1,4,14.989,0,0,-0.13125,0.5,-0.5,0.5,0.5,
1,4,14.991,0,0,-0.13125,0.5,-0.5,0.5,0.5,
1,4,14.993,0,0,-0.13125,0.5,-0.5,0.5,0.5,
1,4,14.995,0,0,-0.13125,0.5,-0.5,0.5,0.5,
1,4,14.997,0,0,-0.13125,0.5,-0.5,0.5,0.5,
1,4,14.999,0,0,-0.13125,0.5,-0.5,0.5,0.5,
1,4,15.001,0,0,-0.13125,0.5,-0.5,0.5,0.5,
1,4,15.003,0,0,-0.13125,0.5,-0.5,0.5,0.5,
1,4,15.005,0,0,-0.13125,0.5,-0.5,0.5,0.5,
1,4,15.007,0,0,-0.13125,0.5,-0.5,0.5,0.5,
1,4,15.009,0,0,-0.13125,0.5,-0.5,0.5,0.5,
1,4,15.011,0,0,-0.13125,0.5,-0.5,0.5,0.5,
1,4,15.013,0,0,-0.13125,0.5,-0.5,0.5,0.5,
1,4,15.015,0,0,-0.13125,0.5,-0.5,0.5,0.5,
1,4,15.017,0,0,-0.13125,0.5,-0.5,0.5,0.5,
1,4,15.019,0,0,-0.13125,0.5,-0.5,0.5,0.5,
1,4,15.021,0,0,-0.13125,0.5,-0.5,0.5,0.5,
1,4,15.023,0,0,-0.13125,0.5,-0.5,0.5,0.5,
1,4,15.025,0,0,-0.13125,0.5,-0.5,0.5,0.5,
1,4,15.027,0,0,-0.13125,0.5,-0.5,0.5,0.5,
1,4,15.029,0,0,-0.13125,0.5,-0.5,0.5,0.5,
1,4,15.031,0,0,-0.13125,0.5,-0.5,0.5,0.5,
1,4,15.033,0,0,-0.13125,0.5,-0.5,0.5,0.5,
1,4,15.035,0,0,-0.13125,0.5,-0.5,0.5,0.5,
1,4,15.037,0,0,-0.13125,0.5,-0.5,0.5,0.5,
1,4,15.039,0,0,-0.13125,0.5,-0.5,0.5,0.5,
1,4,15.041,0,0,-0.13125,0.5,-0.5,0.5,0.5,
1,4,15.043,0,0,-0.13125,0.5,-0.5,0.5,0.5,
1,4,15.045,0,0,-0.13125,0.5,-0.5,0.5,0.5,
1,4,15.047,0,0,-0.13125,0.5,-0.5,0.5,0.5,
1,4,15.049,0,0,-0.13125,0.5,-0.5,0.5,0.5,
1,4,15.051,0,0,-0.13125,0.5,-0.5,0.5,0.5,
1,4,15.053,0,0,-0.13125,0.5,-0.5,0.5,0.5,
1,4,15.055,0,0,-0.13125,0.5,-0.5,0.5,0.5,
1,4,15.057,0,0,-0.13125,0.5,-0.5,0.5,0.5,
1,4,15.059,0,0,-0.13125,0.5,-0.5,0.5,0.5,
1,4,15.061,0,0,-0.13125,0.5,-0.5,0.5,0.5,
1,4,15.063,0,0,-0.13125,0.5,-0.5,0.5,0.5,
1,4,15.065,0,0,-0.13125,0.5,-0.5,0.5,0.5,
1,4,15.067,0,0,-0.13125,0.5,-0.5,0.5,0.5,
1,4,15.069,0,0,-0.13125,0.5,-0.5,0.5,0.5,
1,4,15.071,0,0,-0.13125,0.5,-0.5,0.5,0.5,
1,4,15.073,0,0,-0.13125,0.5,-0.5,0.5,0.5,
1,4,15.075,0,0,-0.13125,0.5,-0.5,0.5,0.5,
1,4,15.077,0,0,-0.13125,0.5,-0.5,0.5,0.5,
1,4,15.079,0,0,-0.13125,0.5,-0.5,0.5,0.5,
1,4,15.081,0,0,-0.13125,0.5,-0.5,0.5,0.5,
1,4,15.083,0,0,-0.13125,0.5,-0.5,0.5,0.5,
1,4,15.085,0,0,-0.13125,0.5,-0.5,0.5,0.5,
1,4,15.087,0,0,-0.13125,0.5,-0.5,0.5,0.5,
1,4,15.089,0,0,-0.13125,0.5,-0.5,0.5,0.5,
1,4,15.091,0,0,-0.13125,0.5,-0.5,0.5,0.5,
1,4,15.093,0,0,-0.13125,0.5,-0.5,0.5,0.5,
1,4,15.095,0,0,-0.13125,0.5,-0.5,0.5,0.5,
1,4,15.097,0,0,-0.13125,0.5,-0.5,0.5,0.5,
1,4,15.099,0,0,-0.13125,0.5,-0.5,0.5,0.5,
1,4,15.101,0,0,-0.13125,0.5,-0.5,0.5,0.5,
1,4,15.103,0,0,-0.13125,0.5,-0.5,0.5,0.5,
1,4,15.105,0,0,-0.13125,0.5,-0.5,0.5,0.5,
1,4,15.107,0,0,-0.13125,0.5,-0.5,0.5,0.5,
1,4,15.109,0,0,-0.13125,0.5,-0.5,0.5,0.5,
1,4,15.111,0,0,-0.13125,0.5,-0.5,0.5,0.5,
1,4,15.113,0,0,-0.13125,0.5,-0.5,0.5,0.5,
1,4,15.115,0,0,-0.13125,0.5,-0.5,0.5,0.5,
1,4,15.117,0,0,-0.13125,0.5,-0.5,0.5,0.5,
1,4,15.119,0,0,-0.13125,0.5,-0.5,0.5,0.5,
1,4,15.121,0,0,-0.13125,0.5,-0.5,0.5,0.5,
1,4,15.123,0,0,-0.13125,0.5,-0.5,0.5,0.5,
1,4,15.125,0,0,-0.13125,0.5,-0.5,0.5,0.5,
1,4,15.127,0,0,-0.13125,0.5,-0.5,0.5,0.5,
1,4,15.129,0,0,-0.13125,0.5,-0.5,0.5,0.5,
1,4,15.131,0,0,-0.13125,0.5,-0.5,0.5,0.5,
1,4,15.133,0,0,-0.13125,0.5,-0.5,0.5,0.5,
1,4,15.135,0,0,-0.13125,0.5,-0.5,0.5,0.5,
1,4,15.137,0,0,-0.13125,0.5,-0.5,0.5,0.5,
1,4,15.139,0,0,-0.13125,0.5,-0.5,0.5,0.5,
1,4,15.141,0,0,-0.13125,0.5,-0.5,0.5,0.5,
1,4,15.143,0,0,-0.13125,0.5,-0.5,0.5,0.5,
1,4,15.145,0,0,-0.13125,0.5,-0.5,0.5,0.5,
1,4,15.147,0,0,-0.13125,0.5,-0.5,0.5,0.5,
1,4,15.149,0,0,-0.13125,0.5,-0.5,0.5,0.5,
1,4,15.151,0,0,-0.13125,0.5,-0.5,0.5,0.5,
1,4,15.153,0,0,-0.13125,0.5,-0.5,0.5,0.5,
1,4,15.155,0,0,-0.13125,0.5,-0.5,0.5,0.5,
1,4,15.157,0,0,-0.13125,0.5,-0.5,0.5,0.5,
1,4,15.159,0,0,-0.13125,0.5,-0.5,0.5,0.5,
1,4,15.161,0,0,-0.13125,0.5,-0.5,0.5,0.5,
1,4,15.163,0,0,-0.13125,0.5,-0.5,0.5,0.5,
1,4,15.165,0,0,-0.13125,0.5,-0.5,0.5,0.5,
1,4,15.167,0,0,-0.13125,0.5,-0.5,0.5,0.5,
1,4,15.169,0,0,-0.13125,0.5,-0.5,0.5,0.5,
1,4,15.171,0,0,-0.13125,0.5,-0.5,0.5,0.5,
1,4,15.173,0,0,-0.13125,0.5,-0.5,0.5,0.5,
1,4,15.175,0,0,-0.13125,0.5,-0.5,0.5,0.5,
1,4,15.177,0,0,-0.13125,0.5,-0.5,0.5,0.5,
1,4,15.179,0,0,-0.13125,0.5,-0.5,0.5,0.5,
1,4,15.181,0,0,-0.13125,0.5,-0.5,0.5,0.5,
1,4,15.183,0,0,-0.13125,0.5,-0.5,0.5,0.5,
1,4,15.185,0,0,-0.13125,0.5,-0.5,0.5,0.5,
1,4,15.187,0,0,-0.13125,0.5,-0.5,0.5,0.5,
1,4,15.189,0,0,-0.13125,0.5,-0.5,0.5,0.5,
1,4,15.191,0,0,-0.13125,0.5,-0.5,0.5,0.5,
1,4,15.193,0,0,-0.13125,0.5,-0.5,0.5,0.5,
1,4,15.195,0,0,-0.13125,0.5,-0.5,0.5,0.5,
1,4,15.197,0,0,-0.13125,0.5,-0.5,0.5,0.5,
1,4,15.199,0,0,-0.13125,0.5,-0.5,0.5,0.5,
1,4,15.201,0,0,-0.13125,0.5,-0.5,0.5,0.5,
1,4,15.203,0,0,-0.13125,0.5,-0.5,0.5,0.5,
1,4,15.205,0,0,-0.13125,0.5,-0.5,0.5,0.5,
1,4,15.207,0,0,-0.13125,0.5,-0.5,0.5,0.5,
1,4,15.209,0,0,-0.13125,0.5,-0.5,0.5,0.5,
1,4,15.211,0,0,-0.13125,0.5,-0.5,0.5,0.5,
1,4,15.213,0,0,-0.13125,0.5,-0.5,0.5,0.5,
1,4,15.215,0,0,-0.13125,0.5,-0.5,0.5,0.5,
1,4,15.217,0,0,-0.13125,0.5,-0.5,0.5,0.5,
1,4,15.219,0,0,-0.13125,0.5,-0.5,0.5,0.5,
1,4,15.221,0,0,-0.13125,0.5,-0.5,0.5,0.5,
1,4,15.223,0,0,-0.13125,0.5,-0.5,0.5,0.5,
1,4,15.225,0,0,-0.13125,0.5,-0.5,0.5,0.5,
1,4,15.227,0,0,-0.13125,0.5,-0.5,0.5,0.5,
1,4,15.229,0,0,-0.13125,0.5,-0.5,0.5,0.5,
1,4,15.231,0,0,-0.13125,0.5,-0.5,0.5,0.5,
1,4,15.233,0,0,-0.13125,0.5,-0.5,0.5,0.5,
1,4,15.235,0,0,-0.13125,0.5,-0.5,0.5,0.5,
1,4,15.237,0,0,-0.13125,0.5,-0.5,0.5,0.5,
1,4,15.239,0,0,-0.13125,0.5,-0.5,0.5,0.5,
1,4,15.241,0,0,-0.13125,0.5,-0.5,0.5,0.5,
1,4,15.243,0,0,-0.13125,0.5,-0.5,0.5,0.5,
1,4,15.245,0,0,-0.13125,0.5,-0.5,0.5,0.5,
1,4,15.247,0,0,-0.13125,0.5,-0.5,0.5,0.5,
1,4,15.249,0,0,-0.13125,0.5,-0.5,0.5,0.5,
1,4,15.251,0,0,-0.13125,0.5,-0.5,0.5,0.5,
1,4,15.253,0,0,-0.13125,0.5,-0.5,0.5,0.5,
1,4,15.255,0,0,-0.13125,0.5,-0.5,0.5,0.5,
1,4,15.257,0,0,-0.13125,0.5,-0.5,0.5,0.5,
1,4,15.259,0,0,-0.13125,0.5,-0.5,0.5,0.5,
1,4,15.261,0,0,-0.13125,0.5,-0.5,0.5,0.5,
1,4,15.263,0,0,-0.13125,0.5,-0.5,0.5,0.5,
1,4,15.265,0,0,-0.13125,0.5,-0.5,0.5,0.5,
1,4,15.267,0,0,-0.13125,0.5,-0.5,0.5,0.5,
1,4,15.269,0,0,-0.13125,0.5,-0.5,0.5,0.5,
1,4,15.271,0,0,-0.13125,0.5,-0.5,0.5,0.5,
1,4,15.273,0,0,-0.13125,0.5,-0.5,0.5,0.5,
1,4,15.275,0,0,-0.13125,0.5,-0.5,0.5,0.5,
1,4,15.277,0,0,-0.13125,0.5,-0.5,0.5,0.5,
1,4,15.279,0,0,-0.13125,0.5,-0.5,0.5,0.5,
1,4,15.281,0,0,-0.13125,0.5,-0.5,0.5,0.5,
1,4,15.283,0,0,-0.13125,0.5,-0.5,0.5,0.5,
1,4,15.285,0,0,-0.13125,0.5,-0.5,0.5,0.5,
1,4,15.287,0,0,-0.13125,0.5,-0.5,0.5,0.5,
1,4,15.289,0,0,-0.13125,0.5,-0.5,0.5,0.5,
1,4,15.291,0,0,-0.13125,0.5,-0.5,0.5,0.5,
1,4,15.293,0,0,-0.13125,0.5,-0.5,0.5,0.5,
1,4,15.295,0,0,-0.13125,0.5,-0.5,0.5,0.5,
1,4,15.297,0,0,-0.13125,0.5,-0.5,0.5,0.5,
1,4,15.299,0,0,-0.13125,0.5,-0.5,0.5,0.5,
1,4,15.301,0,0,-0.13125,0.5,-0.5,0.5,0.5,
1,4,15.303,0,0,-0.13125,0.5,-0.5,0.5,0.5,
1,4,15.305,0,0,-0.13125,0.5,-0.5,0.5,0.5,
1,4,15.307,0,0,-0.13125,0.5,-0.5,0.5,0.5,
1,4,15.309,0,0,-0.13125,0.5,-0.5,0.5,0.5,
1,4,15.311,0,0,-0.13125,0.5,-0.5,0.5,0.5,
1,4,15.313,0,0,-0.13125,0.5,-0.5,0.5,0.5,
1,4,15.315,0,0,-0.13125,0.5,-0.5,0.5,0.5,
1,4,15.317,0,0,-0.13125,0.5,-0.5,0.5,0.5,
1,4,15.319,0,0,-0.13125,0.5,-0.5,0.5,0.5,
1,4,15.321,0,0,-0.13125,0.5,-0.5,0.5,0.5,
1,4,15.323,0,0,-0.13125,0.5,-0.5,0.5,0.5,
1,4,15.325,0,0,-0.13125,0.5,-0.5,0.5,0.5,
1,4,15.327,0,0,-0.13125,0.5,-0.5,0.5,0.5,
1,4,15.329,0,0,-0.13125,0.5,-0.5,0.5,0.5,
1,4,15.331,0,0,-0.13125,0.5,-0.5,0.5,0.5,
1,4,15.333,0,0,-0.13125,0.5,-0.5,0.5,0.5,
1,4,15.335,0,0,-0.13125,0.5,-0.5,0.5,0.5,
1,4,15.337,0,0,-0.13125,0.5,-0.5,0.5,0.5,
1,4,15.339,0,0,-0.13125,0.5,-0.5,0.5,0.5,
1,4,15.341,0,0,-0.13125,0.5,-0.5,0.5,0.5,
1,4,15.343,0,0,-0.13125,0.5,-0.5,0.5,0.5,
1,4,15.345,0,0,-0.13125,0.5,-0.5,0.5,0.5,
1,4,15.347,0,0,-0.13125,0.5,-0.5,0.5,0.5,
1,4,15.349,0,0,-0.13125,0.5,-0.5,0.5,0.5,
1,4,15.351,0,0,-0.13125,0.5,-0.5,0.5,0.5,
1,4,15.353,0,0,-0.13125,0.5,-0.5,0.5,0.5,
1,4,15.355,0,0,-0.13125,0.5,-0.5,0.5,0.5,
1,4,15.357,0,0,-0.13125,0.5,-0.5,0.5,0.5,
1,4,15.359,0,0,-0.13125,0.5,-0.5,0.5,0.5,
1,4,15.361,0,0,-0.13125,0.5,-0.5,0.5,0.5,
1,4,15.363,0,0,-0.13125,0.5,-0.5,0.5,0.5,
1,4,15.365,0,0,-0.13125,0.5,-0.5,0.5,0.5,
1,4,15.367,0,0,-0.13125,0.5,-0.5,0.5,0.5,
1,4,15.369,0,0,-0.13125,0.5,-0.5,0.5,0.5,
1,4,15.371,0,0,-0.13125,0.5,-0.5,0.5,0.5,
1,4,15.373,0,0,-0.13125,0.5,-0.5,0.5,0.5,
1,4,15.375,0,0,-0.13125,0.5,-0.5,0.5,0.5,
1,4,15.377,0,0,-0.13125,0.5,-0.5,0.5,0.5,
1,4,15.379,0,0,-0.13125,0.5,-0.5,0.5,0.5,
1,4,15.381,0,0,-0.13125,0.5,-0.5,0.5,0.5,
1,4,15.383,0,0,-0.13125,0.5,-0.5,0.5,0.5,
1,4,15.385,0,0,-0.13125,0.5,-0.5,0.5,0.5,
1,4,15.387,0,0,-0.13125,0.5,-0.5,0.5,0.5,
1,4,15.389,0,0,-0.13125,0.5,-0.5,0.5,0.5,
1,4,15.391,0,0,-0.13125,0.5,-0.5,0.5,0.5,
1,4,15.393,0,0,-0.13125,0.5,-0.5,0.5,0.5,
1,4,15.395,0,0,-0.13125,0.5,-0.5,0.5,0.5,
1,4,15.397,0,0,-0.13125,0.5,-0.5,0.5,0.5,
1,4,15.399,0,0,-0.13125,0.5,-0.5,0.5,0.5,
1,4,15.401,0,0,-0.13125,0.5,-0.5,0.5,0.5,
1,4,15.403,0,0,-0.13125,0.5,-0.5,0.5,0.5,
1,4,15.405,0,0,-0.13125,0.5,-0.5,0.5,0.5,
1,4,15.407,0,0,-0.13125,0.5,-0.5,0.5,0.5,
1,4,15.409,0,0,-0.13125,0.5,-0.5,0.5,0.5,
1,4,15.411,0,0,-0.13125,0.5,-0.5,0.5,0.5,
1,4,15.413,0,0,-0.13125,0.5,-0.5,0.5,0.5,
1,4,15.415,0,0,-0.13125,0.5,-0.5,0.5,0.5,
1,4,15.417,0,0,-0.13125,0.5,-0.5,0.5,0.5,
1,4,15.419,0,0,-0.13125,0.5,-0.5,0.5,0.5,
1,4,15.421,0,0,-0.13125,0.5,-0.5,0.5,0.5,
1,4,15.423,0,0,-0.13125,0.5,-0.5,0.5,0.5,
1,4,15.425,0,0,-0.13125,0.5,-0.5,0.5,0.5,
1,4,15.427,0,0,-0.13125,0.5,-0.5,0.5,0.5,
1,4,15.429,0,0,-0.13125,0.5,-0.5,0.5,0.5,
1,4,15.431,0,0,-0.13125,0.5,-0.5,0.5,0.5,
1,4,15.433,0,0,-0.13125,0.5,-0.5,0.5,0.5,
1,4,15.435,0,0,-0.13125,0.5,-0.5,0.5,0.5,
1,4,15.437,0,0,-0.13125,0.5,-0.5,0.5,0.5,
1,4,15.439,0,0,-0.13125,0.5,-0.5,0.5,0.5,
1,4,15.441,0,0,-0.13125,0.5,-0.5,0.5,0.5,
1,4,15.443,0,0,-0.13125,0.5,-0.5,0.5,0.5,
1,4,15.445,0,0,-0.13125,0.5,-0.5,0.5,0.5,
1,4,15.447,0,0,-0.13125,0.5,-0.5,0.5,0.5,
1,4,15.449,0,0,-0.13125,0.5,-0.5,0.5,0.5,
1,4,15.451,0,0,-0.13125,0.5,-0.5,0.5,0.5,
1,4,15.453,0,0,-0.13125,0.5,-0.5,0.5,0.5,
1,4,15.455,0,0,-0.13125,0.5,-0.5,0.5,0.5,
1,4,15.457,0,0,-0.13125,0.5,-0.5,0.5,0.5,
1,4,15.459,0,0,-0.13125,0.5,-0.5,0.5,0.5,
1,4,15.461,0,0,-0.13125,0.5,-0.5,0.5,0.5,
1,4,15.463,0,0,-0.13125,0.5,-0.5,0.5,0.5,
1,4,15.465,0,0,-0.13125,0.5,-0.5,0.5,0.5,
1,4,15.467,0,0,-0.13125,0.5,-0.5,0.5,0.5,
1,4,15.469,0,0,-0.13125,0.5,-0.5,0.5,0.5,
1,4,15.471,0,0,-0.13125,0.5,-0.5,0.5,0.5,
1,4,15.473,0,0,-0.13125,0.5,-0.5,0.5,0.5,
1,4,15.475,0,0,-0.13125,0.5,-0.5,0.5,0.5,
1,4,15.477,0,0,-0.13125,0.5,-0.5,0.5,0.5,
1,4,15.479,0,0,-0.13125,0.5,-0.5,0.5,0.5,
1,4,15.481,0,0,-0.13125,0.5,-0.5,0.5,0.5,
1,4,15.483,0,0,-0.13125,0.5,-0.5,0.5,0.5,
1,4,15.485,0,0,-0.13125,0.5,-0.5,0.5,0.5,
1,4,15.487,0,0,-0.13125,0.5,-0.5,0.5,0.5,
1,4,15.489,0,0,-0.13125,0.5,-0.5,0.5,0.5,
1,4,15.491,0,0,-0.13125,0.5,-0.5,0.5,0.5,
1,4,15.493,0,0,-0.13125,0.5,-0.5,0.5,0.5,
1,4,15.495,0,0,-0.13125,0.5,-0.5,0.5,0.5,
1,4,15.497,0,0,-0.13125,0.5,-0.5,0.5,0.5,
1,4,15.499,0,0,-0.13125,0.5,-0.5,0.5,0.5,
1,4,15.501,0,0,-0.13125,0.5,-0.5,0.5,0.5,
1,4,15.503,0,0,-0.13125,0.5,-0.5,0.5,0.5,
1,4,15.505,0,0,-0.13125,0.5,-0.5,0.5,0.5,
1,4,15.507,0,0,-0.13125,0.5,-0.5,0.5,0.5,
1,4,15.509,0,0,-0.13125,0.5,-0.5,0.5,0.5,
1,4,15.511,0,0,-0.13125,0.5,-0.5,0.5,0.5,
1,4,15.513,0,0,-0.13125,0.5,-0.5,0.5,0.5,
1,4,15.515,0,0,-0.13125,0.5,-0.5,0.5,0.5,
1,4,15.517,0,0,-0.13125,0.5,-0.5,0.5,0.5,
1,4,15.519,0,0,-0.13125,0.5,-0.5,0.5,0.5,CourtEnter
1,4,15.521,0,0,-0.13125,0.5,-0.5,0.5,0.5,
1,4,15.523,0,0,-0.13125,0.5,-0.5,0.5,0.5,
1,4,15.525,0,0,-0.13125,0.5,-0.5,0.5,0.5,CourtExit
1,4,15.527,0,0,-0.13125,0.5,-0.5,0.5,0.5,
1,4,15.529,0,0,-0.13125,0.5,-0.5,0.5,0.5,
1,4,15.531,0,0,-0.13125,0.5,-0.5,0.5,0.5,
1,4,15.533,0,0,-0.13125,0.5,-0.5,0.5,0.5,
1,4,15.535,0,0,-0.13125,0.5,-0.5,0.5,0.5,
1,4,15.537,0,0,-0.13125,0.5,-0.5,0.5,0.5,
1,4,15.539,0,0,-0.13125,0.5,-0.5,0.5,0.5,
1,4,15.541,0,0,-0.13125,0.5,-0.5,0.5,0.5,
1,4,15.543,0,0,-0.13125,0.5,-0.5,0.5,0.5,
1,4,15.545,0,0,-0.13125,0.5,-0.5,0.5,0.5,
1,4,15.547,0,0,-0.13125,0.5,-0.5,0.5,0.5,
1,4,15.549,0,0,-0.13125,0.5,-0.5,0.5,0.5,
1,4,15.551,0,0,-0.13125,0.5,-0.5,0.5,0.5,
1,4,15.553,0,0,-0.13125,0.5,-0.5,0.5,0.5,
1,4,15.555,0,0,-0.13125,0.5,-0.5,0.5,0.5,
1,4,15.557,0,0,-0.13125,0.5,-0.5,0.5,0.5,
1,4,15.559,0,0,-0.13125,0.5,-0.5,0.5,0.5,
1,4,15.561,0,0,-0.13125,0.5,-0.5,0.5,0.5,
1,4,15.563,0,0,-0.13125,0.5,-0.5,0.5,0.5,
1,4,15.565,0,0,-0.13125,0.5,-0.5,0.5,0.5,
1,4,15.567,0,0,-0.13125,0.5,-0.5,0.5,0.5,
1,4,15.569,0,0,-0.13125,0.5,-0.5,0.5,0.5,
1,4,15.571,0,0,-0.13125,0.5,-0.5,0.5,0.5,
1,4,15.573,0,0,-0.13125,0.5,-0.5,0.5,0.5,
1,4,15.575,0,0,-0.13125,0.5,-0.5,0.5,0.5,
1,4,15.577,0,0,-0.13125,0.5,-0.5,0.5,0.5,
1,4,15.579,0,0,-0.13125,0.5,-0.5,0.5,0.5,
1,4,15.581,0,0,-0.13125,0.5,-0.5,0.5,0.5,
1,4,15.583,0,0,-0.13125,0.5,-0.5,0.5,0.5,
1,4,15.585,0,0,-0.13125,0.5,-0.5,0.5,0.5,
1,4,15.587,0,0,-0.13125,0.5,-0.5,0.5,0.5,
1,4,15.589,0,0,-0.13125,0.5,-0.5,0.5,0.5,
1,4,15.591,0,0,-0.13125,0.5,-0.5,0.5,0.5,
1,4,15.593,0,0,-0.13125,0.5,-0.5,0.5,0.5,
1,4,15.595,0,0,-0.13125,0.5,-0.5,0.5,0.5,
1,4,15.597,0,0,-0.13125,0.5,-0.5,0.5,0.5,
1,4,15.599,0,0,-0.13125,0.5,-0.5,0.5,0.5,
1,4,15.601,0,0,-0.13125,0.5,-0.5,0.5,0.5,
1,4,15.603,0,0,-0.13125,0.5,-0.5,0.5,0.5,
1,4,15.605,0,0,-0.13125,0.5,-0.5,0.5,0.5,
1,4,15.607,0,0,-0.13125,0.5,-0.5,0.5,0.5,
1,4,15.609,0,0,-0.13125,0.5,-0.5,0.5,0.5,
1,4,15.611,0,0,-0.13125,0.5,-0.5,0.5,0.5,
1,4,15.613,0,0,-0.13125,0.5,-0.5,0.5,0.5,
1,4,15.615,0,0,-0.13125,0.5,-0.5,0.5,0.5,
1,4,15.617,0,0,-0.13125,0.5,-0.5,0.5,0.5,
1,4,15.619,0,0,-0.13125,0.5,-0.5,0.5,0.5,
1,4,15.621,0,0,-0.13125,0.5,-0.5,0.5,0.5,
1,4,15.623,0,0,-0.13125,0.5,-0.5,0.5,0.5,
1,4,15.625,0,0,-0.13125,0.5,-0.5,0.5,0.5,
1,4,15.627,0,0,-0.13125,0.5,-0.5,0.5,0.5,
1,4,15.629,0,0,-0.13125,0.5,-0.5,0.5,0.5,
1,4,15.631,0,0,-0.13125,0.5,-0.5,0.5,0.5,
1,4,15.633,0,0,-0.13125,0.5,-0.5,0.5,0.5,
1,4,15.635,0,0,-0.13125,0.5,-0.5,0.5,0.5,
1,4,15.637,0,0,-0.13125,0.5,-0.5,0.5,0.5,
1,4,15.639,0,0,-0.13125,0.5,-0.5,0.5,0.5,
1,4,15.641,0,0,-0.13125,0.5,-0.5,0.5,0.5,
1,4,15.643,0,0,-0.13125,0.5,-0.5,0.5,0.5,
1,4,15.645,0,0,-0.13125,0.5,-0.5,0.5,0.5,
1,4,15.647,0,0,-0.13125,0.5,-0.5,0.5,0.5,
1,4,15.649,0,0,-0.13125,0.5,-0.5,0.5,0.5,
1,4,15.651,0,0,-0.13125,0.5,-0.5,0.5,0.5,
1,4,15.653,0,0,-0.13125,0.5,-0.5,0.5,0.5,
1,4,15.655,0,0,-0.13125,0.5,-0.5,0.5,0.5,
1,4,15.657,0,0,-0.13125,0.5,-0.5,0.5,0.5,
1,4,15.659,0,0,-0.13125,0.5,-0.5,0.5,0.5,
1,4,15.661,0,0,-0.13125,0.5,-0.5,0.5,0.5,
1,4,15.663,0,0,-0.13125,0.5,-0.5,0.5,0.5,
1,4,15.665,0,0,-0.13125,0.5,-0.5,0.5,0.5,
1,4,15.667,0,0,-0.13125,0.5,-0.5,0.5,0.5,
1,4,15.669,0,0,-0.13125,0.5,-0.5,0.5,0.5,
1,4,15.671,0,0,-0.13125,0.5,-0.5,0.5,0.5,
1,4,15.673,0,0,-0.13125,0.5,-0.5,0.5,0.5,
1,4,15.675,0,0,-0.13125,0.5,-0.5,0.5,0.5,
1,4,15.677,0,0,-0.13125,0.5,-0.5,0.5,0.5,
1,4,15.679,0,0,-0.13125,0.5,-0.5,0.5,0.5,
1,4,15.681,0,0,-0.13125,0.5,-0.5,0.5,0.5,
1,4,15.683,0,0,-0.13125,0.5,-0.5,0.5,0.5,
1,4,15.685,0,0,-0.13125,0.5,-0.5,0.5,0.5,
1,4,15.687,0,0,-0.13125,0.5,-0.5,0.5,0.5,
1,4,15.689,0,0,-0.13125,0.5,-0.5,0.5,0.5,
1,4,15.691,0,0,-0.13125,0.5,-0.5,0.5,0.5,
1,4,15.693,0,0,-0.13125,0.5,-0.5,0.5,0.5,
1,4,15.695,0,0,-0.13125,0.5,-0.5,0.5,0.5,
1,4,15.697,0,0,-0.13125,0.5,-0.5,0.5,0.5,
1,4,15.699,0,0,-0.13125,0.5,-0.5,0.5,0.5,
1,4,15.701,0,0,-0.13125,0.5,-0.5,0.5,0.5,
1,4,15.703,0,0,-0.13125,0.5,-0.5,0.5,0.5,
1,4,15.705,0,0,-0.13125,0.5,-0.5,0.5,0.5,
1,4,15.707,0,0,-0.13125,0.5,-0.5,0.5,0.5,
1,4,15.709,0,0,-0.13125,0.5,-0.5,0.5,0.5,
1,4,15.711,0,0,-0.13125,0.5,-0.5,0.5,0.5,
1,4,15.713,0,0,-0.13125,0.5,-0.5,0.5,0.5,
1,4,15.715,0,0,-0.13125,0.5,-0.5,0.5,0.5,
1,4,15.717,0,0,-0.13125,0.5,-0.5,0.5,0.5,
1,4,15.719,0,0,-0.13125,0.5,-0.5,0.5,0.5,
1,4,15.721,0,0,-0.13125,0.5,-0.5,0.5,0.5,
1,4,15.723,0,0,-0.13125,0.5,-0.5,0.5,0.5,
1,4,15.725,0,0,-0.13125,0.5,-0.5,0.5,0.5,
1,4,15.727,0,0,-0.13125,0.5,-0.5,0.5,0.5,
1,4,15.729,0,0,-0.13125,0.5,-0.5,0.5,0.5,
1,4,15.731,0,0,-0.13125,0.5,-0.5,0.5,0.5,
1,4,15.733,0,0,-0.13125,0.5,-0.5,0.5,0.5,
1,4,15.735,0,0,-0.13125,0.5,-0.5,0.5,0.5,
1,4,15.737,0,0,-0.13125,0.5,-0.5,0.5,0.5,
1,4,15.739,0,0,-0.13125,0.5,-0.5,0.5,0.5,
1,4,15.741,0,0,-0.13125,0.5,-0.5,0.5,0.5,
1,4,15.743,0,0,-0.13125,0.5,-0.5,0.5,0.5,
1,4,15.745,0,0,-0.13125,0.5,-0.5,0.5,0.5,
1,4,15.747,0,0,-0.13125,0.5,-0.5,0.5,0.5,
1,4,15.749,0,0,-0.13125,0.5,-0.5,0.5,0.5,
1,4,15.751,0,0,-0.13125,0.5,-0.5,0.5,0.5,
1,4,15.753,0,0,-0.13125,0.5,-0.5,0.5,0.5,
1,4,15.755,0,0,-0.13125,0.5,-0.5,0.5,0.5,
1,4,15.757,0,0,-0.13125,0.5,-0.5,0.5,0.5,
1,4,15.759,0,0,-0.13125,0.5,-0.5,0.5,0.5,
1,4,15.761,0,0,-0.13125,0.5,-0.5,0.5,0.5,
1,4,15.763,0,0,-0.13125,0.5,-0.5,0.5,0.5,
1,4,15.765,0,0,-0.13125,0.5,-0.5,0.5,0.5,
1,4,15.767,0,0,-0.13125,0.5,-0.5,0.5,0.5,
1,4,15.769,0,0,-0.13125,0.5,-0.5,0.5,0.5,
1,4,15.771,0,0,-0.13125,0.5,-0.5,0.5,0.5,
1,4,15.773,0,0,-0.13125,0.5,-0.5,0.5,0.5,
1,4,15.775,0,0,-0.13125,0.5,-0.5,0.5,0.5,
1,4,15.777,0,0,-0.13125,0.5,-0.5,0.5,0.5,
1,4,15.779,0,0,-0.13125,0.5,-0.5,0.5,0.5,
1,4,15.781,0,0,-0.13125,0.5,-0.5,0.5,0.5,
1,4,15.783,0,0,-0.13125,0.5,-0.5,0.5,0.5,
1,4,15.785,0,0,-0.13125,0.5,-0.5,0.5,0.5,
1,4,15.787,0,0,-0.13125,0.5,-0.5,0.5,0.5,
1,4,15.789,0,0,-0.13125,0.5,-0.5,0.5,0.5,
1,4,15.791,0,0,-0.13125,0.5,-0.5,0.5,0.5,
1,4,15.793,0,0,-0.13125,0.5,-0.5,0.5,0.5,
1,4,15.795,0,0,-0.13125,0.5,-0.5,0.5,0.5,
1,4,15.797,0,0,-0.13125,0.5,-0.5,0.5,0.5,
1,4,15.799,0,0,-0.13125,0.5,-0.5,0.5,0.5,
1,4,15.801,0,0,-0.13125,0.5,-0.5,0.5,0.5,
1,4,15.803,0,0,-0.13125,0.5,-0.5,0.5,0.5,
1,4,15.805,0,0,-0.13125,0.5,-0.5,0.5,0.5,
1,4,15.807,0,0,-0.13125,0.5,-0.5,0.5,0.5,
1,4,15.809,0,0,-0.13125,0.5,-0.5,0.5,0.5,
1,4,15.811,0,0,-0.13125,0.5,-0.5,0.5,0.5,
1,4,15.813,0,0,-0.13125,0.5,-0.5,0.5,0.5,
1,4,15.815,0,0,-0.13125,0.5,-0.5,0.5,0.5,
1,4,15.817,0,0,-0.13125,0.5,-0.5,0.5,0.5,
1,4,15.819,0,0,-0.13125,0.5,-0.5,0.5,0.5,
1,4,15.821,0,0,-0.13125,0.5,-0.5,0.5,0.5,
1,4,15.823,0,0,-0.13125,0.5,-0.5,0.5,0.5,
1,4,15.825,0,0,-0.13125,0.5,-0.5,0.5,0.5,
1,4,15.827,0,0,-0.13125,0.5,-0.5,0.5,0.5,
1,4,15.829,0,0,-0.13125,0.5,-0.5,0.5,0.5,
1,4,15.831,0,0,-0.13125,0.5,-0.5,0.5,0.5,
1,4,15.833,0,0,-0.13125,0.5,-0.5,0.5,0.5,
1,4,15.835,0,0,-0.13125,0.5,-0.5,0.5,0.5,
1,4,15.837,0,0,-0.13125,0.5,-0.5,0.5,0.5,
1,4,15.839,0,0,-0.13125,0.5,-0.5,0.5,0.5,
1,4,15.841,0,0,-0.13125,0.5,-0.5,0.5,0.5,
1,4,15.843,0,0,-0.13125,0.5,-0.5,0.5,0.5,
1,4,15.845,0,0,-0.13125,0.5,-0.5,0.5,0.5,
1,4,15.847,0,0,-0.13125,0.5,-0.5,0.5,0.5,
1,4,15.849,0,0,-0.13125,0.5,-0.5,0.5,0.5,
1,4,15.851,0,0,-0.13125,0.5,-0.5,0.5,0.5,
1,4,15.853,0,0,-0.13125,0.5,-0.5,0.5,0.5,
1,4,15.855,0,0,-0.13125,0.5,-0.5,0.5,0.5,
1,4,15.857,0,0,-0.13125,0.5,-0.5,0.5,0.5,
1,4,15.859,0,0,-0.13125,0.5,-0.5,0.5,0.5,
1,4,15.861,0,0,-0.13125,0.5,-0.5,0.5,0.5,
1,4,15.863,0,0,-0.13125,0.5,-0.5,0.5,0.5,
1,4,15.865,0,0,-0.13125,0.5,-0.5,0.5,0.5,
1,4,15.867,0,0,-0.13125,0.5,-0.5,0.5,0.5,
1,4,15.869,0,0,-0.13125,0.5,-0.5,0.5,0.5,
1,4,15.871,0,0,-0.13125,0.5,-0.5,0.5,0.5,
1,4,15.873,0,0,-0.13125,0.5,-0.5,0.5,0.5,
1,4,15.875,0,0,-0.13125,0.5,-0.5,0.5,0.5,
1,4,15.877,0,0,-0.13125,0.5,-0.5,0.5,0.5,
1,4,15.879,0,0,-0.13125,0.5,-0.5,0.5,0.5,
1,4,15.881,0,0,-0.13125,0.5,-0.5,0.5,0.5,
1,4,15.883,0,0,-0.13125,0.5,-0.5,0.5,0.5,
1,4,15.885,0,0,-0.13125,0.5,-0.5,0.5,0.5,
1,4,15.887,0,0,-0.13125,0.5,-0.5,0.5,0.5,
1,4,15.889,0,0,-0.13125,0.5,-0.5,0.5,0.5,
1,4,15.891,0,0,-0.13125,0.5,-0.5,0.5,0.5,
1,4,15.893,0,0,-0.13125,0.5,-0.5,0.5,0.5,
1,4,15.895,0,0,-0.13125,0.5,-0.5,0.5,0.5,
1,4,15.897,0,0,-0.13125,0.5,-0.5,0.5,0.5,
1,4,15.899,0,0,-0.13125,0.5,-0.5,0.5,0.5,
1,4,15.901,0,0,-0.13125,0.5,-0.5,0.5,0.5,
1,4,15.903,0,0,-0.13125,0.5,-0.5,0.5,0.5,
1,4,15.905,0,0,-0.13125,0.5,-0.5,0.5,0.5,
1,4,15.907,0,0,-0.13125,0.5,-0.5,0.5,0.5,
1,4,15.909,0,0,-0.13125,0.5,-0.5,0.5,0.5,
1,4,15.911,0,0,-0.13125,0.5,-0.5,0.5,0.5,
1,4,15.913,0,0,-0.13125,0.5,-0.5,0.5,0.5,
1,4,15.915,0,0,-0.13125,0.5,-0.5,0.5,0.5,
1,4,15.917,0,0,-0.13125,0.5,-0.5,0.5,0.5,
1,4,15.919,0,0,-0.13125,0.5,-0.5,0.5,0.5,
1,4,15.921,0,0,-0.13125,0.5,-0.5,0.5,0.5,
1,4,15.923,0,0,-0.13125,0.5,-0.5,0.5,0.5,
1,4,15.925,0,0,-0.13125,0.5,-0.5,0.5,0.5,
1,4,15.927,0,0,-0.13125,0.5,-0.5,0.5,0.5,
1,4,15.929,0,0,-0.13125,0.5,-0.5,0.5,0.5,
1,4,15.931,0,0,-0.13125,0.5,-0.5,0.5,0.5,
1,4,15.933,0,0,-0.13125,0.5,-0.5,0.5,0.5,
1,4,15.935,0,0,-0.13125,0.5,-0.5,0.5,0.5,
1,4,15.937,0,0,-0.13125,0.5,-0.5,0.5,0.5,
1,4,15.939,0,0,-0.13125,0.5,-0.5,0.5,0.5,
1,4,15.941,0,0,-0.13125,0.5,-0.5,0.5,0.5,
1,4,15.943,0,0,-0.13125,0.5,-0.5,0.5,0.5,
1,4,15.945,0,0,-0.13125,0.5,-0.5,0.5,0.5,
1,4,15.947,0,0,-0.13125,0.5,-0.5,0.5,0.5,
1,4,15.949,0,0,-0.13125,0.5,-0.5,0.5,0.5,
1,4,15.951,0,0,-0.13125,0.5,-0.5,0.5,0.5,
1,4,15.953,0,0,-0.13125,0.5,-0.5,0.5,0.5,
1,4,15.955,0,0,-0.13125,0.5,-0.5,0.5,0.5,
1,4,15.957,0,0,-0.13125,0.5,-0.5,0.5,0.5,
1,4,15.959,0,0,-0.13125,0.5,-0.5,0.5,0.5,
1,4,15.961,0,0,-0.13125,0.5,-0.5,0.5,0.5,
1,4,15.963,0,0,-0.13125,0.5,-0.5,0.5,0.5,
1,4,15.965,0,0,-0.13125,0.5,-0.5,0.5,0.5,
1,4,15.967,0,0,-0.13125,0.5,-0.5,0.5,0.5,
1,4,15.969,0,0,-0.13125,0.5,-0.5,0.5,0.5,
1,4,15.971,0,0,-0.13125,0.5,-0.5,0.5,0.5,
1,4,15.973,0,0,-0.13125,0.5,-0.5,0.5,0.5,
1,4,15.975,0,0,-0.13125,0.5,-0.5,0.5,0.5,
1,4,15.977,0,0,-0.13125,0.5,-0.5,0.5,0.5,
1,4,15.979,0,0,-0.13125,0.5,-0.5,0.5,0.5,
1,4,15.981,0,0,-0.13125,0.5,-0.5,0.5,0.5,
1,4,15.983,0,0,-0.13125,0.5,-0.5,0.5,0.5,
1,4,15.985,0,0,-0.13125,0.5,-0.5,0.5,0.5,
1,4,15.987,0,0,-0.13125,0.5,-0.5,0.5,0.5,
1,4,15.989,0,0,-0.13125,0.5,-0.5,0.5,0.5,
1,4,15.991,0,0,-0.13125,0.5,-0.5,0.5,0.5,
1,4,15.993,0,0,-0.13125,0.5,-0.5,0.5,0.5,
1,4,15.995,0,0,-0.13125,0.5,-0.5,0.5,0.5,
1,4,15.997,0,0,-0.13125,0.5,-0.5,0.5,0.5,
1,4,15.999,0,0,-0.13125,0.5,-0.5,0.5,0.5,
1,4,16.001,0,0,-0.13125,0.5,-0.5,0.5,0.5,
1,4,16.003,0,0,-0.13125,0.5,-0.5,0.5,0.5,
1,4,16.005,0,0,-0.13125,0.5,-0.5,0.5,0.5,
1,4,16.007,0,0,-0.13125,0.5,-0.5,0.5,0.5,
1,4,16.009,0,0,-0.13125,0.5,-0.5,0.5,0.5,
1,4,16.011,0,0,-0.13125,0.5,-0.5,0.5,0.5,
1,4,16.013,0,0,-0.13125,0.5,-0.5,0.5,0.5,
1,4,16.015,0,0,-0.13125,0.5,-0.5,0.5,0.5,
1,4,16.017,0,0,-0.13125,0.5,-0.5,0.5,0.5,
1,4,16.019,0,0,-0.13125,0.5,-0.5,0.5,0.5,
1,4,16.021,0,0,-0.13125,0.5,-0.5,0.5,0.5,
1,4,16.023,0,0,-0.13125,0.5,-0.5,0.5,0.5,
1,4,16.025,0,0,-0.13125,0.5,-0.5,0.5,0.5,
1,4,16.027,0,0,-0.13125,0.5,-0.5,0.5,0.5,
1,4,16.029,0,0,-0.13125,0.5,-0.5,0.5,0.5,
1,4,16.031,0,0,-0.13125,0.5,-0.5,0.5,0.5,
1,4,16.033,0,0,-0.13125,0.5,-0.5,0.5,0.5,
1,4,16.035,0,0,-0.13125,0.5,-0.5,0.5,0.5,
1,4,16.037,0,0,-0.13125,0.5,-0.5,0.5,0.5,
1,4,16.039,0,0,-0.13125,0.5,-0.5,0.5,0.5,
1,4,16.041,0,0,-0.13125,0.5,-0.5,0.5,0.5,
1,4,16.043,0,0,-0.13125,0.5,-0.5,0.5,0.5,
1,4,16.045,0,0,-0.13125,0.5,-0.5,0.5,0.5,
1,4,16.047,0,0,-0.13125,0.5,-0.5,0.5,0.5,
1,4,16.049,0,0,-0.13125,0.5,-0.5,0.5,0.5,
1,4,16.051,0,0,-0.13125,0.5,-0.5,0.5,0.5,
1,4,16.053,0,0,-0.13125,0.5,-0.5,0.5,0.5,
1,4,16.055,0,0,-0.13125,0.5,-0.5,0.5,0.5,
1,4,16.057,0,0,-0.13125,0.5,-0.5,0.5,0.5,
1,4,16.059,0,0,-0.13125,0.5,-0.5,0.5,0.5,
1,4,16.061,0,0,-0.13125,0.5,-0.5,0.5,0.5,
1,4,16.063,0,0,-0.13125,0.5,-0.5,0.5,0.5,
1,4,16.065,0,0,-0.13125,0.5,-0.5,0.5,0.5,
1,4,16.067,0,0,-0.13125,0.5,-0.5,0.5,0.5,
1,4,16.069,0,0,-0.13125,0.5,-0.5,0.5,0.5,
1,4,16.071,0,0,-0.13125,0.5,-0.5,0.5,0.5,
1,4,16.073,0,0,-0.13125,0.5,-0.5,0.5,0.5,
1,4,16.075,0,0,-0.13125,0.5,-0.5,0.5,0.5,
1,4,16.077,0,0,-0.13125,0.5,-0.5,0.5,0.5,
1,4,16.079,0,0,-0.13125,0.5,-0.5,0.5,0.5,
1,4,16.081,0,0,-0.13125,0.5,-0.5,0.5,0.5,
1,4,16.083,0,0,-0.13125,0.5,-0.5,0.5,0.5,
1,4,16.085,0,0,-0.13125,0.5,-0.5,0.5,0.5,
1,4,16.087,0,0,-0.13125,0.5,-0.5,0.5,0.5,
1,4,16.089,0,0,-0.13125,0.5,-0.5,0.5,0.5,
1,4,16.091,0,0,-0.13125,0.5,-0.5,0.5,0.5,
1,4,16.093,0,0,-0.13125,0.5,-0.5,0.5,0.5,
1,4,16.095,0,0,-0.13125,0.5,-0.5,0.5,0.5,
1,4,16.097,0,0,-0.13125,0.5,-0.5,0.5,0.5,
1,4,16.099,0,0,-0.13125,0.5,-0.5,0.5,0.5,
1,4,16.101,0,0,-0.13125,0.5,-0.5,0.5,0.5,
1,4,16.103,0,0,-0.13125,0.5,-0.5,0.5,0.5,
1,4,16.105,0,0,-0.13125,0.5,-0.5,0.5,0.5,
1,4,16.107,0,0,-0.13125,0.5,-0.5,0.5,0.5,
1,4,16.109,0,0,-0.13125,0.5,-0.5,0.5,0.5,
1,4,16.111,0,0,-0.13125,0.5,-0.5,0.5,0.5,
1,4,16.113,0,0,-0.13125,0.5,-0.5,0.5,0.5,
1,4,16.115,0,0,-0.13125,0.5,-0.5,0.5,0.5,
1,4,16.117,0,0,-0.13125,0.5,-0.5,0.5,0.5,
1,4,16.119,0,0,-0.13125,0.5,-0.5,0.5,0.5,
1,4,16.121,0,0,-0.13125,0.5,-0.5,0.5,0.5,
1,4,16.123,0,0,-0.13125,0.5,-0.5,0.5,0.5,
1,4,16.125,0,0,-0.13125,0.5,-0.5,0.5,0.5,
1,4,16.127,0,0,-0.13125,0.5,-0.5,0.5,0.5,
1,4,16.129,0,0,-0.13125,0.5,-0.5,0.5,0.5,
1,4,16.131,0,0,-0.13125,0.5,-0.5,0.5,0.5,
1,4,16.133,0,0,-0.13125,0.5,-0.5,0.5,0.5,
1,4,16.135,0,0,-0.13125,0.5,-0.5,0.5,0.5,
1,4,16.137,0,0,-0.13125,0.5,-0.5,0.5,0.5,
1,4,16.139,0,0,-0.13125,0.5,-0.5,0.5,0.5,
1,4,16.141,0,0,-0.13125,0.5,-0.5,0.5,0.5,
1,4,16.143,0,0,-0.13125,0.5,-0.5,0.5,0.5,
1,4,16.145,0,0,-0.13125,0.5,-0.5,0.5,0.5,
1,4,16.147,0,0,-0.13125,0.5,-0.5,0.5,0.5,
1,4,16.149,0,0,-0.13125,0.5,-0.5,0.5,0.5,
1,4,16.151,0,0,-0.13125,0.5,-0.5,0.5,0.5,
1,4,16.153,0,0,-0.13125,0.5,-0.5,0.5,0.5,
1,4,16.155,0,0,-0.13125,0.5,-0.5,0.5,0.5,
1,4,16.157,0,0,-0.13125,0.5,-0.5,0.5,0.5,
1,4,16.159,0,0,-0.13125,0.5,-0.5,0.5,0.5,
1,4,16.161,0,0,-0.13125,0.5,-0.5,0.5,0.5,
1,4,16.163,0,0,-0.13125,0.5,-0.5,0.5,0.5,
1,4,16.165,0,0,-0.13125,0.5,-0.5,0.5,0.5,
1,4,16.167,0,0,-0.13125,0.5,-0.5,0.5,0.5,
1,4,16.169,0,0,-0.13125,0.5,-0.5,0.5,0.5,
1,4,16.171,0,0,-0.13125,0.5,-0.5,0.5,0.5,
1,4,16.173,0,0,-0.13125,0.5,-0.5,0.5,0.5,
1,4,16.175,0,0,-0.13125,0.5,-0.5,0.5,0.5,
1,4,16.177,0,0,-0.13125,0.5,-0.5,0.5,0.5,
1,4,16.179,0,0,-0.13125,0.5,-0.5,0.5,0.5,
1,4,16.181,0,0,-0.13125,0.5,-0.5,0.5,0.5,
1,4,16.183,0,0,-0.13125,0.5,-0.5,0.5,0.5,
1,4,16.185,0,0,-0.13125,0.5,-0.5,0.5,0.5,
1,4,16.187,0,0,-0.13125,0.5,-0.5,0.5,0.5,
1,4,16.189,0,0,-0.13125,0.5,-0.5,0.5,0.5,
1,4,16.191,0,0,-0.13125,0.5,-0.5,0.5,0.5,
1,4,16.193,0,0,-0.13125,0.5,-0.5,0.5,0.5,
1,4,16.195,0,0,-0.13125,0.5,-0.5,0.5,0.5,
1,4,16.197,0,0,-0.13125,0.5,-0.5,0.5,0.5,
1,4,16.199,0,0,-0.13125,0.5,-0.5,0.5,0.5,
1,4,16.201,0,0,-0.13125,0.5,-0.5,0.5,0.5,
1,4,16.203,0,0,-0.13125,0.5,-0.5,0.5,0.5,
1,4,16.205,0,0,-0.13125,0.5,-0.5,0.5,0.5,
1,4,16.207,0,0,-0.13125,0.5,-0.5,0.5,0.5,
1,4,16.209,0,0,-0.13125,0.5,-0.5,0.5,0.5,
1,4,16.211,0,0,-0.13125,0.5,-0.5,0.5,0.5,
1,4,16.213,0,0,-0.13125,0.5,-0.5,0.5,0.5,
1,4,16.215,0,0,-0.13125,0.5,-0.5,0.5,0.5,
1,4,16.217,0,0,-0.13125,0.5,-0.5,0.5,0.5,
1,4,16.219,0,0,-0.13125,0.5,-0.5,0.5,0.5,
1,4,16.221,0,0,-0.13125,0.5,-0.5,0.5,0.5,
1,4,16.223,0,0,-0.13125,0.5,-0.5,0.5,0.5,
1,4,16.225,0,0,-0.13125,0.5,-0.5,0.5,0.5,
1,4,16.227,0,0,-0.13125,0.5,-0.5,0.5,0.5,
1,4,16.229,0,0,-0.13125,0.5,-0.5,0.5,0.5,
1,4,16.231,0,0,-0.13125,0.5,-0.5,0.5,0.5,
1,4,16.233,0,0,-0.13125,0.5,-0.5,0.5,0.5,
1,4,16.235,0,0,-0.13125,0.5,-0.5,0.5,0.5,
1,4,16.237,0,0,-0.13125,0.5,-0.5,0.5,0.5,
1,4,16.239,0,0,-0.13125,0.5,-0.5,0.5,0.5,
1,4,16.241,0,0,-0.13125,0.5,-0.5,0.5,0.5,
1,4,16.243,0,0,-0.13125,0.5,-0.5,0.5,0.5,
1,4,16.245,0,0,-0.13125,0.5,-0.5,0.5,0.5,
1,4,16.247,0,0,-0.13125,0.5,-0.5,0.5,0.5,
1,4,16.249,0,0,-0.13125,0.5,-0.5,0.5,0.5,
1,4,16.251,0,0,-0.13125,0.5,-0.5,0.5,0.5,
1,4,16.253,0,0,-0.13125,0.5,-0.5,0.5,0.5,
1,4,16.255,0,0,-0.13125,0.5,-0.5,0.5,0.5,
1,4,16.257,0,0,-0.13125,0.5,-0.5,0.5,0.5,
1,4,16.259,0,0,-0.13125,0.5,-0.5,0.5,0.5,
1,4,16.261,0,0,-0.13125,0.5,-0.5,0.5,0.5,
1,4,16.263,0,0,-0.13125,0.5,-0.5,0.5,0.5,
1,4,16.265,0,0,-0.13125,0.5,-0.5,0.5,0.5,
1,4,16.267,0,0,-0.13125,0.5,-0.5,0.5,0.5,
1,4,16.269,0,0,-0.13125,0.5,-0.5,0.5,0.5,
1,4,16.271,0,0,-0.13125,0.5,-0.5,0.5,0.5,
1,4,16.273,0,0,-0.13125,0.5,-0.5,0.5,0.5,
1,4,16.275,0,0,-0.13125,0.5,-0.5,0.5,0.5,
1,4,16.277,0,0,-0.13125,0.5,-0.5,0.5,0.5,
1,4,16.279,0,0,-0.13125,0.5,-0.5,0.5,0.5,
1,4,16.281,0,0,-0.13125,0.5,-0.5,0.5,0.5,
1,4,16.283,0,0,-0.13125,0.5,-0.5,0.5,0.5,
1,4,16.285,0,0,-0.13125,0.5,-0.5,0.5,0.5,
1,4,16.287,0,0,-0.13125,0.5,-0.5,0.5,0.5,
1,4,16.289,0,0,-0.13125,0.5,-0.5,0.5,0.5,
1,4,16.291,0,0,-0.13125,0.5,-0.5,0.5,0.5,
1,4,16.293,0,0,-0.13125,0.5,-0.5,0.5,0.5,
1,4,16.295,0,0,-0.13125,0.5,-0.5,0.5,0.5,
1,4,16.297,0,0,-0.13125,0.5,-0.5,0.5,0.5,
1,4,16.299,0,0,-0.13125,0.5,-0.5,0.5,0.5,
1,4,16.301,0,0,-0.13125,0.5,-0.5,0.5,0.5,
1,4,16.303,0,0,-0.13125,0.5,-0.5,0.5,0.5,
1,4,16.305,0,0,-0.13125,0.5,-0.5,0.5,0.5,
1,4,16.307,0,0,-0.13125,0.5,-0.5,0.5,0.5,
1,4,16.309,0,0,-0.13125,0.5,-0.5,0.5,0.5,
1,4,16.311,0,0,-0.13125,0.5,-0.5,0.5,0.5,
1,4,16.313,0,0,-0.13125,0.5,-0.5,0.5,0.5,
1,4,16.315,0,0,-0.13125,0.5,-0.5,0.5,0.5,
1,4,16.317,0,0,-0.13125,0.5,-0.5,0.5,0.5,
1,4,16.319,0,0,-0.13125,0.5,-0.5,0.5,0.5,
1,4,16.321,0,0,-0.13125,0.5,-0.5,0.5,0.5,
1,4,16.323,0,0,-0.13125,0.5,-0.5,0.5,0.5,
1,4,16.325,0,0,-0.13125,0.5,-0.5,0.5,0.5,
1,4,16.327,0,0,-0.13125,0.5,-0.5,0.5,0.5,
1,4,16.329,0,0,-0.13125,0.5,-0.5,0.5,0.5,
1,4,16.331,0,0,-0.13125,0.5,-0.5,0.5,0.5,
1,4,16.333,0,0,-0.13125,0.5,-0.5,0.5,0.5,
1,4,16.335,0,0,-0.13125,0.5,-0.5,0.5,0.5,
1,4,16.337,0,0,-0.13125,0.5,-0.5,0.5,0.5,
1,4,16.339,0,0,-0.13125,0.5,-0.5,0.5,0.5,
1,4,16.341,0,0,-0.13125,0.5,-0.5,0.5,0.5,
1,4,16.343,0,0,-0.13125,0.5,-0.5,0.5,0.5,
1,4,16.345,0,0,-0.13125,0.5,-0.5,0.5,0.5,
1,4,16.347,0,0,-0.13125,0.5,-0.5,0.5,0.5,
1,4,16.349,0,0,-0.13125,0.5,-0.5,0.5,0.5,
1,4,16.351,0,0,-0.13125,0.5,-0.5,0.5,0.5,
1,4,16.353,0,0,-0.13125,0.5,-0.5,0.5,0.5,
1,4,16.355,0,0,-0.13125,0.5,-0.5,0.5,0.5,
1,4,16.357,0,0,-0.13125,0.5,-0.5,0.5,0.5,
1,4,16.359,0,0,-0.13125,0.5,-0.5,0.5,0.5,
1,4,16.361,0,0,-0.13125,0.5,-0.5,0.5,0.5,
1,4,16.363,0,0,-0.13125,0.5,-0.5,0.5,0.5,
1,4,16.365,0,0,-0.13125,0.5,-0.5,0.5,0.5,
1,4,16.367,0,0,-0.13125,0.5,-0.5,0.5,0.5,
1,4,16.369,0,0,-0.13125,0.5,-0.5,0.5,0.5,
1,4,16.371,0,0,-0.13125,0.5,-0.5,0.5,0.5,
1,4,16.373,0,0,-0.13125,0.5,-0.5,0.5,0.5,
1,4,16.375,0,0,-0.13125,0.5,-0.5,0.5,0.5,
1,4,16.377,0,0,-0.13125,0.5,-0.5,0.5,0.5,
1,4,16.379,0,0,-0.13125,0.5,-0.5,0.5,0.5,
1,4,16.381,0,0,-0.13125,0.5,-0.5,0.5,0.5,
1,4,16.383,0,0,-0.13125,0.5,-0.5,0.5,0.5,
1,4,16.385,0,0,-0.13125,0.5,-0.5,0.5,0.5,
1,4,16.387,0,0,-0.13125,0.5,-0.5,0.5,0.5,
1,4,16.389,0,0,-0.13125,0.5,-0.5,0.5,0.5,
1,4,16.391,0,0,-0.13125,0.5,-0.5,0.5,0.5,
1,4,16.393,0,0,-0.13125,0.5,-0.5,0.5,0.5,
1,4,16.395,0,0,-0.13125,0.5,-0.5,0.5,0.5,
1,4,16.397,0,0,-0.13125,0.5,-0.5,0.5,0.5,
1,4,16.399,0,0,-0.13125,0.5,-0.5,0.5,0.5,
1,4,16.401,0,0,-0.13125,0.5,-0.5,0.5,0.5,
1,4,16.403,0,0,-0.13125,0.5,-0.5,0.5,0.5,
1,4,16.405,0,0,-0.13125,0.5,-0.5,0.5,0.5,
1,4,16.407,0,0,-0.13125,0.5,-0.5,0.5,0.5,
1,4,16.409,0,0,-0.13125,0.5,-0.5,0.5,0.5,
1,4,16.411,0,0,-0.13125,0.5,-0.5,0.5,0.5,
1,4,16.413,0,0,-0.13125,0.5,-0.5,0.5,0.5,
1,4,16.415,0,0,-0.13125,0.5,-0.5,0.5,0.5,
1,4,16.417,0,0,-0.13125,0.5,-0.5,0.5,0.5,
1,4,16.419,0,0,-0.13125,0.5,-0.5,0.5,0.5,CourtEnter
1,4,16.421,0,0,-0.13125,0.5,-0.5,0.5,0.5,
1,4,16.423,0,0,-0.13125,0.5,-0.5,0.5,0.5,
1,4,16.425,0,0,-0.13125,0.5,-0.5,0.5,0.5,
1,4,16.427,0,0,-0.13125,0.5,-0.5,0.5,0.5,
1,4,16.429,0,0,-0.13125,0.5,-0.5,0.5,0.5,CourtExit
1,4,16.431,0,0,-0.13125,0.5,-0.5,0.5,0.5,
1,4,16.433,0,0,-0.13125,0.5,-0.5,0.5,0.5,
1,4,16.435,0,0,-0.13125,0.5,-0.5,0.5,0.5,
1,4,16.437,0,0,-0.13125,0.5,-0.5,0.5,0.5,
1,4,16.439,0,0,-0.13125,0.5,-0.5,0.5,0.5,
1,4,16.441,0,0,-0.13125,0.5,-0.5,0.5,0.5,
1,4,16.443,0,0,-0.13125,0.5,-0.5,0.5,0.5,
1,4,16.445,0,0,-0.13125,0.5,-0.5,0.5,0.5,
1,4,16.447,0,0,-0.13125,0.5,-0.5,0.5,0.5,
1,4,16.449,0,0,-0.13125,0.5,-0.5,0.5,0.5,
1,4,16.451,0,0,-0.13125,0.5,-0.5,0.5,0.5,
1,4,16.453,0,0,-0.13125,0.5,-0.5,0.5,0.5,
1,4,16.455,0,0,-0.13125,0.5,-0.5,0.5,0.5,
1,4,16.457,0,0,-0.13125,0.5,-0.5,0.5,0.5,
1,4,16.459,0,0,-0.13125,0.5,-0.5,0.5,0.5,
1,4,16.461,0,0,-0.13125,0.5,-0.5,0.5,0.5,
1,4,16.463,0,0,-0.13125,0.5,-0.5,0.5,0.5,
1,4,16.465,0,0,-0.13125,0.5,-0.5,0.5,0.5,
1,4,16.467,0,0,-0.13125,0.5,-0.5,0.5,0.5,
1,4,16.469,0,0,-0.13125,0.5,-0.5,0.5,0.5,
1,4,16.471,0,0,-0.13125,0.5,-0.5,0.5,0.5,
1,4,16.473,0,0,-0.13125,0.5,-0.5,0.5,0.5,
1,4,16.475,0,0,-0.13125,0.5,-0.5,0.5,0.5,
1,4,16.477,0,0,-0.13125,0.5,-0.5,0.5,0.5,
1,4,16.479,0,0,-0.13125,0.5,-0.5,0.5,0.5,
1,4,16.481,0,0,-0.13125,0.5,-0.5,0.5,0.5,
1,4,16.483,0,0,-0.13125,0.5,-0.5,0.5,0.5,
1,4,16.485,0,0,-0.13125,0.5,-0.5,0.5,0.5,
1,4,16.487,0,0,-0.13125,0.5,-0.5,0.5,0.5,
1,4,16.489,0,0,-0.13125,0.5,-0.5,0.5,0.5,
1,4,16.491,0,0,-0.13125,0.5,-0.5,0.5,0.5,
1,4,16.493,0,0,-0.13125,0.5,-0.5,0.5,0.5,
1,4,16.495,0,0,-0.13125,0.5,-0.5,0.5,0.5,
1,4,16.497,0,0,-0.13125,0.5,-0.5,0.5,0.5,
1,4,16.499,0,0,-0.13125,0.5,-0.5,0.5,0.5,
1,4,16.501,0,0,-0.13125,0.5,-0.5,0.5,0.5,
1,4,16.503,0,0,-0.13125,0.5,-0.5,0.5,0.5,
1,4,16.505,0,0,-0.13125,0.5,-0.5,0.5,0.5,
1,4,16.507,0,0,-0.13125,0.5,-0.5,0.5,0.5,
1,4,16.509,0,0,-0.13125,0.5,-0.5,0.5,0.5,
1,4,16.511,0,0,-0.13125,0.5,-0.5,0.5,0.5,
1,4,16.513,0,0,-0.13125,0.5,-0.5,0.5,0.5,
1,4,16.515,0,0,-0.13125,0.5,-0.5,0.5,0.5,
1,4,16.517,0,0,-0.13125,0.5,-0.5,0.5,0.5,
1,4,16.519,0,0,-0.13125,0.5,-0.5,0.5,0.5,
1,4,16.521,0,0,-0.13125,0.5,-0.5,0.5,0.5,
1,4,16.523,0,0,-0.13125,0.5,-0.5,0.5,0.5,
1,4,16.525,0,0,-0.13125,0.5,-0.5,0.5,0.5,
1,4,16.527,0,0,-0.13125,0.5,-0.5,0.5,0.5,
1,4,16.529,0,0,-0.13125,0.5,-0.5,0.5,0.5,
1,4,16.531,0,0,-0.13125,0.5,-0.5,0.5,0.5,
1,4,16.533,0,0,-0.13125,0.5,-0.5,0.5,0.5,
1,4,16.535,0,0,-0.13125,0.5,-0.5,0.5,0.5,
1,4,16.537,0,0,-0.13125,0.5,-0.5,0.5,0.5,
1,4,16.539,0,0,-0.13125,0.5,-0.5,0.5,0.5,
1,4,16.541,0,0,-0.13125,0.5,-0.5,0.5,0.5,
1,4,16.543,0,0,-0.13125,0.5,-0.5,0.5,0.5,
1,4,16.545,0,0,-0.13125,0.5,-0.5,0.5,0.5,
1,4,16.547,0,0,-0.13125,0.5,-0.5,0.5,0.5,
1,4,16.549,0,0,-0.13125,0.5,-0.5,0.5,0.5,
1,4,16.551,0,0,-0.13125,0.5,-0.5,0.5,0.5,
1,4,16.553,0,0,-0.13125,0.5,-0.5,0.5,0.5,
1,4,16.555,0,0,-0.13125,0.5,-0.5,0.5,0.5,
1,4,16.557,0,0,-0.13125,0.5,-0.5,0.5,0.5,
1,4,16.559,0,0,-0.13125,0.5,-0.5,0.5,0.5,
1,4,16.561,0,0,-0.13125,0.5,-0.5,0.5,0.5,
1,4,16.563,0,0,-0.13125,0.5,-0.5,0.5,0.5,
1,4,16.565,0,0,-0.13125,0.5,-0.5,0.5,0.5,
1,4,16.567,0,0,-0.13125,0.5,-0.5,0.5,0.5,
1,4,16.569,0,0,-0.13125,0.5,-0.5,0.5,0.5,
1,4,16.571,0,0,-0.13125,0.5,-0.5,0.5,0.5,
1,4,16.573,0,0,-0.13125,0.5,-0.5,0.5,0.5,
1,4,16.575,0,0,-0.13125,0.5,-0.5,0.5,0.5,
1,4,16.577,0,0,-0.13125,0.5,-0.5,0.5,0.5,
1,4,16.579,0,0,-0.13125,0.5,-0.5,0.5,0.5,
1,4,16.581,0,0,-0.13125,0.5,-0.5,0.5,0.5,
1,4,16.583,0,0,-0.13125,0.5,-0.5,0.5,0.5,
1,4,16.585,0,0,-0.13125,0.5,-0.5,0.5,0.5,
1,4,16.587,0,0,-0.13125,0.5,-0.5,0.5,0.5,
1,4,16.589,0,0,-0.13125,0.5,-0.5,0.5,0.5,
1,4,16.591,0,0,-0.13125,0.5,-0.5,0.5,0.5,
1,4,16.593,0,0,-0.13125,0.5,-0.5,0.5,0.5,
1,4,16.595,0,0,-0.13125,0.5,-0.5,0.5,0.5,
1,4,16.597,0,0,-0.13125,0.5,-0.5,0.5,0.5,
1,4,16.599,0,0,-0.13125,0.5,-0.5,0.5,0.5,
1,4,16.601,0,0,-0.13125,0.5,-0.5,0.5,0.5,
1,4,16.603,0,0,-0.13125,0.5,-0.5,0.5,0.5,
1,4,16.605,0,0,-0.13125,0.5,-0.5,0.5,0.5,
1,4,16.607,0,0,-0.13125,0.5,-0.5,0.5,0.5,
1,4,16.609,0,0,-0.13125,0.5,-0.5,0.5,0.5,
1,4,16.611,0,0,-0.13125,0.5,-0.5,0.5,0.5,
1,4,16.613,0,0,-0.13125,0.5,-0.5,0.5,0.5,
1,4,16.615,0,0,-0.13125,0.5,-0.5,0.5,0.5,
1,4,16.617,0,0,-0.13125,0.5,-0.5,0.5,0.5,
1,4,16.619,0,0,-0.13125,0.5,-0.5,0.5,0.5,
1,4,16.621,0,0,-0.13125,0.5,-0.5,0.5,0.5,
1,4,16.623,0,0,-0.13125,0.5,-0.5,0.5,0.5,
1,4,16.625,0,0,-0.13125,0.5,-0.5,0.5,0.5,
1,4,16.627,0,0,-0.13125,0.5,-0.5,0.5,0.5,
1,4,16.629,0,0,-0.13125,0.5,-0.5,0.5,0.5,
1,4,16.631,0,0,-0.13125,0.5,-0.5,0.5,0.5,
1,4,16.633,0,0,-0.13125,0.5,-0.5,0.5,0.5,
1,4,16.635,0,0,-0.13125,0.5,-0.5,0.5,0.5,
1,4,16.637,0,0,-0.13125,0.5,-0.5,0.5,0.5,
1,4,16.639,0,0,-0.13125,0.5,-0.5,0.5,0.5,
1,4,16.641,0,0,-0.13125,0.5,-0.5,0.5,0.5,
1,4,16.643,0,0,-0.13125,0.5,-0.5,0.5,0.5,
1,4,16.645,0,0,-0.13125,0.5,-0.5,0.5,0.5,
1,4,16.647,0,0,-0.13125,0.5,-0.5,0.5,0.5,
1,4,16.649,0,0,-0.13125,0.5,-0.5,0.5,0.5,
1,4,16.651,0,0,-0.13125,0.5,-0.5,0.5,0.5,
1,4,16.653,0,0,-0.13125,0.5,-0.5,0.5,0.5,
1,4,16.655,0,0,-0.13125,0.5,-0.5,0.5,0.5,
1,4,16.657,0,0,-0.13125,0.5,-0.5,0.5,0.5,
1,4,16.659,0,0,-0.13125,0.5,-0.5,0.5,0.5,
1,4,16.661,0,0,-0.13125,0.5,-0.5,0.5,0.5,
1,4,16.663,0,0,-0.13125,0.5,-0.5,0.5,0.5,
1,4,16.665,0,0,-0.13125,0.5,-0.5,0.5,0.5,
1,4,16.667,0,0,-0.13125,0.5,-0.5,0.5,0.5,
1,4,16.669,0,0,-0.13125,0.5,-0.5,0.5,0.5,
1,4,16.671,0,0,-0.13125,0.5,-0.5,0.5,0.5,
1,4,16.673,0,0,-0.13125,0.5,-0.5,0.5,0.5,
1,4,16.675,0,0,-0.13125,0.5,-0.5,0.5,0.5,
1,4,16.677,0,0,-0.13125,0.5,-0.5,0.5,0.5,
1,4,16.679,0,0,-0.13125,0.5,-0.5,0.5,0.5,
1,4,16.681,0,0,-0.13125,0.5,-0.5,0.5,0.5,
1,4,16.683,0,0,-0.13125,0.5,-0.5,0.5,0.5,
1,4,16.685,0,0,-0.13125,0.5,-0.5,0.5,0.5,
1,4,16.687,0,0,-0.13125,0.5,-0.5,0.5,0.5,
1,4,16.689,0,0,-0.13125,0.5,-0.5,0.5,0.5,
1,4,16.691,0,0,-0.13125,0.5,-0.5,0.5,0.5,
1,4,16.693,0,0,-0.13125,0.5,-0.5,0.5,0.5,
1,4,16.695,0,0,-0.13125,0.5,-0.5,0.5,0.5,
1,4,16.697,0,0,-0.13125,0.5,-0.5,0.5,0.5,
1,4,16.699,0,0,-0.13125,0.5,-0.5,0.5,0.5,
1,4,16.701,0,0,-0.13125,0.5,-0.5,0.5,0.5,
1,4,16.703,0,0,-0.13125,0.5,-0.5,0.5,0.5,
1,4,16.705,0,0,-0.13125,0.5,-0.5,0.5,0.5,
1,4,16.707,0,0,-0.13125,0.5,-0.5,0.5,0.5,
1,4,16.709,0,0,-0.13125,0.5,-0.5,0.5,0.5,
1,4,16.711,0,0,-0.13125,0.5,-0.5,0.5,0.5,
1,4,16.713,0,0,-0.13125,0.5,-0.5,0.5,0.5,
1,4,16.715,0,0,-0.13125,0.5,-0.5,0.5,0.5,
1,4,16.717,0,0,-0.13125,0.5,-0.5,0.5,0.5,
1,4,16.719,0,0,-0.13125,0.5,-0.5,0.5,0.5,
1,4,16.721,0,0,-0.13125,0.5,-0.5,0.5,0.5,
1,4,16.723,0,0,-0.13125,0.5,-0.5,0.5,0.5,
1,4,16.725,0,0,-0.13125,0.5,-0.5,0.5,0.5,
1,4,16.727,0,0,-0.13125,0.5,-0.5,0.5,0.5,
1,4,16.729,0,0,-0.13125,0.5,-0.5,0.5,0.5,
1,4,16.731,0,0,-0.13125,0.5,-0.5,0.5,0.5,
1,4,16.733,0,0,-0.13125,0.5,-0.5,0.5,0.5,
1,4,16.735,0,0,-0.13125,0.5,-0.5,0.5,0.5,
1,4,16.737,0,0,-0.13125,0.5,-0.5,0.5,0.5,
1,4,16.739,0,0,-0.13125,0.5,-0.5,0.5,0.5,
1,4,16.741,0,0,-0.13125,0.5,-0.5,0.5,0.5,
1,4,16.743,0,0,-0.13125,0.5,-0.5,0.5,0.5,
1,4,16.745,0,0,-0.13125,0.5,-0.5,0.5,0.5,
1,4,16.747,0,0,-0.13125,0.5,-0.5,0.5,0.5,
1,4,16.749,0,0,-0.13125,0.5,-0.5,0.5,0.5,
1,4,16.751,0,0,-0.13125,0.5,-0.5,0.5,0.5,
1,4,16.753,0,0,-0.13125,0.5,-0.5,0.5,0.5,
1,4,16.755,0,0,-0.13125,0.5,-0.5,0.5,0.5,
1,4,16.757,0,0,-0.13125,0.5,-0.5,0.5,0.5,
1,4,16.759,0,0,-0.13125,0.5,-0.5,0.5,0.5,
1,4,16.761,0,0,-0.13125,0.5,-0.5,0.5,0.5,
1,4,16.763,0,0,-0.13125,0.5,-0.5,0.5,0.5,
1,4,16.765,0,0,-0.13125,0.5,-0.5,0.5,0.5,
1,4,16.767,0,0,-0.13125,0.5,-0.5,0.5,0.5,
1,4,16.769,0,0,-0.13125,0.5,-0.5,0.5,0.5,
1,4,16.771,0,0,-0.13125,0.5,-0.5,0.5,0.5,
1,4,16.773,0,0,-0.13125,0.5,-0.5,0.5,0.5,
1,4,16.775,0,0,-0.13125,0.5,-0.5,0.5,0.5,
1,4,16.777,0,0,-0.13125,0.5,-0.5,0.5,0.5,
1,4,16.779,0,0,-0.13125,0.5,-0.5,0.5,0.5,
1,4,16.781,0,0,-0.13125,0.5,-0.5,0.5,0.5,
1,4,16.783,0,0,-0.13125,0.5,-0.5,0.5,0.5,
1,4,16.785,0,0,-0.13125,0.5,-0.5,0.5,0.5,
1,4,16.787,0,0,-0.13125,0.5,-0.5,0.5,0.5,
1,4,16.789,0,0,-0.13125,0.5,-0.5,0.5,0.5,
1,4,16.791,0,0,-0.13125,0.5,-0.5,0.5,0.5,
1,4,16.793,0,0,-0.13125,0.5,-0.5,0.5,0.5,
1,4,16.795,0,0,-0.13125,0.5,-0.5,0.5,0.5,
1,4,16.797,0,0,-0.13125,0.5,-0.5,0.5,0.5,
1,4,16.799,0,0,-0.13125,0.5,-0.5,0.5,0.5,
1,4,16.801,0,0,-0.13125,0.5,-0.5,0.5,0.5,
1,4,16.803,0,0,-0.13125,0.5,-0.5,0.5,0.5,
1,4,16.805,0,0,-0.13125,0.5,-0.5,0.5,0.5,
1,4,16.807,0,0,-0.13125,0.5,-0.5,0.5,0.5,
1,4,16.809,0,0,-0.13125,0.5,-0.5,0.5,0.5,
1,4,16.811,0,0,-0.13125,0.5,-0.5,0.5,0.5,
1,4,16.813,0,0,-0.13125,0.5,-0.5,0.5,0.5,
1,4,16.815,0,0,-0.13125,0.5,-0.5,0.5,0.5,
1,4,16.817,0,0,-0.13125,0.5,-0.5,0.5,0.5,
1,4,16.819,0,0,-0.13125,0.5,-0.5,0.5,0.5,
1,4,16.821,0,0,-0.13125,0.5,-0.5,0.5,0.5,
1,4,16.823,0,0,-0.13125,0.5,-0.5,0.5,0.5,
1,4,16.825,0,0,-0.13125,0.5,-0.5,0.5,0.5,
1,4,16.827,0,0,-0.13125,0.5,-0.5,0.5,0.5,
1,4,16.829,0,0,-0.13125,0.5,-0.5,0.5,0.5,
1,4,16.831,0,0,-0.13125,0.5,-0.5,0.5,0.5,
1,4,16.833,0,0,-0.13125,0.5,-0.5,0.5,0.5,
1,4,16.835,0,0,-0.13125,0.5,-0.5,0.5,0.5,
1,4,16.837,0,0,-0.13125,0.5,-0.5,0.5,0.5,
1,4,16.839,0,0,-0.13125,0.5,-0.5,0.5,0.5,
1,4,16.841,0,0,-0.13125,0.5,-0.5,0.5,0.5,
1,4,16.843,0,0,-0.13125,0.5,-0.5,0.5,0.5,
1,4,16.845,0,0,-0.13125,0.5,-0.5,0.5,0.5,
1,4,16.847,0,0,-0.13125,0.5,-0.5,0.5,0.5,
1,4,16.849,0,0,-0.13125,0.5,-0.5,0.5,0.5,
1,4,16.851,0,0,-0.13125,0.5,-0.5,0.5,0.5,
1,4,16.853,0,0,-0.13125,0.5,-0.5,0.5,0.5,
1,4,16.855,0,0,-0.13125,0.5,-0.5,0.5,0.5,
1,4,16.857,0,0,-0.13125,0.5,-0.5,0.5,0.5,
1,4,16.859,0,0,-0.13125,0.5,-0.5,0.5,0.5,
1,4,16.861,0,0,-0.13125,0.5,-0.5,0.5,0.5,
1,4,16.863,0,0,-0.13125,0.5,-0.5,0.5,0.5,
1,4,16.865,0,0,-0.13125,0.5,-0.5,0.5,0.5,
1,4,16.867,0,0,-0.13125,0.5,-0.5,0.5,0.5,
1,4,16.869,0,0,-0.13125,0.5,-0.5,0.5,0.5,
1,4,16.871,0,0,-0.13125,0.5,-0.5,0.5,0.5,
1,4,16.873,0,0,-0.13125,0.5,-0.5,0.5,0.5,
1,4,16.875,0,0,-0.13125,0.5,-0.5,0.5,0.5,
1,4,16.877,0,0,-0.13125,0.5,-0.5,0.5,0.5,
1,4,16.879,0,0,-0.13125,0.5,-0.5,0.5,0.5,
1,4,16.881,0,0,-0.13125,0.5,-0.5,0.5,0.5,
1,4,16.883,0,0,-0.13125,0.5,-0.5,0.5,0.5,
1,4,16.885,0,0,-0.13125,0.5,-0.5,0.5,0.5,
1,4,16.887,0,0,-0.13125,0.5,-0.5,0.5,0.5,
1,4,16.889,0,0,-0.13125,0.5,-0.5,0.5,0.5,
1,4,16.891,0,0,-0.13125,0.5,-0.5,0.5,0.5,
1,4,16.893,0,0,-0.13125,0.5,-0.5,0.5,0.5,
1,4,16.895,0,0,-0.13125,0.5,-0.5,0.5,0.5,
1,4,16.897,0,0,-0.13125,0.5,-0.5,0.5,0.5,
1,4,16.899,0,0,-0.13125,0.5,-0.5,0.5,0.5,
1,4,16.901,0,0,-0.13125,0.5,-0.5,0.5,0.5,
1,4,16.903,0,0,-0.13125,0.5,-0.5,0.5,0.5,
1,4,16.905,0,0,-0.13125,0.5,-0.5,0.5,0.5,
1,4,16.907,0,0,-0.13125,0.5,-0.5,0.5,0.5,
1,4,16.909,0,0,-0.13125,0.5,-0.5,0.5,0.5,
1,4,16.911,0,0,-0.13125,0.5,-0.5,0.5,0.5,
1,4,16.913,0,0,-0.13125,0.5,-0.5,0.5,0.5,
1,4,16.915,0,0,-0.13125,0.5,-0.5,0.5,0.5,
1,4,16.917,0,0,-0.13125,0.5,-0.5,0.5,0.5,
1,4,16.919,0,0,-0.13125,0.5,-0.5,0.5,0.5,
1,4,16.921,0,0,-0.13125,0.5,-0.5,0.5,0.5,
1,4,16.923,0,0,-0.13125,0.5,-0.5,0.5,0.5,
1,4,16.925,0,0,-0.13125,0.5,-0.5,0.5,0.5,
1,4,16.927,0,0,-0.13125,0.5,-0.5,0.5,0.5,
1,4,16.929,0,0,-0.13125,0.5,-0.5,0.5,0.5,
1,4,16.931,0,0,-0.13125,0.5,-0.5,0.5,0.5,
1,4,16.933,0,0,-0.13125,0.5,-0.5,0.5,0.5,
1,4,16.935,0,0,-0.13125,0.5,-0.5,0.5,0.5,
1,4,16.937,0,0,-0.13125,0.5,-0.5,0.5,0.5,
1,4,16.939,0,0,-0.13125,0.5,-0.5,0.5,0.5,
1,4,16.941,0,0,-0.13125,0.5,-0.5,0.5,0.5,
1,4,16.943,0,0,-0.13125,0.5,-0.5,0.5,0.5,
1,4,16.945,0,0,-0.13125,0.5,-0.5,0.5,0.5,
1,4,16.947,0,0,-0.13125,0.5,-0.5,0.5,0.5,
1,4,16.949,0,0,-0.13125,0.5,-0.5,0.5,0.5,
1,4,16.951,0,0,-0.13125,0.5,-0.5,0.5,0.5,
1,4,16.953,0,0,-0.13125,0.5,-0.5,0.5,0.5,
1,4,16.955,0,0,-0.13125,0.5,-0.5,0.5,0.5,
1,4,16.957,0,0,-0.13125,0.5,-0.5,0.5,0.5,
1,4,16.959,0,0,-0.13125,0.5,-0.5,0.5,0.5,
1,4,16.961,0,0,-0.13125,0.5,-0.5,0.5,0.5,
1,4,16.963,0,0,-0.13125,0.5,-0.5,0.5,0.5,
1,4,16.965,0,0,-0.13125,0.5,-0.5,0.5,0.5,
1,4,16.967,0,0,-0.13125,0.5,-0.5,0.5,0.5,
1,4,16.969,0,0,-0.13125,0.5,-0.5,0.5,0.5,
1,4,16.971,0,0,-0.13125,0.5,-0.5,0.5,0.5,
1,4,16.973,0,0,-0.13125,0.5,-0.5,0.5,0.5,
1,4,16.975,0,0,-0.13125,0.5,-0.5,0.5,0.5,
1,4,16.977,0,0,-0.13125,0.5,-0.5,0.5,0.5,
1,4,16.979,0,0,-0.13125,0.5,-0.5,0.5,0.5,
1,4,16.981,0,0,-0.13125,0.5,-0.5,0.5,0.5,
1,4,16.983,0,0,-0.13125,0.5,-0.5,0.5,0.5,
1,4,16.985,0,0,-0.13125,0.5,-0.5,0.5,0.5,
1,4,16.987,0,0,-0.13125,0.5,-0.5,0.5,0.5,
1,4,16.989,0,0,-0.13125,0.5,-0.5,0.5,0.5,
1,4,16.991,0,0,-0.13125,0.5,-0.5,0.5,0.5,
1,4,16.993,0,0,-0.13125,0.5,-0.5,0.5,0.5,
1,4,16.995,0,0,-0.13125,0.5,-0.5,0.5,0.5,
1,4,16.997,0,0,-0.13125,0.5,-0.5,0.5,0.5,
1,4,16.999,0,0,-0.13125,0.5,-0.5,0.5,0.5,
1,4,17.001,0,0,-0.13125,0.5,-0.5,0.5,0.5,
1,4,17.003,0,0,-0.13125,0.5,-0.5,0.5,0.5,
1,4,17.005,0,0,-0.13125,0.5,-0.5,0.5,0.5,
1,4,17.007,0,0,-0.13125,0.5,-0.5,0.5,0.5,
1,4,17.009,0,0,-0.13125,0.5,-0.5,0.5,0.5,
1,4,17.011,0,0,-0.13125,0.5,-0.5,0.5,0.5,
1,4,17.013,0,0,-0.13125,0.5,-0.5,0.5,0.5,
1,4,17.015,0,0,-0.13125,0.5,-0.5,0.5,0.5,
1,4,17.017,0,0,-0.13125,0.5,-0.5,0.5,0.5,
1,4,17.019,0,0,-0.13125,0.5,-0.5,0.5,0.5,
1,4,17.021,0,0,-0.13125,0.5,-0.5,0.5,0.5,
1,4,17.023,0,0,-0.13125,0.5,-0.5,0.5,0.5,
1,4,17.025,0,0,-0.13125,0.5,-0.5,0.5,0.5,
1,4,17.027,0,0,-0.13125,0.5,-0.5,0.5,0.5,
1,4,17.029,0,0,-0.13125,0.5,-0.5,0.5,0.5,
1,4,17.031,0,0,-0.13125,0.5,-0.5,0.5,0.5,
1,4,17.033,0,0,-0.13125,0.5,-0.5,0.5,0.5,
1,4,17.035,0,0,-0.13125,0.5,-0.5,0.5,0.5,
1,4,17.037,0,0,-0.13125,0.5,-0.5,0.5,0.5,
1,4,17.039,0,0,-0.13125,0.5,-0.5,0.5,0.5,
1,4,17.041,0,0,-0.13125,0.5,-0.5,0.5,0.5,
1,4,17.043,0,0,-0.13125,0.5,-0.5,0.5,0.5,
1,4,17.045,0,0,-0.13125,0.5,-0.5,0.5,0.5,
1,4,17.047,0,0,-0.13125,0.5,-0.5,0.5,0.5,
1,4,17.049,0,0,-0.13125,0.5,-0.5,0.5,0.5,
1,4,17.051,0,0,-0.13125,0.5,-0.5,0.5,0.5,
1,4,17.053,0,0,-0.13125,0.5,-0.5,0.5,0.5,
1,4,17.055,0,0,-0.13125,0.5,-0.5,0.5,0.5,
1,4,17.057,0,0,-0.13125,0.5,-0.5,0.5,0.5,
1,4,17.059,0,0,-0.13125,0.5,-0.5,0.5,0.5,
1,4,17.061,0,0,-0.13125,0.5,-0.5,0.5,0.5,
1,4,17.063,0,0,-0.13125,0.5,-0.5,0.5,0.5,
1,4,17.065,0,0,-0.13125,0.5,-0.5,0.5,0.5,
1,4,17.067,0,0,-0.13125,0.5,-0.5,0.5,0.5,
1,4,17.069,0,0,-0.13125,0.5,-0.5,0.5,0.5,
1,4,17.071,0,0,-0.13125,0.5,-0.5,0.5,0.5,
1,4,17.073,0,0,-0.13125,0.5,-0.5,0.5,0.5,
1,4,17.075,0,0,-0.13125,0.5,-0.5,0.5,0.5,
1,4,17.077,0,0,-0.13125,0.5,-0.5,0.5,0.5,
1,4,17.079,0,0,-0.13125,0.5,-0.5,0.5,0.5,
1,4,17.081,0,0,-0.13125,0.5,-0.5,0.5,0.5,
1,4,17.083,0,0,-0.13125,0.5,-0.5,0.5,0.5,
1,4,17.085,0,0,-0.13125,0.5,-0.5,0.5,0.5,
1,4,17.087,0,0,-0.13125,0.5,-0.5,0.5,0.5,
1,4,17.089,0,0,-0.13125,0.5,-0.5,0.5,0.5,
1,4,17.091,0,0,-0.13125,0.5,-0.5,0.5,0.5,CourtEnter
1,4,17.093,0,0,-0.13125,0.5,-0.5,0.5,0.5,
1,4,17.095,0,0,-0.13125,0.5,-0.5,0.5,0.5,
1,4,17.097,0,0,-0.13125,0.5,-0.5,0.5,0.5,
1,4,17.099,0,0,-0.13125,0.5,-0.5,0.5,0.5,
1,4,17.101,0,0,-0.13125,0.5,-0.5,0.5,0.5,
1,4,17.103,0,0,-0.13125,0.5,-0.5,0.5,0.5,
1,4,17.105,0,0,-0.13125,0.5,-0.5,0.5,0.5,CourtExit
1,4,17.107,0,0,-0.13125,0.5,-0.5,0.5,0.5,
1,4,17.109,0,0,-0.13125,0.5,-0.5,0.5,0.5,
1,4,17.111,0,0,-0.13125,0.5,-0.5,0.5,0.5,
1,4,17.113,0,0,-0.13125,0.5,-0.5,0.5,0.5,
1,4,17.115,0,0,-0.13125,0.5,-0.5,0.5,0.5,
1,4,17.117,0,0,-0.13125,0.5,-0.5,0.5,0.5,
1,4,17.119,0,0,-0.13125,0.5,-0.5,0.5,0.5,
1,4,17.121,0,0,-0.13125,0.5,-0.5,0.5,0.5,
1,4,17.123,0,0,-0.13125,0.5,-0.5,0.5,0.5,
1,4,17.125,0,0,-0.13125,0.5,-0.5,0.5,0.5,
1,4,17.127,0,0,-0.13125,0.5,-0.5,0.5,0.5,
1,4,17.129,0,0,-0.13125,0.5,-0.5,0.5,0.5,
1,4,17.131,0,0,-0.13125,0.5,-0.5,0.5,0.5,
1,4,17.133,0,0,-0.13125,0.5,-0.5,0.5,0.5,
1,4,17.135,0,0,-0.13125,0.5,-0.5,0.5,0.5,
1,4,17.137,0,0,-0.13125,0.5,-0.5,0.5,0.5,
1,4,17.139,0,0,-0.13125,0.5,-0.5,0.5,0.5,
1,4,17.141,0,0,-0.13125,0.5,-0.5,0.5,0.5,
1,4,17.143,0,0,-0.13125,0.5,-0.5,0.5,0.5,
1,4,17.145,0,0,-0.13125,0.5,-0.5,0.5,0.5,
1,4,17.147,0,0,-0.13125,0.5,-0.5,0.5,0.5,
1,4,17.149,0,0,-0.13125,0.5,-0.5,0.5,0.5,
1,4,17.151,0,0,-0.13125,0.5,-0.5,0.5,0.5,
1,4,17.153,0,0,-0.13125,0.5,-0.5,0.5,0.5,
1,4,17.155,0,0,-0.13125,0.5,-0.5,0.5,0.5,
1,4,17.157,0,0,-0.13125,0.5,-0.5,0.5,0.5,
1,4,17.159,0,0,-0.13125,0.5,-0.5,0.5,0.5,
1,4,17.161,0,0,-0.13125,0.5,-0.5,0.5,0.5,
1,4,17.163,0,0,-0.13125,0.5,-0.5,0.5,0.5,
1,4,17.165,0,0,-0.13125,0.5,-0.5,0.5,0.5,
1,4,17.167,0,0,-0.13125,0.5,-0.5,0.5,0.5,
1,4,17.169,0,0,-0.13125,0.5,-0.5,0.5,0.5,
1,4,17.171,0,0,-0.13125,0.5,-0.5,0.5,0.5,
1,4,17.173,0,0,-0.13125,0.5,-0.5,0.5,0.5,
1,4,17.175,0,0,-0.13125,0.5,-0.5,0.5,0.5,
1,4,17.177,0,0,-0.13125,0.5,-0.5,0.5,0.5,
1,4,17.179,0,0,-0.13125,0.5,-0.5,0.5,0.5,
1,4,17.181,0,0,-0.13125,0.5,-0.5,0.5,0.5,
1,4,17.183,0,0,-0.13125,0.5,-0.5,0.5,0.5,
1,4,17.185,0,0,-0.13125,0.5,-0.5,0.5,0.5,
1,4,17.187,0,0,-0.13125,0.5,-0.5,0.5,0.5,
1,4,17.189,0,0,-0.13125,0.5,-0.5,0.5,0.5,
1,4,17.191,0,0,-0.13125,0.5,-0.5,0.5,0.5,
1,4,17.193,0,0,-0.13125,0.5,-0.5,0.5,0.5,
1,4,17.195,0,0,-0.13125,0.5,-0.5,0.5,0.5,
1,4,17.197,0,0,-0.13125,0.5,-0.5,0.5,0.5,
1,4,17.199,0,0,-0.13125,0.5,-0.5,0.5,0.5,
1,4,17.201,0,0,-0.13125,0.5,-0.5,0.5,0.5,
1,4,17.203,0,0,-0.13125,0.5,-0.5,0.5,0.5,
1,4,17.205,0,0,-0.13125,0.5,-0.5,0.5,0.5,
1,4,17.207,0,0,-0.13125,0.5,-0.5,0.5,0.5,
1,4,17.209,0,0,-0.13125,0.5,-0.5,0.5,0.5,
1,4,17.211,0,0,-0.13125,0.5,-0.5,0.5,0.5,
1,4,17.213,0,0,-0.13125,0.5,-0.5,0.5,0.5,
1,4,17.215,0,0,-0.13125,0.5,-0.5,0.5,0.5,
1,4,17.217,0,0,-0.13125,0.5,-0.5,0.5,0.5,
1,4,17.219,0,0,-0.13125,0.5,-0.5,0.5,0.5,
1,4,17.221,0,0,-0.13125,0.5,-0.5,0.5,0.5,
1,4,17.223,0,0,-0.13125,0.5,-0.5,0.5,0.5,
1,4,17.225,0,0,-0.13125,0.5,-0.5,0.5,0.5,
1,4,17.227,0,0,-0.13125,0.5,-0.5,0.5,0.5,
1,4,17.229,0,0,-0.13125,0.5,-0.5,0.5,0.5,
1,4,17.231,0,0,-0.13125,0.5,-0.5,0.5,0.5,
1,4,17.233,0,0,-0.13125,0.5,-0.5,0.5,0.5,
1,4,17.235,0,0,-0.13125,0.5,-0.5,0.5,0.5,
1,4,17.237,0,0,-0.13125,0.5,-0.5,0.5,0.5,
1,4,17.239,0,0,-0.13125,0.5,-0.5,0.5,0.5,
1,4,17.241,0,0,-0.13125,0.5,-0.5,0.5,0.5,
1,4,17.243,0,0,-0.13125,0.5,-0.5,0.5,0.5,
1,4,17.245,0,0,-0.13125,0.5,-0.5,0.5,0.5,
1,4,17.247,0,0,-0.13125,0.5,-0.5,0.5,0.5,
1,4,17.249,0,0,-0.13125,0.5,-0.5,0.5,0.5,
1,4,17.251,0,0,-0.13125,0.5,-0.5,0.5,0.5,
1,4,17.253,0,0,-0.13125,0.5,-0.5,0.5,0.5,
1,4,17.255,0,0,-0.13125,0.5,-0.5,0.5,0.5,
1,4,17.257,0,0,-0.13125,0.5,-0.5,0.5,0.5,
1,4,17.259,0,0,-0.13125,0.5,-0.5,0.5,0.5,
1,4,17.261,0,0,-0.13125,0.5,-0.5,0.5,0.5,
1,4,17.263,0,0,-0.13125,0.5,-0.5,0.5,0.5,
1,4,17.265,0,0,-0.13125,0.5,-0.5,0.5,0.5,
1,4,17.267,0,0,-0.13125,0.5,-0.5,0.5,0.5,
1,4,17.269,0,0,-0.13125,0.5,-0.5,0.5,0.5,
1,4,17.271,0,0,-0.13125,0.5,-0.5,0.5,0.5,
1,4,17.273,0,0,-0.13125,0.5,-0.5,0.5,0.5,
1,4,17.275,0,0,-0.13125,0.5,-0.5,0.5,0.5,
1,4,17.277,0,0,-0.13125,0.5,-0.5,0.5,0.5,
1,4,17.279,0,0,-0.13125,0.5,-0.5,0.5,0.5,
1,4,17.281,0,0,-0.13125,0.5,-0.5,0.5,0.5,
1,4,17.283,0,0,-0.13125,0.5,-0.5,0.5,0.5,
1,4,17.285,0,0,-0.13125,0.5,-0.5,0.5,0.5,
1,4,17.287,0,0,-0.13125,0.5,-0.5,0.5,0.5,
1,4,17.289,0,0,-0.13125,0.5,-0.5,0.5,0.5,
1,4,17.291,0,0,-0.13125,0.5,-0.5,0.5,0.5,
1,4,17.293,0,0,-0.13125,0.5,-0.5,0.5,0.5,
1,4,17.295,0,0,-0.13125,0.5,-0.5,0.5,0.5,
1,4,17.297,0,0,-0.13125,0.5,-0.5,0.5,0.5,
1,4,17.299,0,0,-0.13125,0.5,-0.5,0.5,0.5,
1,4,17.301,0,0,-0.13125,0.5,-0.5,0.5,0.5,
1,4,17.303,0,0,-0.13125,0.5,-0.5,0.5,0.5,
1,4,17.305,0,0,-0.13125,0.5,-0.5,0.5,0.5,
1,4,17.307,0,0,-0.13125,0.5,-0.5,0.5,0.5,
1,4,17.309,0,0,-0.13125,0.5,-0.5,0.5,0.5,
1,4,17.311,0,0,-0.13125,0.5,-0.5,0.5,0.5,
1,4,17.313,0,0,-0.13125,0.5,-0.5,0.5,0.5,
1,4,17.315,0,0,-0.13125,0.5,-0.5,0.5,0.5,
1,4,17.317,0,0,-0.13125,0.5,-0.5,0.5,0.5,
1,4,17.319,0,0,-0.13125,0.5,-0.5,0.5,0.5,
1,4,17.321,0,0,-0.13125,0.5,-0.5,0.5,0.5,
1,4,17.323,0,0,-0.13125,0.5,-0.5,0.5,0.5,
1,4,17.325,0,0,-0.13125,0.5,-0.5,0.5,0.5,
1,4,17.327,0,0,-0.13125,0.5,-0.5,0.5,0.5,
1,4,17.329,0,0,-0.13125,0.5,-0.5,0.5,0.5,
1,4,17.331,0,0,-0.13125,0.5,-0.5,0.5,0.5,
1,4,17.333,0,0,-0.13125,0.5,-0.5,0.5,0.5,
1,4,17.335,0,0,-0.13125,0.5,-0.5,0.5,0.5,
1,4,17.337,0,0,-0.13125,0.5,-0.5,0.5,0.5,
1,4,17.339,0,0,-0.13125,0.5,-0.5,0.5,0.5,
1,4,17.341,0,0,-0.13125,0.5,-0.5,0.5,0.5,
1,4,17.343,0,0,-0.13125,0.5,-0.5,0.5,0.5,
1,4,17.345,0,0,-0.13125,0.5,-0.5,0.5,0.5,
1,4,17.347,0,0,-0.13125,0.5,-0.5,0.5,0.5,
1,4,17.349,0,0,-0.13125,0.5,-0.5,0.5,0.5,
1,4,17.351,0,0,-0.13125,0.5,-0.5,0.5,0.5,
1,4,17.353,0,0,-0.13125,0.5,-0.5,0.5,0.5,
1,4,17.355,0,0,-0.13125,0.5,-0.5,0.5,0.5,
1,4,17.357,0,0,-0.13125,0.5,-0.5,0.5,0.5,
1,4,17.359,0,0,-0.13125,0.5,-0.5,0.5,0.5,
1,4,17.361,0,0,-0.13125,0.5,-0.5,0.5,0.5,
1,4,17.363,0,0,-0.13125,0.5,-0.5,0.5,0.5,
1,4,17.365,0,0,-0.13125,0.5,-0.5,0.5,0.5,
1,4,17.367,0,0,-0.13125,0.5,-0.5,0.5,0.5,
1,4,17.369,0,0,-0.13125,0.5,-0.5,0.5,0.5,
1,4,17.371,0,0,-0.13125,0.5,-0.5,0.5,0.5,
1,4,17.373,0,0,-0.13125,0.5,-0.5,0.5,0.5,
1,4,17.375,0,0,-0.13125,0.5,-0.5,0.5,0.5,
1,4,17.377,0,0,-0.13125,0.5,-0.5,0.5,0.5,
1,4,17.379,0,0,-0.13125,0.5,-0.5,0.5,0.5,
1,4,17.381,0,0,-0.13125,0.5,-0.5,0.5,0.5,
1,4,17.383,0,0,-0.13125,0.5,-0.5,0.5,0.5,
1,4,17.385,0,0,-0.13125,0.5,-0.5,0.5,0.5,
1,4,17.387,0,0,-0.13125,0.5,-0.5,0.5,0.5,
1,4,17.389,0,0,-0.13125,0.5,-0.5,0.5,0.5,
1,4,17.391,0,0,-0.13125,0.5,-0.5,0.5,0.5,
1,4,17.393,0,0,-0.13125,0.5,-0.5,0.5,0.5,
1,4,17.395,0,0,-0.13125,0.5,-0.5,0.5,0.5,
1,4,17.397,0,0,-0.13125,0.5,-0.5,0.5,0.5,
1,4,17.399,0,0,-0.13125,0.5,-0.5,0.5,0.5,
1,4,17.401,0,0,-0.13125,0.5,-0.5,0.5,0.5,
1,4,17.403,0,0,-0.13125,0.5,-0.5,0.5,0.5,
1,4,17.405,0,0,-0.13125,0.5,-0.5,0.5,0.5,
1,4,17.407,0,0,-0.13125,0.5,-0.5,0.5,0.5,
1,4,17.409,0,0,-0.13125,0.5,-0.5,0.5,0.5,
1,4,17.411,0,0,-0.13125,0.5,-0.5,0.5,0.5,
1,4,17.413,0,0,-0.13125,0.5,-0.5,0.5,0.5,
1,4,17.415,0,0,-0.13125,0.5,-0.5,0.5,0.5,
1,4,17.417,0,0,-0.13125,0.5,-0.5,0.5,0.5,
1,4,17.419,0,0,-0.13125,0.5,-0.5,0.5,0.5,
1,4,17.421,0,0,-0.13125,0.5,-0.5,0.5,0.5,
1,4,17.423,0,0,-0.13125,0.5,-0.5,0.5,0.5,
1,4,17.425,0,0,-0.13125,0.5,-0.5,0.5,0.5,
1,4,17.427,0,0,-0.13125,0.5,-0.5,0.5,0.5,
1,4,17.429,0,0,-0.13125,0.5,-0.5,0.5,0.5,
1,4,17.431,0,0,-0.13125,0.5,-0.5,0.5,0.5,
1,4,17.433,0,0,-0.13125,0.5,-0.5,0.5,0.5,
1,4,17.435,0,0,-0.13125,0.5,-0.5,0.5,0.5,
1,4,17.437,0,0,-0.13125,0.5,-0.5,0.5,0.5,
1,4,17.439,0,0,-0.13125,0.5,-0.5,0.5,0.5,
1,4,17.441,0,0,-0.13125,0.5,-0.5,0.5,0.5,
1,4,17.443,0,0,-0.13125,0.5,-0.5,0.5,0.5,
1,4,17.445,0,0,-0.13125,0.5,-0.5,0.5,0.5,
1,4,17.447,0,0,-0.13125,0.5,-0.5,0.5,0.5,
1,4,17.449,0,0,-0.13125,0.5,-0.5,0.5,0.5,
1,4,17.451,0,0,-0.13125,0.5,-0.5,0.5,0.5,
1,4,17.453,0,0,-0.13125,0.5,-0.5,0.5,0.5,
1,4,17.455,0,0,-0.13125,0.5,-0.5,0.5,0.5,
1,4,17.457,0,0,-0.13125,0.5,-0.5,0.5,0.5,
1,4,17.459,0,0,-0.13125,0.5,-0.5,0.5,0.5,
1,4,17.461,0,0,-0.13125,0.5,-0.5,0.5,0.5,
1,4,17.463,0,0,-0.13125,0.5,-0.5,0.5,0.5,
1,4,17.465,0,0,-0.13125,0.5,-0.5,0.5,0.5,
1,4,17.467,0,0,-0.13125,0.5,-0.5,0.5,0.5,
1,4,17.469,0,0,-0.13125,0.5,-0.5,0.5,0.5,
1,4,17.471,0,0,-0.13125,0.5,-0.5,0.5,0.5,
1,4,17.473,0,0,-0.13125,0.5,-0.5,0.5,0.5,
1,4,17.475,0,0,-0.13125,0.5,-0.5,0.5,0.5,
1,4,17.477,0,0,-0.13125,0.5,-0.5,0.5,0.5,
1,4,17.479,0,0,-0.13125,0.5,-0.5,0.5,0.5,
1,4,17.481,0,0,-0.13125,0.5,-0.5,0.5,0.5,
1,4,17.483,0,0,-0.13125,0.5,-0.5,0.5,0.5,
1,4,17.485,0,0,-0.13125,0.5,-0.5,0.5,0.5,
1,4,17.487,0,0,-0.13125,0.5,-0.5,0.5,0.5,
1,4,17.489,0,0,-0.13125,0.5,-0.5,0.5,0.5,
1,4,17.491,0,0,-0.13125,0.5,-0.5,0.5,0.5,
1,4,17.493,0,0,-0.13125,0.5,-0.5,0.5,0.5,
1,4,17.495,0,0,-0.13125,0.5,-0.5,0.5,0.5,
1,4,17.497,0,0,-0.13125,0.5,-0.5,0.5,0.5,
1,4,17.499,0,0,-0.13125,0.5,-0.5,0.5,0.5,
1,4,17.501,0,0,-0.13125,0.5,-0.5,0.5,0.5,
1,4,17.503,0,0,-0.13125,0.5,-0.5,0.5,0.5,
1,4,17.505,0,0,-0.13125,0.5,-0.5,0.5,0.5,
1,4,17.507,0,0,-0.13125,0.5,-0.5,0.5,0.5,
1,4,17.509,0,0,-0.13125,0.5,-0.5,0.5,0.5,
1,4,17.511,0,0,-0.13125,0.5,-0.5,0.5,0.5,
1,4,17.513,0,0,-0.13125,0.5,-0.5,0.5,0.5,
1,4,17.515,0,0,-0.13125,0.5,-0.5,0.5,0.5,
1,4,17.517,0,0,-0.13125,0.5,-0.5,0.5,0.5,
1,4,17.519,0,0,-0.13125,0.5,-0.5,0.5,0.5,
1,4,17.521,0,0,-0.13125,0.5,-0.5,0.5,0.5,
1,4,17.523,0,0,-0.13125,0.5,-0.5,0.5,0.5,
1,4,17.525,0,0,-0.13125,0.5,-0.5,0.5,0.5,
1,4,17.527,0,0,-0.13125,0.5,-0.5,0.5,0.5,
1,4,17.529,0,0,-0.13125,0.5,-0.5,0.5,0.5,
1,4,17.531,0,0,-0.13125,0.5,-0.5,0.5,0.5,
1,4,17.533,0,0,-0.13125,0.5,-0.5,0.5,0.5,
1,4,17.535,0,0,-0.13125,0.5,-0.5,0.5,0.5,
1,4,17.537,0,0,-0.13125,0.5,-0.5,0.5,0.5,
1,4,17.539,0,0,-0.13125,0.5,-0.5,0.5,0.5,
1,4,17.541,0,0,-0.13125,0.5,-0.5,0.5,0.5,
1,4,17.543,0,0,-0.13125,0.5,-0.5,0.5,0.5,
1,4,17.545,0,0,-0.13125,0.5,-0.5,0.5,0.5,
1,4,17.547,0,0,-0.13125,0.5,-0.5,0.5,0.5,
1,4,17.549,0,0,-0.13125,0.5,-0.5,0.5,0.5,
1,4,17.551,0,0,-0.13125,0.5,-0.5,0.5,0.5,
1,4,17.553,0,0,-0.13125,0.5,-0.5,0.5,0.5,
1,4,17.555,0,0,-0.13125,0.5,-0.5,0.5,0.5,
1,4,17.557,0,0,-0.13125,0.5,-0.5,0.5,0.5,
1,4,17.559,0,0,-0.13125,0.5,-0.5,0.5,0.5,
1,4,17.561,0,0,-0.13125,0.5,-0.5,0.5,0.5,
1,4,17.563,0,0,-0.13125,0.5,-0.5,0.5,0.5,
1,4,17.565,0,0,-0.13125,0.5,-0.5,0.5,0.5,
1,4,17.567,0,0,-0.13125,0.5,-0.5,0.5,0.5,
1,4,17.569,0,0,-0.13125,0.5,-0.5,0.5,0.5,
1,4,17.571,0,0,-0.13125,0.5,-0.5,0.5,0.5,
1,4,17.573,0,0,-0.13125,0.5,-0.5,0.5,0.5,
1,4,17.575,0,0,-0.13125,0.5,-0.5,0.5,0.5,
1,4,17.577,0,0,-0.13125,0.5,-0.5,0.5,0.5,
1,4,17.579,0,0,-0.13125,0.5,-0.5,0.5,0.5,
1,4,17.581,0,0,-0.13125,0.5,-0.5,0.5,0.5,
1,4,17.583,0,0,-0.13125,0.5,-0.5,0.5,0.5,
1,4,17.585,0,0,-0.13125,0.5,-0.5,0.5,0.5,
1,4,17.587,0,0,-0.13125,0.5,-0.5,0.5,0.5,
1,4,17.589,0,0,-0.13125,0.5,-0.5,0.5,0.5,
1,4,17.591,0,0,-0.13125,0.5,-0.5,0.5,0.5,
1,4,17.593,0,0,-0.13125,0.5,-0.5,0.5,0.5,
1,4,17.595,0,0,-0.13125,0.5,-0.5,0.5,0.5,
1,4,17.597,0,0,-0.13125,0.5,-0.5,0.5,0.5,
1,4,17.599,0,0,-0.13125,0.5,-0.5,0.5,0.5,CourtEnter
1,4,17.601,0,0,-0.13125,0.5,-0.5,0.5,0.5,
1,4,17.603,0,0,-0.13125,0.5,-0.5,0.5,0.5,
1,4,17.605,0,0,-0.13125,0.5,-0.5,0.5,0.5,
1,4,17.607,0,0,-0.13125,0.5,-0.5,0.5,0.5,
1,4,17.609,0,0,-0.13125,0.5,-0.5,0.5,0.5,
1,4,17.611,0,0,-0.13125,0.5,-0.5,0.5,0.5,
1,4,17.613,0,0,-0.13125,0.5,-0.5,0.5,0.5,
1,4,17.615,0,0,-0.13125,0.5,-0.5,0.5,0.5,
1,4,17.617,0,0,-0.13125,0.5,-0.5,0.5,0.5,CourtExit
1,4,17.619,0,0,-0.13125,0.5,-0.5,0.5,0.5,
1,4,17.621,0,0,-0.13125,0.5,-0.5,0.5,0.5,
1,4,17.623,0,0,-0.13125,0.5,-0.5,0.5,0.5,
1,4,17.625,0,0,-0.13125,0.5,-0.5,0.5,0.5,
1,4,17.627,0,0,-0.13125,0.5,-0.5,0.5,0.5,
1,4,17.629,0,0,-0.13125,0.5,-0.5,0.5,0.5,
1,4,17.631,0,0,-0.13125,0.5,-0.5,0.5,0.5,
1,4,17.633,0,0,-0.13125,0.5,-0.5,0.5,0.5,
1,4,17.635,0,0,-0.13125,0.5,-0.5,0.5,0.5,
1,4,17.637,0,0,-0.13125,0.5,-0.5,0.5,0.5,
1,4,17.639,0,0,-0.13125,0.5,-0.5,0.5,0.5,
1,4,17.641,0,0,-0.13125,0.5,-0.5,0.5,0.5,
1,4,17.643,0,0,-0.13125,0.5,-0.5,0.5,0.5,
1,4,17.645,0,0,-0.13125,0.5,-0.5,0.5,0.5,
1,4,17.647,0,0,-0.13125,0.5,-0.5,0.5,0.5,
1,4,17.649,0,0,-0.13125,0.5,-0.5,0.5,0.5,
1,4,17.651,0,0,-0.13125,0.5,-0.5,0.5,0.5,
1,4,17.653,0,0,-0.13125,0.5,-0.5,0.5,0.5,
1,4,17.655,0,0,-0.13125,0.5,-0.5,0.5,0.5,
1,4,17.657,0,0,-0.13125,0.5,-0.5,0.5,0.5,
1,4,17.659,0,0,-0.13125,0.5,-0.5,0.5,0.5,
1,4,17.661,0,0,-0.13125,0.5,-0.5,0.5,0.5,
1,4,17.663,0,0,-0.13125,0.5,-0.5,0.5,0.5,
1,4,17.665,0,0,-0.13125,0.5,-0.5,0.5,0.5,
1,4,17.667,0,0,-0.13125,0.5,-0.5,0.5,0.5,
1,4,17.669,0,0,-0.13125,0.5,-0.5,0.5,0.5,
1,4,17.671,0,0,-0.13125,0.5,-0.5,0.5,0.5,
1,4,17.673,0,0,-0.13125,0.5,-0.5,0.5,0.5,
1,4,17.675,0,0,-0.13125,0.5,-0.5,0.5,0.5,
1,4,17.677,0,0,-0.13125,0.5,-0.5,0.5,0.5,
1,4,17.679,0,0,-0.13125,0.5,-0.5,0.5,0.5,
1,4,17.681,0,0,-0.13125,0.5,-0.5,0.5,0.5,
1,4,17.683,0,0,-0.13125,0.5,-0.5,0.5,0.5,
1,4,17.685,0,0,-0.13125,0.5,-0.5,0.5,0.5,
1,4,17.687,0,0,-0.13125,0.5,-0.5,0.5,0.5,
1,4,17.689,0,0,-0.13125,0.5,-0.5,0.5,0.5,
1,4,17.691,0,0,-0.13125,0.5,-0.5,0.5,0.5,
1,4,17.693,0,0,-0.13125,0.5,-0.5,0.5,0.5,
1,4,17.695,0,0,-0.13125,0.5,-0.5,0.5,0.5,
1,4,17.697,0,0,-0.13125,0.5,-0.5,0.5,0.5,
1,4,17.699,0,0,-0.13125,0.5,-0.5,0.5,0.5,
1,4,17.701,0,0,-0.13125,0.5,-0.5,0.5,0.5,
1,4,17.703,0,0,-0.13125,0.5,-0.5,0.5,0.5,
1,4,17.705,0,0,-0.13125,0.5,-0.5,0.5,0.5,
1,4,17.707,0,0,-0.13125,0.5,-0.5,0.5,0.5,
1,4,17.709,0,0,-0.13125,0.5,-0.5,0.5,0.5,
1,4,17.711,0,0,-0.13125,0.5,-0.5,0.5,0.5,
1,4,17.713,0,0,-0.13125,0.5,-0.5,0.5,0.5,
1,4,17.715,0,0,-0.13125,0.5,-0.5,0.5,0.5,
1,4,17.717,0,0,-0.13125,0.5,-0.5,0.5,0.5,
1,4,17.719,0,0,-0.13125,0.5,-0.5,0.5,0.5,
1,4,17.721,0,0,-0.13125,0.5,-0.5,0.5,0.5,
1,4,17.723,0,0,-0.13125,0.5,-0.5,0.5,0.5,
1,4,17.725,0,0,-0.13125,0.5,-0.5,0.5,0.5,
1,4,17.727,0,0,-0.13125,0.5,-0.5,0.5,0.5,
1,4,17.729,0,0,-0.13125,0.5,-0.5,0.5,0.5,
1,4,17.731,0,0,-0.13125,0.5,-0.5,0.5,0.5,
1,4,17.733,0,0,-0.13125,0.5,-0.5,0.5,0.5,
1,4,17.735,0,0,-0.13125,0.5,-0.5,0.5,0.5,
1,4,17.737,0,0,-0.13125,0.5,-0.5,0.5,0.5,
1,4,17.739,0,0,-0.13125,0.5,-0.5,0.5,0.5,
1,4,17.741,0,0,-0.13125,0.5,-0.5,0.5,0.5,
1,4,17.743,0,0,-0.13125,0.5,-0.5,0.5,0.5,
1,4,17.745,0,0,-0.13125,0.5,-0.5,0.5,0.5,
1,4,17.747,0,0,-0.13125,0.5,-0.5,0.5,0.5,
1,4,17.749,0,0,-0.13125,0.5,-0.5,0.5,0.5,
1,4,17.751,0,0,-0.13125,0.5,-0.5,0.5,0.5,
1,4,17.753,0,0,-0.13125,0.5,-0.5,0.5,0.5,
1,4,17.755,0,0,-0.13125,0.5,-0.5,0.5,0.5,
1,4,17.757,0,0,-0.13125,0.5,-0.5,0.5,0.5,
1,4,17.759,0,0,-0.13125,0.5,-0.5,0.5,0.5,
1,4,17.761,0,0,-0.13125,0.5,-0.5,0.5,0.5,
1,4,17.763,0,0,-0.13125,0.5,-0.5,0.5,0.5,
1,4,17.765,0,0,-0.13125,0.5,-0.5,0.5,0.5,
1,4,17.767,0,0,-0.13125,0.5,-0.5,0.5,0.5,
1,4,17.769,0,0,-0.13125,0.5,-0.5,0.5,0.5,
1,4,17.771,0,0,-0.13125,0.5,-0.5,0.5,0.5,
1,4,17.773,0,0,-0.13125,0.5,-0.5,0.5,0.5,
1,4,17.775,0,0,-0.13125,0.5,-0.5,0.5,0.5,
1,4,17.777,0,0,-0.13125,0.5,-0.5,0.5,0.5,
1,4,17.779,0,0,-0.13125,0.5,-0.5,0.5,0.5,
1,4,17.781,0,0,-0.13125,0.5,-0.5,0.5,0.5,
1,4,17.783,0,0,-0.13125,0.5,-0.5,0.5,0.5,
1,4,17.785,0,0,-0.13125,0.5,-0.5,0.5,0.5,
1,4,17.787,0,0,-0.13125,0.5,-0.5,0.5,0.5,
1,4,17.789,0,0,-0.13125,0.5,-0.5,0.5,0.5,
1,4,17.791,0,0,-0.13125,0.5,-0.5,0.5,0.5,
1,4,17.793,0,0,-0.13125,0.5,-0.5,0.5,0.5,
1,4,17.795,0,0,-0.13125,0.5,-0.5,0.5,0.5,
1,4,17.797,0,0,-0.13125,0.5,-0.5,0.5,0.5,
1,4,17.799,0,0,-0.13125,0.5,-0.5,0.5,0.5,
1,4,17.801,0,0,-0.13125,0.5,-0.5,0.5,0.5,
1,4,17.803,0,0,-0.13125,0.5,-0.5,0.5,0.5,
1,4,17.805,0,0,-0.13125,0.5,-0.5,0.5,0.5,
1,4,17.807,0,0,-0.13125,0.5,-0.5,0.5,0.5,
1,4,17.809,0,0,-0.13125,0.5,-0.5,0.5,0.5,
1,5,17.811,0,0,-0.13125,0.5,-0.5,0.5,0.5,TrialStart
1,5,17.813,0,0,-0.13125,0.5,-0.5,0.5,0.5,
1,5,17.815,0,0,-0.13125,0.5,-0.5,0.5,0.5,
1,5,17.817,0,0,-0.13125,0.5,-0.5,0.5,0.5,
1,5,17.819,0,0,-0.13125,0.5,-0.5,0.5,0.5,
1,5,17.821,0,0,-0.13125,0.5,-0.5,0.5,0.5,
1,5,17.823,0,0,-0.13125,0.5,-0.5,0.5,0.5,
1,5,17.825,0,0,-0.13125,0.5,-0.5,0.5,0.5,
1,5,17.827,0,0,-0.13125,0.5,-0.5,0.5,0.5,
1,5,17.829,0,0,-0.13125,0.5,-0.5,0.5,0.5,
1,5,17.831,0,0,-0.13125,0.5,-0.5,0.5,0.5,
1,5,17.833,0,0,-0.13125,0.5,-0.5,0.5,0.5,
1,5,17.835,0,0,-0.13125,0.5,-0.5,0.5,0.5,
1,5,17.837,0,0,-0.13125,0.5,-0.5,0.5,0.5,
1,5,17.839,0,0,-0.13125,0.5,-0.5,0.5,0.5,
1,5,17.841,0,0,-0.13125,0.5,-0.5,0.5,0.5,
1,5,17.843,0,0,-0.13125,0.5,-0.5,0.5,0.5,
1,5,17.845,0,0,-0.13125,0.5,-0.5,0.5,0.5,
1,5,17.847,0,0,-0.13125,0.5,-0.5,0.5,0.5,
1,5,17.849,0,0,-0.13125,0.5,-0.5,0.5,0.5,
1,5,17.851,0,0,-0.13125,0.5,-0.5,0.5,0.5,
1,5,17.853,0,0,-0.13125,0.5,-0.5,0.5,0.5,
1,5,17.855,0,0,-0.13125,0.5,-0.5,0.5,0.5,
1,5,17.857,0,0,-0.13125,0.5,-0.5,0.5,0.5,
1,5,17.859,0,0,-0.13125,0.5,-0.5,0.5,0.5,
1,5,17.861,0,0,-0.13125,0.5,-0.5,0.5,0.5,
1,5,17.863,0,0,-0.13125,0.5,-0.5,0.5,0.5,
1,5,17.865,0,0,-0.13125,0.5,-0.5,0.5,0.5,
1,5,17.867,0,0,-0.13125,0.5,-0.5,0.5,0.5,
1,5,17.869,0,0,-0.13125,0.5,-0.5,0.5,0.5,
1,5,17.871,0,0,-0.13125,0.5,-0.5,0.5,0.5,
1,5,17.873,0,0,-0.13125,0.5,-0.5,0.5,0.5,
1,5,17.875,0,0,-0.13125,0.5,-0.5,0.5,0.5,
1,5,17.877,0,0,-0.13125,0.5,-0.5,0.5,0.5,
1,5,17.879,0,0,-0.13125,0.5,-0.5,0.5,0.5,
1,5,17.881,0,0,-0.13125,0.5,-0.5,0.5,0.5,
1,5,17.883,0,0,-0.13125,0.5,-0.5,0.5,0.5,
1,5,17.885,0,0,-0.13125,0.5,-0.5,0.5,0.5,
1,5,17.887,0,0,-0.13125,0.5,-0.5,0.5,0.5,
1,5,17.889,0,0,-0.13125,0.5,-0.5,0.5,0.5,
1,5,17.891,0,0,-0.13125,0.5,-0.5,0.5,0.5,
1,5,17.893,0,0,-0.13125,0.5,-0.5,0.5,0.5,
1,5,17.895,0,0,-0.13125,0.5,-0.5,0.5,0.5,
1,5,17.897,0,0,-0.13125,0.5,-0.5,0.5,0.5,
1,5,17.899,0,0,-0.13125,0.5,-0.5,0.5,0.5,
1,5,17.901,0,0,-0.13125,0.5,-0.5,0.5,0.5,
1,5,17.903,0,0,-0.13125,0.5,-0.5,0.5,0.5,
1,5,17.905,0,0,-0.13125,0.5,-0.5,0.5,0.5,
1,5,17.907,0,0,-0.13125,0.5,-0.5,0.5,0.5,
1,5,17.909,0,0,-0.13125,0.5,-0.5,0.5,0.5,
1,5,17.911,0,0,-0.13125,0.5,-0.5,0.5,0.5,
1,5,17.913,0,0,-0.13125,0.5,-0.5,0.5,0.5,
1,5,17.915,0,0,-0.13125,0.5,-0.5,0.5,0.5,
1,5,17.917,0,0,-0.13125,0.5,-0.5,0.5,0.5,
1,5,17.919,0,0,-0.13125,0.5,-0.5,0.5,0.5,
1,5,17.921,0,0,-0.13125,0.5,-0.5,0.5,0.5,
1,5,17.923,0,0,-0.13125,0.5,-0.5,0.5,0.5,
1,5,17.925,0,0,-0.13125,0.5,-0.5,0.5,0.5,
1,5,17.927,0,0,-0.13125,0.5,-0.5,0.5,0.5,
1,5,17.929,0,0,-0.13125,0.5,-0.5,0.5,0.5,
1,5,17.931,0,0,-0.13125,0.5,-0.5,0.5,0.5,
1,5,17.933,0,0,-0.13125,0.5,-0.5,0.5,0.5,
1,5,17.935,0,0,-0.13125,0.5,-0.5,0.5,0.5,
1,5,17.937,0,0,-0.13125,0.5,-0.5,0.5,0.5,
1,5,17.939,0,0,-0.13125,0.5,-0.5,0.5,0.5,
1,5,17.941,0,0,-0.13125,0.5,-0.5,0.5,0.5,
1,5,17.943,0,0,-0.13125,0.5,-0.5,0.5,0.5,
1,5,17.945,0,0,-0.13125,0.5,-0.5,0.5,0.5,
1,5,17.947,0,0,-0.13125,0.5,-0.5,0.5,0.5,
1,5,17.949,0,0,-0.13125,0.5,-0.5,0.5,0.5,
1,5,17.951,0,0,-0.13125,0.5,-0.5,0.5,0.5,
1,5,17.953,0,0,-0.13125,0.5,-0.5,0.5,0.5,
1,5,17.955,0,0,-0.13125,0.5,-0.5,0.5,0.5,
1,5,17.957,0,0,-0.13125,0.5,-0.5,0.5,0.5,
1,5,17.959,0,0,-0.13125,0.5,-0.5,0.5,0.5,
1,5,17.961,0,0,-0.13125,0.5,-0.5,0.5,0.5,
1,5,17.963,0,0,-0.13125,0.5,-0.5,0.5,0.5,
1,5,17.965,0,0,-0.13125,0.5,-0.5,0.5,0.5,
1,5,17.967,0,0,-0.13125,0.5,-0.5,0.5,0.5,
1,5,17.969,0,0,-0.13125,0.5,-0.5,0.5,0.5,
1,5,17.971,0,0,-0.13125,0.5,-0.5,0.5,0.5,
1,5,17.973,0,0,-0.13125,0.5,-0.5,0.5,0.5,
1,5,17.975,0,0,-0.13125,0.5,-0.5,0.5,0.5,
1,5,17.977,0,0,-0.13125,0.5,-0.5,0.5,0.5,
1,5,17.979,0,0,-0.13125,0.5,-0.5,0.5,0.5,
1,5,17.981,0,0,-0.13125,0.5,-0.5,0.5,0.5,
1,5,17.983,0,0,-0.13125,0.5,-0.5,0.5,0.5,
1,5,17.985,0,0,-0.13125,0.5,-0.5,0.5,0.5,
1,5,17.987,0,0,-0.13125,0.5,-0.5,0.5,0.5,
1,5,17.989,0,0,-0.13125,0.5,-0.5,0.5,0.5,
1,5,17.991,0,0,-0.13125,0.5,-0.5,0.5,0.5,
1,5,17.993,0,0,-0.13125,0.5,-0.5,0.5,0.5,
1,5,17.995,0,0,-0.13125,0.5,-0.5,0.5,0.5,
1,5,17.997,0,0,-0.13125,0.5,-0.5,0.5,0.5,
1,5,17.999,0,0,-0.13125,0.5,-0.5,0.5,0.5,
1,5,18.001,0,0,-0.13125,0.5,-0.5,0.5,0.5,
1,5,18.003,0,0,-0.13125,0.5,-0.5,0.5,0.5,
1,5,18.005,0,0,-0.13125,0.5,-0.5,0.5,0.5,
1,5,18.007,0,0,-0.13125,0.5,-0.5,0.5,0.5,
1,5,18.009,0,0,-0.13125,0.5,-0.5,0.5,0.5,
1,5,18.011,0,0,-0.13125,0.5,-0.5,0.5,0.5,
1,5,18.013,0,0,-0.13125,0.5,-0.5,0.5,0.5,
1,5,18.015,0,0,-0.13125,0.5,-0.5,0.5,0.5,
1,5,18.017,0,0,-0.13125,0.5,-0.5,0.5,0.5,
1,5,18.019,0,0,-0.13125,0.5,-0.5,0.5,0.5,
1,5,18.021,0,0,-0.13125,0.5,-0.5,0.5,0.5,
1,5,18.023,0,0,-0.13125,0.5,-0.5,0.5,0.5,
1,5,18.025,0,0,-0.13125,0.5,-0.5,0.5,0.5,
1,5,18.027,0,0,-0.13125,0.5,-0.5,0.5,0.5,
1,5,18.029,0,0,-0.13125,0.5,-0.5,0.5,0.5,
1,5,18.031,0,0,-0.13125,0.5,-0.5,0.5,0.5,
1,5,18.033,0,0,-0.13125,0.5,-0.5,0.5,0.5,
1,5,18.035,0,0,-0.13125,0.5,-0.5,0.5,0.5,
1,5,18.037,0,0,-0.13125,0.5,-0.5,0.5,0.5,
1,5,18.039,0,0,-0.13125,0.5,-0.5,0.5,0.5,
1,5,18.041,0,0,-0.13125,0.5,-0.5,0.5,0.5,
1,5,18.043,0,0,-0.13125,0.5,-0.5,0.5,0.5,
1,5,18.045,0,0,-0.13125,0.5,-0.5,0.5,0.5,
1,5,18.047,0,0,-0.13125,0.5,-0.5,0.5,0.5,
1,5,18.049,0,0,-0.13125,0.5,-0.5,0.5,0.5,
1,5,18.051,0,0,-0.13125,0.5,-0.5,0.5,0.5,
1,5,18.053,0,0,-0.13125,0.5,-0.5,0.5,0.5,
1,5,18.055,0,0,-0.13125,0.5,-0.5,0.5,0.5,
1,5,18.057,0,0,-0.13125,0.5,-0.5,0.5,0.5,
1,5,18.059,0,0,-0.13125,0.5,-0.5,0.5,0.5,
1,5,18.061,0,0,-0.13125,0.5,-0.5,0.5,0.5,
1,5,18.063,0,0,-0.13125,0.5,-0.5,0.5,0.5,
1,5,18.065,0,0,-0.13125,0.5,-0.5,0.5,0.5,
1,5,18.067,0,0,-0.13125,0.5,-0.5,0.5,0.5,
1,5,18.069,0,0,-0.13125,0.5,-0.5,0.5,0.5,
1,5,18.071,0,0,-0.13125,0.5,-0.5,0.5,0.5,
1,5,18.073,0,0,-0.13125,0.5,-0.5,0.5,0.5,
1,5,18.075,0,0,-0.13125,0.5,-0.5,0.5,0.5,
1,5,18.077,0,0,-0.13125,0.5,-0.5,0.5,0.5,
1,5,18.079,0,0,-0.13125,0.5,-0.5,0.5,0.5,
1,5,18.081,0,0,-0.13125,0.5,-0.5,0.5,0.5,
1,5,18.083,0,0,-0.13125,0.5,-0.5,0.5,0.5,
1,5,18.085,0,0,-0.13125,0.5,-0.5,0.5,0.5,
1,5,18.087,0,0,-0.13125,0.5,-0.5,0.5,0.5,
1,5,18.089,0,0,-0.13125,0.5,-0.5,0.5,0.5,
1,5,18.091,0,0,-0.13125,0.5,-0.5,0.5,0.5,
1,5,18.093,0,0,-0.13125,0.5,-0.5,0.5,0.5,
1,5,18.095,0,0,-0.13125,0.5,-0.5,0.5,0.5,
1,5,18.097,0,0,-0.13125,0.5,-0.5,0.5,0.5,
1,5,18.099,0,0,-0.13125,0.5,-0.5,0.5,0.5,
1,5,18.101,0,0,-0.13125,0.5,-0.5,0.5,0.5,
1,5,18.103,0,0,-0.13125,0.5,-0.5,0.5,0.5,
1,5,18.105,0,0,-0.13125,0.5,-0.5,0.5,0.5,
1,5,18.107,0,0,-0.13125,0.5,-0.5,0.5,0.5,
1,5,18.109,0,0,-0.13125,0.5,-0.5,0.5,0.5,
1,5,18.111,0,0,-0.13125,0.5,-0.5,0.5,0.5,
1,5,18.113,0,0,-0.13125,0.5,-0.5,0.5,0.5,
1,5,18.115,0,0,-0.13125,0.5,-0.5,0.5,0.5,
1,5,18.117,0,0,-0.13125,0.5,-0.5,0.5,0.5,
1,5,18.119,0,0,-0.13125,0.5,-0.5,0.5,0.5,
1,5,18.121,0,0,-0.13125,0.5,-0.5,0.5,0.5,
1,5,18.123,0,0,-0.13125,0.5,-0.5,0.5,0.5,
1,5,18.125,0,0,-0.13125,0.5,-0.5,0.5,0.5,
1,5,18.127,0,0,-0.13125,0.5,-0.5,0.5,0.5,
1,5,18.129,0,0,-0.13125,0.5,-0.5,0.5,0.5,
1,5,18.131,0,0,-0.13125,0.5,-0.5,0.5,0.5,
1,5,18.133,0,0,-0.13125,0.5,-0.5,0.5,0.5,
1,5,18.135,0,0,-0.13125,0.5,-0.5,0.5,0.5,
1,5,18.137,0,0,-0.13125,0.5,-0.5,0.5,0.5,
1,5,18.139,0,0,-0.13125,0.5,-0.5,0.5,0.5,
1,5,18.141,0,0,-0.13125,0.5,-0.5,0.5,0.5,
1,5,18.143,0,0,-0.13125,0.5,-0.5,0.5,0.5,
1,5,18.145,0,0,-0.13125,0.5,-0.5,0.5,0.5,
1,5,18.147,0,0,-0.13125,0.5,-0.5,0.5,0.5,
1,5,18.149,0,0,-0.13125,0.5,-0.5,0.5,0.5,
1,5,18.151,0,0,-0.13125,0.5,-0.5,0.5,0.5,
1,5,18.153,0,0,-0.13125,0.5,-0.5,0.5,0.5,
1,5,18.155,0,0,-0.13125,0.5,-0.5,0.5,0.5,
1,5,18.157,0,0,-0.13125,0.5,-0.5,0.5,0.5,
1,5,18.159,0,0,-0.13125,0.5,-0.5,0.5,0.5,
1,5,18.161,0,0,-0.13125,0.5,-0.5,0.5,0.5,
1,5,18.163,0,0,-0.13125,0.5,-0.5,0.5,0.5,
1,5,18.165,0,0,-0.13125,0.5,-0.5,0.5,0.5,
1,5,18.167,0,0,-0.13125,0.5,-0.5,0.5,0.5,
1,5,18.169,0,0,-0.13125,0.5,-0.5,0.5,0.5,
1,5,18.171,0,0,-0.13125,0.5,-0.5,0.5,0.5,
1,5,18.173,0,0,-0.13125,0.5,-0.5,0.5,0.5,
1,5,18.175,0,0,-0.13125,0.5,-0.5,0.5,0.5,
1,5,18.177,0,0,-0.13125,0.5,-0.5,0.5,0.5,
1,5,18.179,0,0,-0.13125,0.5,-0.5,0.5,0.5,
1,5,18.181,0,0,-0.13125,0.5,-0.5,0.5,0.5,
1,5,18.183,0,0,-0.13125,0.5,-0.5,0.5,0.5,
1,5,18.185,0,0,-0.13125,0.5,-0.5,0.5,0.5,
1,5,18.187,0,0,-0.13125,0.5,-0.5,0.5,0.5,
1,5,18.189,0,0,-0.13125,0.5,-0.5,0.5,0.5,
1,5,18.191,0,0,-0.13125,0.5,-0.5,0.5,0.5,
1,5,18.193,0,0,-0.13125,0.5,-0.5,0.5,0.5,
1,5,18.195,0,0,-0.13125,0.5,-0.5,0.5,0.5,
1,5,18.197,0,0,-0.13125,0.5,-0.5,0.5,0.5,
1,5,18.199,0,0,-0.13125,0.5,-0.5,0.5,0.5,
1,5,18.201,0,0,-0.13125,0.5,-0.5,0.5,0.5,
1,5,18.203,0,0,-0.13125,0.5,-0.5,0.5,0.5,
1,5,18.205,0,0,-0.13125,0.5,-0.5,0.5,0.5,
1,5,18.207,0,0,-0.13125,0.5,-0.5,0.5,0.5,
1,5,18.209,0,0,-0.13125,0.5,-0.5,0.5,0.5,
1,5,18.211,0,0,-0.13125,0.5,-0.5,0.5,0.5,
1,5,18.213,0,0,-0.13125,0.5,-0.5,0.5,0.5,
1,5,18.215,0,0,-0.13125,0.5,-0.5,0.5,0.5,
1,5,18.217,0,0,-0.13125,0.5,-0.5,0.5,0.5,
1,5,18.219,0,0,-0.13125,0.5,-0.5,0.5,0.5,
1,5,18.221,0,0,-0.13125,0.5,-0.5,0.5,0.5,
1,5,18.223,0,0,-0.13125,0.5,-0.5,0.5,0.5,
1,5,18.225,0,0,-0.13125,0.5,-0.5,0.5,0.5,
1,5,18.227,0,0,-0.13125,0.5,-0.5,0.5,0.5,
1,5,18.229,0,0,-0.13125,0.5,-0.5,0.5,0.5,
1,5,18.231,0,0,-0.13125,0.5,-0.5,0.5,0.5,
1,5,18.233,0,0,-0.13125,0.5,-0.5,0.5,0.5,
1,5,18.235,0,0,-0.13125,0.5,-0.5,0.5,0.5,
1,5,18.237,0,0,-0.13125,0.5,-0.5,0.5,0.5,
1,5,18.239,0,0,-0.13125,0.5,-0.5,0.5,0.5,
1,5,18.241,0,0,-0.13125,0.5,-0.5,0.5,0.5,
1,5,18.243,0,0,-0.13125,0.5,-0.5,0.5,0.5,
1,5,18.245,0,0,-0.13125,0.5,-0.5,0.5,0.5,
1,5,18.247,0,0,-0.13125,0.5,-0.5,0.5,0.5,
1,5,18.249,0,0,-0.13125,0.5,-0.5,0.5,0.5,
1,5,18.251,0,0,-0.13125,0.5,-0.5,0.5,0.5,
1,5,18.253,0,0,-0.13125,0.5,-0.5,0.5,0.5,
1,5,18.255,0,0,-0.13125,0.5,-0.5,0.5,0.5,
1,5,18.257,0,0,-0.13125,0.5,-0.5,0.5,0.5,
1,5,18.259,0,0,-0.13125,0.5,-0.5,0.5,0.5,
1,5,18.261,0,0,-0.13125,0.5,-0.5,0.5,0.5,
1,5,18.263,0,0,-0.13125,0.5,-0.5,0.5,0.5,
1,5,18.265,0,0,-0.13125,0.5,-0.5,0.5,0.5,
1,5,18.267,0,0,-0.13125,0.5,-0.5,0.5,0.5,
1,5,18.269,0,0,-0.13125,0.5,-0.5,0.5,0.5,
1,5,18.271,0,0,-0.13125,0.5,-0.5,0.5,0.5,
1,5,18.273,0,0,-0.13125,0.5,-0.5,0.5,0.5,
1,5,18.275,0,0,-0.13125,0.5,-0.5,0.5,0.5,
1,5,18.277,0,0,-0.13125,0.5,-0.5,0.5,0.5,
1,5,18.279,0,0,-0.13125,0.5,-0.5,0.5,0.5,
1,5,18.281,0,0,-0.13125,0.5,-0.5,0.5,0.5,
1,5,18.283,0,0,-0.13125,0.5,-0.5,0.5,0.5,
1,5,18.285,0,0,-0.13125,0.5,-0.5,0.5,0.5,
1,5,18.287,0,0,-0.13125,0.5,-0.5,0.5,0.5,
1,5,18.289,0,0,-0.13125,0.5,-0.5,0.5,0.5,
1,5,18.291,0,0,-0.13125,0.5,-0.5,0.5,0.5,
1,5,18.293,0,0,-0.13125,0.5,-0.5,0.5,0.5,
1,5,18.295,0,0,-0.13125,0.5,-0.5,0.5,0.5,
1,5,18.297,0,0,-0.13125,0.5,-0.5,0.5,0.5,
1,5,18.299,0,0,-0.13125,0.5,-0.5,0.5,0.5,
1,5,18.301,0,0,-0.13125,0.5,-0.5,0.5,0.5,
1,5,18.303,0,0,-0.13125,0.5,-0.5,0.5,0.5,
1,5,18.305,0,0,-0.13125,0.5,-0.5,0.5,0.5,
1,5,18.307,0,0,-0.13125,0.5,-0.5,0.5,0.5,
1,5,18.309,0,0,-0.13125,0.5,-0.5,0.5,0.5,
1,5,18.311,0,0,-0.13125,0.5,-0.5,0.5,0.5,
1,5,18.313,0,0,-0.13125,0.5,-0.5,0.5,0.5,
1,5,18.315,0,0,-0.13125,0.5,-0.5,0.5,0.5,
1,5,18.317,0,0,-0.13125,0.5,-0.5,0.5,0.5,
1,5,18.319,0,0,-0.13125,0.5,-0.5,0.5,0.5,
1,5,18.321,0,0,-0.13125,0.5,-0.5,0.5,0.5,
1,5,18.323,0,0,-0.13125,0.5,-0.5,0.5,0.5,
1,5,18.325,0,0,-0.13125,0.5,-0.5,0.5,0.5,
1,5,18.327,0,0,-0.13125,0.5,-0.5,0.5,0.5,
1,5,18.329,0,0,-0.13125,0.5,-0.5,0.5,0.5,
1,5,18.331,0,0,-0.13125,0.5,-0.5,0.5,0.5,
1,5,18.333,0,0,-0.13125,0.5,-0.5,0.5,0.5,
1,5,18.335,0,0,-0.13125,0.5,-0.5,0.5,0.5,
1,5,18.337,0,0,-0.13125,0.5,-0.5,0.5,0.5,
1,5,18.339,0,0,-0.13125,0.5,-0.5,0.5,0.5,
1,5,18.341,0,0,-0.13125,0.5,-0.5,0.5,0.5,
1,5,18.343,0,0,-0.13125,0.5,-0.5,0.5,0.5,
1,5,18.345,0,0,-0.13125,0.5,-0.5,0.5,0.5,
1,5,18.347,0,0,-0.13125,0.5,-0.5,0.5,0.5,
1,5,18.349,0,0,-0.13125,0.5,-0.5,0.5,0.5,
1,5,18.351,0,0,-0.13125,0.5,-0.5,0.5,0.5,
1,5,18.353,0,0,-0.13125,0.5,-0.5,0.5,0.5,
1,5,18.355,0,0,-0.13125,0.5,-0.5,0.5,0.5,
1,5,18.357,0,0,-0.13125,0.5,-0.5,0.5,0.5,
1,5,18.359,0,0,-0.13125,0.5,-0.5,0.5,0.5,
1,5,18.361,0,0,-0.13125,0.5,-0.5,0.5,0.5,
1,5,18.363,0,0,-0.13125,0.5,-0.5,0.5,0.5,
1,5,18.365,0,0,-0.13125,0.5,-0.5,0.5,0.5,
1,5,18.367,0,0,-0.13125,0.5,-0.5,0.5,0.5,
1,5,18.369,0,0,-0.13125,0.5,-0.5,0.5,0.5,
1,5,18.371,0,0,-0.13125,0.5,-0.5,0.5,0.5,
1,5,18.373,0,0,-0.13125,0.5,-0.5,0.5,0.5,
1,5,18.375,0,0,-0.13125,0.5,-0.5,0.5,0.5,
1,5,18.377,0,0,-0.13125,0.5,-0.5,0.5,0.5,
1,5,18.379,0,0,-0.13125,0.5,-0.5,0.5,0.5,
1,5,18.381,0,0,-0.13125,0.5,-0.5,0.5,0.5,
1,5,18.383,0,0,-0.13125,0.5,-0.5,0.5,0.5,
1,5,18.385,0,0,-0.13125,0.5,-0.5,0.5,0.5,
1,5,18.387,0,0,-0.13125,0.5,-0.5,0.5,0.5,
1,5,18.389,0,0,-0.13125,0.5,-0.5,0.5,0.5,
1,5,18.391,0,0,-0.13125,0.5,-0.5,0.5,0.5,
1,5,18.393,0,0,-0.13125,0.5,-0.5,0.5,0.5,
1,5,18.395,0,0,-0.13125,0.5,-0.5,0.5,0.5,
1,5,18.397,0,0,-0.13125,0.5,-0.5,0.5,0.5,
1,5,18.399,0,0,-0.13125,0.5,-0.5,0.5,0.5,
1,5,18.401,0,0,-0.13125,0.5,-0.5,0.5,0.5,
1,5,18.403,0,0,-0.13125,0.5,-0.5,0.5,0.5,
1,5,18.405,0,0,-0.13125,0.5,-0.5,0.5,0.5,
1,5,18.407,0,0,-0.13125,0.5,-0.5,0.5,0.5,
1,5,18.409,0,0,-0.13125,0.5,-0.5,0.5,0.5,
1,5,18.411,0,0,-0.13125,0.5,-0.5,0.5,0.5,
1,5,18.413,0,0,-0.13125,0.5,-0.5,0.5,0.5,
1,5,18.415,0,0,-0.13125,0.5,-0.5,0.5,0.5,
1,5,18.417,0,0,-0.13125,0.5,-0.5,0.5,0.5,
1,5,18.419,0,0,-0.13125,0.5,-0.5,0.5,0.5,
1,5,18.421,0,0,-0.13125,0.5,-0.5,0.5,0.5,
1,5,18.423,0,0,-0.13125,0.5,-0.5,0.5,0.5,
1,5,18.425,0,0,-0.13125,0.5,-0.5,0.5,0.5,
1,5,18.427,0,0,-0.13125,0.5,-0.5,0.5,0.5,
1,5,18.429,0,0,-0.13125,0.5,-0.5,0.5,0.5,
1,5,18.431,0,0,-0.13125,0.5,-0.5,0.5,0.5,
1,5,18.433,0,0,-0.13125,0.5,-0.5,0.5,0.5,
1,5,18.435,0,0,-0.13125,0.5,-0.5,0.5,0.5,
1,5,18.437,0,0,-0.13125,0.5,-0.5,0.5,0.5,
1,5,18.439,0,0,-0.13125,0.5,-0.5,0.5,0.5,
1,5,18.441,0,0,-0.13125,0.5,-0.5,0.5,0.5,
1,5,18.443,0,0,-0.13125,0.5,-0.5,0.5,0.5,
1,5,18.445,0,0,-0.13125,0.5,-0.5,0.5,0.5,
1,5,18.447,0,0,-0.13125,0.5,-0.5,0.5,0.5,
1,5,18.449,0,0,-0.13125,0.5,-0.5,0.5,0.5,
1,5,18.451,0,0,-0.13125,0.5,-0.5,0.5,0.5,
1,5,18.453,0,0,-0.13125,0.5,-0.5,0.5,0.5,
1,5,18.455,0,0,-0.13125,0.5,-0.5,0.5,0.5,
1,5,18.457,0,0,-0.13125,0.5,-0.5,0.5,0.5,
1,5,18.459,0,0,-0.13125,0.5,-0.5,0.5,0.5,
1,5,18.461,0,0,-0.13125,0.5,-0.5,0.5,0.5,
1,5,18.463,0,0,-0.13125,0.5,-0.5,0.5,0.5,
1,5,18.465,0,0,-0.13125,0.5,-0.5,0.5,0.5,
1,5,18.467,0,0,-0.13125,0.5,-0.5,0.5,0.5,
1,5,18.469,0,0,-0.13125,0.5,-0.5,0.5,0.5,
1,5,18.471,0,0,-0.13125,0.5,-0.5,0.5,0.5,
1,5,18.473,0,0,-0.13125,0.5,-0.5,0.5,0.5,
1,5,18.475,0,0,-0.13125,0.5,-0.5,0.5,0.5,
1,5,18.477,0,0,-0.13125,0.5,-0.5,0.5,0.5,
1,5,18.479,0,0,-0.13125,0.5,-0.5,0.5,0.5,
1,5,18.481,0,0,-0.13125,0.5,-0.5,0.5,0.5,
1,5,18.483,0,0,-0.13125,0.5,-0.5,0.5,0.5,
1,5,18.485,0,0,-0.13125,0.5,-0.5,0.5,0.5,
1,5,18.487,0,0,-0.13125,0.5,-0.5,0.5,0.5,
1,5,18.489,0,0,-0.13125,0.5,-0.5,0.5,0.5,
1,5,18.491,0,0,-0.13125,0.5,-0.5,0.5,0.5,
1,5,18.493,0,0,-0.13125,0.5,-0.5,0.5,0.5,
1,5,18.495,0,0,-0.13125,0.5,-0.5,0.5,0.5,
1,5,18.497,0,0,-0.13125,0.5,-0.5,0.5,0.5,
1,5,18.499,0,0,-0.13125,0.5,-0.5,0.5,0.5,
1,5,18.501,0,0,-0.13125,0.5,-0.5,0.5,0.5,
1,5,18.503,0,0,-0.13125,0.5,-0.5,0.5,0.5,
1,5,18.505,0,0,-0.13125,0.5,-0.5,0.5,0.5,
1,5,18.507,0,0,-0.13125,0.5,-0.5,0.5,0.5,
1,5,18.509,0,0,-0.13125,0.5,-0.5,0.5,0.5,
1,5,18.511,0,0,-0.13125,0.5,-0.5,0.5,0.5,
1,5,18.513,0,0,-0.13125,0.5,-0.5,0.5,0.5,
1,5,18.515,0,0,-0.13125,0.5,-0.5,0.5,0.5,
1,5,18.517,0,0,-0.13125,0.5,-0.5,0.5,0.5,
1,5,18.519,0,0,-0.13125,0.5,-0.5,0.5,0.5,
1,5,18.521,0,0,-0.13125,0.5,-0.5,0.5,0.5,
1,5,18.523,0,0,-0.13125,0.5,-0.5,0.5,0.5,
1,5,18.525,0,0,-0.13125,0.5,-0.5,0.5,0.5,
1,5,18.527,0,0,-0.13125,0.5,-0.5,0.5,0.5,
1,5,18.529,0,0,-0.13125,0.5,-0.5,0.5,0.5,
1,5,18.531,0,0,-0.13125,0.5,-0.5,0.5,0.5,
1,5,18.533,0,0,-0.13125,0.5,-0.5,0.5,0.5,
1,5,18.535,0,0,-0.13125,0.5,-0.5,0.5,0.5,
1,5,18.537,0,0,-0.13125,0.5,-0.5,0.5,0.5,
1,5,18.539,0,0,-0.13125,0.5,-0.5,0.5,0.5,
1,5,18.541,0,0,-0.13125,0.5,-0.5,0.5,0.5,
1,5,18.543,0,0,-0.13125,0.5,-0.5,0.5,0.5,
1,5,18.545,0,0,-0.13125,0.5,-0.5,0.5,0.5,
1,5,18.547,0,0,-0.13125,0.5,-0.5,0.5,0.5,
1,5,18.549,0,0,-0.13125,0.5,-0.5,0.5,0.5,
1,5,18.551,0,0,-0.13125,0.5,-0.5,0.5,0.5,
1,5,18.553,0,0,-0.13125,0.5,-0.5,0.5,0.5,
1,5,18.555,0,0,-0.13125,0.5,-0.5,0.5,0.5,
1,5,18.557,0,0,-0.13125,0.5,-0.5,0.5,0.5,
1,5,18.559,0,0,-0.13125,0.5,-0.5,0.5,0.5,
1,5,18.561,0,0,-0.13125,0.5,-0.5,0.5,0.5,
1,5,18.563,0,0,-0.13125,0.5,-0.5,0.5,0.5,
1,5,18.565,0,0,-0.13125,0.5,-0.5,0.5,0.5,
1,5,18.567,0,0,-0.13125,0.5,-0.5,0.5,0.5,
1,5,18.569,0,0,-0.13125,0.5,-0.5,0.5,0.5,
1,5,18.571,0,0,-0.13125,0.5,-0.5,0.5,0.5,
1,5,18.573,0,0,-0.13125,0.5,-0.5,0.5,0.5,
1,5,18.575,0,0,-0.13125,0.5,-0.5,0.5,0.5,
1,5,18.577,0,0,-0.13125,0.5,-0.5,0.5,0.5,
1,5,18.579,0,0,-0.13125,0.5,-0.5,0.5,0.5,
1,5,18.581,0,0,-0.13125,0.5,-0.5,0.5,0.5,
1,5,18.583,0,0,-0.13125,0.5,-0.5,0.5,0.5,
1,5,18.585,0,0,-0.13125,0.5,-0.5,0.5,0.5,
1,5,18.587,0,0,-0.13125,0.5,-0.5,0.5,0.5,
1,5,18.589,0,0,-0.13125,0.5,-0.5,0.5,0.5,
1,5,18.591,0,0,-0.13125,0.5,-0.5,0.5,0.5,
1,5,18.593,0,0,-0.13125,0.5,-0.5,0.5,0.5,
1,5,18.595,0,0,-0.13125,0.5,-0.5,0.5,0.5,
1,5,18.597,0,0,-0.13125,0.5,-0.5,0.5,0.5,
1,5,18.599,0,0,-0.13125,0.5,-0.5,0.5,0.5,
1,5,18.601,0,0,-0.13125,0.5,-0.5,0.5,0.5,
1,5,18.603,0,0,-0.13125,0.5,-0.5,0.5,0.5,
1,5,18.605,0,0,-0.13125,0.5,-0.5,0.5,0.5,
1,5,18.607,0,0,-0.13125,0.5,-0.5,0.5,0.5,
1,5,18.609,0,0,-0.13125,0.5,-0.5,0.5,0.5,
1,5,18.611,0,0,-0.13125,0.5,-0.5,0.5,0.5,
1,5,18.613,0,0,-0.13125,0.5,-0.5,0.5,0.5,
1,5,18.615,0,0,-0.13125,0.5,-0.5,0.5,0.5,
1,5,18.617,0,0,-0.13125,0.5,-0.5,0.5,0.5,
1,5,18.619,0,0,-0.13125,0.5,-0.5,0.5,0.5,
1,5,18.621,0,0,-0.13125,0.5,-0.5,0.5,0.5,
1,5,18.623,0,0,-0.13125,0.5,-0.5,0.5,0.5,
1,5,18.625,0,0,-0.13125,0.5,-0.5,0.5,0.5,
1,5,18.627,0,0,-0.13125,0.5,-0.5,0.5,0.5,
1,5,18.629,0,0,-0.13125,0.5,-0.5,0.5,0.5,
1,5,18.631,0,0,-0.13125,0.5,-0.5,0.5,0.5,
1,5,18.633,0,0,-0.13125,0.5,-0.5,0.5,0.5,
1,5,18.635,0,0,-0.13125,0.5,-0.5,0.5,0.5,
1,5,18.637,0,0,-0.13125,0.5,-0.5,0.5,0.5,
1,5,18.639,0,0,-0.13125,0.5,-0.5,0.5,0.5,
1,5,18.641,0,0,-0.13125,0.5,-0.5,0.5,0.5,
1,5,18.643,0,0,-0.13125,0.5,-0.5,0.5,0.5,
1,5,18.645,0,0,-0.13125,0.5,-0.5,0.5,0.5,
1,5,18.647,0,0,-0.13125,0.5,-0.5,0.5,0.5,
1,5,18.649,0,0,-0.13125,0.5,-0.5,0.5,0.5,
1,5,18.651,0,0,-0.13125,0.5,-0.5,0.5,0.5,
1,5,18.653,0,0,-0.13125,0.5,-0.5,0.5,0.5,
1,5,18.655,0,0,-0.13125,0.5,-0.5,0.5,0.5,
1,5,18.657,0,0,-0.13125,0.5,-0.5,0.5,0.5,
1,5,18.659,0,0,-0.13125,0.5,-0.5,0.5,0.5,
1,5,18.661,0,0,-0.13125,0.5,-0.5,0.5,0.5,
1,5,18.663,0,0,-0.13125,0.5,-0.5,0.5,0.5,
1,5,18.665,0,0,-0.13125,0.5,-0.5,0.5,0.5,
1,5,18.667,0,0,-0.13125,0.5,-0.5,0.5,0.5,
1,5,18.669,0,0,-0.13125,0.5,-0.5,0.5,0.5,
1,5,18.671,0,0,-0.13125,0.5,-0.5,0.5,0.5,
1,5,18.673,0,0,-0.13125,0.5,-0.5,0.5,0.5,
1,5,18.675,0,0,-0.13125,0.5,-0.5,0.5,0.5,
1,5,18.677,0,0,-0.13125,0.5,-0.5,0.5,0.5,
1,5,18.679,0,0,-0.13125,0.5,-0.5,0.5,0.5,
1,5,18.681,0,0,-0.13125,0.5,-0.5,0.5,0.5,
1,5,18.683,0,0,-0.13125,0.5,-0.5,0.5,0.5,
1,5,18.685,0,0,-0.13125,0.5,-0.5,0.5,0.5,
1,5,18.687,0,0,-0.13125,0.5,-0.5,0.5,0.5,
1,5,18.689,0,0,-0.13125,0.5,-0.5,0.5,0.5,
1,5,18.691,0,0,-0.13125,0.5,-0.5,0.5,0.5,
1,5,18.693,0,0,-0.13125,0.5,-0.5,0.5,0.5,
1,5,18.695,0,0,-0.13125,0.5,-0.5,0.5,0.5,
1,5,18.697,0,0,-0.13125,0.5,-0.5,0.5,0.5,
1,5,18.699,0,0,-0.13125,0.5,-0.5,0.5,0.5,
1,5,18.701,0,0,-0.13125,0.5,-0.5,0.5,0.5,
1,5,18.703,0,0,-0.13125,0.5,-0.5,0.5,0.5,
1,5,18.705,0,0,-0.13125,0.5,-0.5,0.5,0.5,
1,5,18.707,0,0,-0.13125,0.5,-0.5,0.5,0.5,
1,5,18.709,0,0,-0.13125,0.5,-0.5,0.5,0.5,
1,5,18.711,0,0,-0.13125,0.5,-0.5,0.5,0.5,
1,5,18.713,0,0,-0.13125,0.5,-0.5,0.5,0.5,
1,5,18.715,0,0,-0.13125,0.5,-0.5,0.5,0.5,
1,5,18.717,0,0,-0.13125,0.5,-0.5,0.5,0.5,
1,5,18.719,0,0,-0.13125,0.5,-0.5,0.5,0.5,
1,5,18.721,0,0,-0.13125,0.5,-0.5,0.5,0.5,
1,5,18.723,0,0,-0.13125,0.5,-0.5,0.5,0.5,
1,5,18.725,0,0,-0.13125,0.5,-0.5,0.5,0.5,
1,5,18.727,0,0,-0.13125,0.5,-0.5,0.5,0.5,
1,5,18.729,0,0,-0.13125,0.5,-0.5,0.5,0.5,
1,5,18.731,0,0,-0.13125,0.5,-0.5,0.5,0.5,
1,5,18.733,0,0,-0.13125,0.5,-0.5,0.5,0.5,
1,5,18.735,0,0,-0.13125,0.5,-0.5,0.5,0.5,
1,5,18.737,0,0,-0.13125,0.5,-0.5,0.5,0.5,
1,5,18.739,0,0,-0.13125,0.5,-0.5,0.5,0.5,
1,5,18.741,0,0,-0.13125,0.5,-0.5,0.5,0.5,
1,5,18.743,0,0,-0.13125,0.5,-0.5,0.5,0.5,
1,5,18.745,0,0,-0.13125,0.5,-0.5,0.5,0.5,
1,5,18.747,0,0,-0.13125,0.5,-0.5,0.5,0.5,
1,5,18.749,0,0,-0.13125,0.5,-0.5,0.5,0.5,
1,5,18.751,0,0,-0.13125,0.5,-0.5,0.5,0.5,
1,5,18.753,0,0,-0.13125,0.5,-0.5,0.5,0.5,
1,5,18.755,0,0,-0.13125,0.5,-0.5,0.5,0.5,
1,5,18.757,0,0,-0.13125,0.5,-0.5,0.5,0.5,
1,5,18.759,0,0,-0.13125,0.5,-0.5,0.5,0.5,
1,5,18.761,0,0,-0.13125,0.5,-0.5,0.5,0.5,
1,5,18.763,0,0,-0.13125,0.5,-0.5,0.5,0.5,
1,5,18.765,0,0,-0.13125,0.5,-0.5,0.5,0.5,
1,5,18.767,0,0,-0.13125,0.5,-0.5,0.5,0.5,
1,5,18.769,0,0,-0.13125,0.5,-0.5,0.5,0.5,
1,5,18.771,0,0,-0.13125,0.5,-0.5,0.5,0.5,
1,5,18.773,0,0,-0.13125,0.5,-0.5,0.5,0.5,
1,5,18.775,0,0,-0.13125,0.5,-0.5,0.5,0.5,
1,5,18.777,0,0,-0.13125,0.5,-0.5,0.5,0.5,
1,5,18.779,0,0,-0.13125,0.5,-0.5,0.5,0.5,
1,5,18.781,0,0,-0.13125,0.5,-0.5,0.5,0.5,
1,5,18.783,0,0,-0.13125,0.5,-0.5,0.5,0.5,
1,5,18.785,0,0,-0.13125,0.5,-0.5,0.5,0.5,
1,5,18.787,0,0,-0.13125,0.5,-0.5,0.5,0.5,
1,5,18.789,0,0,-0.13125,0.5,-0.5,0.5,0.5,
1,5,18.791,0,0,-0.13125,0.5,-0.5,0.5,0.5,
1,5,18.793,0,0,-0.13125,0.5,-0.5,0.5,0.5,
1,5,18.795,0,0,-0.13125,0.5,-0.5,0.5,0.5,
1,5,18.797,0,0,-0.13125,0.5,-0.5,0.5,0.5,
1,5,18.799,0,0,-0.13125,0.5,-0.5,0.5,0.5,
1,5,18.801,0,0,-0.13125,0.5,-0.5,0.5,0.5,
1,5,18.803,0,0,-0.13125,0.5,-0.5,0.5,0.5,
1,5,18.805,0,0,-0.13125,0.5,-0.5,0.5,0.5,
1,5,18.807,0,0,-0.13125,0.5,-0.5,0.5,0.5,
1,5,18.809,0,0,-0.13125,0.5,-0.5,0.5,0.5,
1,5,18.811,0,0,-0.13125,0.5,-0.5,0.5,0.5,
1,5,18.813,0,0,-0.13125,0.5,-0.5,0.5,0.5,
1,5,18.815,0,0,-0.13125,0.5,-0.5,0.5,0.5,
1,5,18.817,0,0,-0.13125,0.5,-0.5,0.5,0.5,
1,5,18.819,0,0,-0.13125,0.5,-0.5,0.5,0.5,
1,5,18.821,0,0,-0.13125,0.5,-0.5,0.5,0.5,
1,5,18.823,0,0,-0.13125,0.5,-0.5,0.5,0.5,
1,5,18.825,0,0,-0.13125,0.5,-0.5,0.5,0.5,
1,5,18.827,0,0,-0.13125,0.5,-0.5,0.5,0.5,
1,5,18.829,0,0,-0.13125,0.5,-0.5,0.5,0.5,
1,5,18.831,0,0,-0.13125,0.5,-0.5,0.5,0.5,
1,5,18.833,0,0,-0.13125,0.5,-0.5,0.5,0.5,
1,5,18.835,0,0,-0.13125,0.5,-0.5,0.5,0.5,
1,5,18.837,0,0,-0.13125,0.5,-0.5,0.5,0.5,
1,5,18.839,0,0,-0.13125,0.5,-0.5,0.5,0.5,
1,5,18.841,0,0,-0.13125,0.5,-0.5,0.5,0.5,
1,5,18.843,0,0,-0.13125,0.5,-0.5,0.5,0.5,
1,5,18.845,0,0,-0.13125,0.5,-0.5,0.5,0.5,
1,5,18.847,0,0,-0.13125,0.5,-0.5,0.5,0.5,
1,5,18.849,0,0,-0.13125,0.5,-0.5,0.5,0.5,
1,5,18.851,0,0,-0.13125,0.5,-0.5,0.5,0.5,
1,5,18.853,0,0,-0.13125,0.5,-0.5,0.5,0.5,
1,5,18.855,0,0,-0.13125,0.5,-0.5,0.5,0.5,
1,5,18.857,0,0,-0.13125,0.5,-0.5,0.5,0.5,
1,5,18.859,0,0,-0.13125,0.5,-0.5,0.5,0.5,
1,5,18.861,0,0,-0.13125,0.5,-0.5,0.5,0.5,
1,5,18.863,0,0,-0.13125,0.5,-0.5,0.5,0.5,
1,5,18.865,0,0,-0.13125,0.5,-0.5,0.5,0.5,
1,5,18.867,0,0,-0.13125,0.5,-0.5,0.5,0.5,
1,5,18.869,0,0,-0.13125,0.5,-0.5,0.5,0.5,
1,5,18.871,0,0,-0.13125,0.5,-0.5,0.5,0.5,
1,5,18.873,0,0,-0.13125,0.5,-0.5,0.5,0.5,
1,5,18.875,0,0,-0.13125,0.5,-0.5,0.5,0.5,
1,5,18.877,0,0,-0.13125,0.5,-0.5,0.5,0.5,
1,5,18.879,0,0,-0.13125,0.5,-0.5,0.5,0.5,
1,5,18.881,0,0,-0.13125,0.5,-0.5,0.5,0.5,
1,5,18.883,0,0,-0.13125,0.5,-0.5,0.5,0.5,
1,5,18.885,0,0,-0.13125,0.5,-0.5,0.5,0.5,
1,5,18.887,0,0,-0.13125,0.5,-0.5,0.5,0.5,
1,5,18.889,0,0,-0.13125,0.5,-0.5,0.5,0.5,
1,5,18.891,0,0,-0.13125,0.5,-0.5,0.5,0.5,
1,5,18.893,0,0,-0.13125,0.5,-0.5,0.5,0.5,
1,5,18.895,0,0,-0.13125,0.5,-0.5,0.5,0.5,
1,5,18.897,0,0,-0.13125,0.5,-0.5,0.5,0.5,
1,5,18.899,0,0,-0.13125,0.5,-0.5,0.5,0.5,
1,5,18.901,0,0,-0.13125,0.5,-0.5,0.5,0.5,
1,5,18.903,0,0,-0.13125,0.5,-0.5,0.5,0.5,
1,5,18.905,0,0,-0.13125,0.5,-0.5,0.5,0.5,
1,5,18.907,0,0,-0.13125,0.5,-0.5,0.5,0.5,
1,5,18.909,0,0,-0.13125,0.5,-0.5,0.5,0.5,
1,5,18.911,0,0,-0.13125,0.5,-0.5,0.5,0.5,
1,5,18.913,0,0,-0.13125,0.5,-0.5,0.5,0.5,
1,5,18.915,0,0,-0.13125,0.5,-0.5,0.5,0.5,
1,5,18.917,0,0,-0.13125,0.5,-0.5,0.5,0.5,
1,5,18.919,0,0,-0.13125,0.5,-0.5,0.5,0.5,
1,5,18.921,0,0,-0.13125,0.5,-0.5,0.5,0.5,
1,5,18.923,0,0,-0.13125,0.5,-0.5,0.5,0.5,
1,5,18.925,0,0,-0.13125,0.5,-0.5,0.5,0.5,
1,5,18.927,0,0,-0.13125,0.5,-0.5,0.5,0.5,
1,5,18.929,0,0,-0.13125,0.5,-0.5,0.5,0.5,
1,5,18.931,0,0,-0.13125,0.5,-0.5,0.5,0.5,
1,5,18.933,0,0,-0.13125,0.5,-0.5,0.5,0.5,
1,5,18.935,0,0,-0.13125,0.5,-0.5,0.5,0.5,
1,5,18.937,0,0,-0.13125,0.5,-0.5,0.5,0.5,
1,5,18.939,0,0,-0.13125,0.5,-0.5,0.5,0.5,
1,5,18.941,0,0,-0.13125,0.5,-0.5,0.5,0.5,
1,5,18.943,0,0,-0.13125,0.5,-0.5,0.5,0.5,
1,5,18.945,0,0,-0.13125,0.5,-0.5,0.5,0.5,
1,5,18.947,0,0,-0.13125,0.5,-0.5,0.5,0.5,
1,5,18.949,0,0,-0.13125,0.5,-0.5,0.5,0.5,
1,5,18.951,0,0,-0.13125,0.5,-0.5,0.5,0.5,
1,5,18.953,0,0,-0.13125,0.5,-0.5,0.5,0.5,
1,5,18.955,0,0,-0.13125,0.5,-0.5,0.5,0.5,
1,5,18.957,0,0,-0.13125,0.5,-0.5,0.5,0.5,
1,5,18.959,0,0,-0.13125,0.5,-0.5,0.5,0.5,
1,5,18.961,0,0,-0.13125,0.5,-0.5,0.5,0.5,
1,5,18.963,0,0,-0.13125,0.5,-0.5,0.5,0.5,
1,5,18.965,0,0,-0.13125,0.5,-0.5,0.5,0.5,
1,5,18.967,0,0,-0.13125,0.5,-0.5,0.5,0.5,
1,5,18.969,0,0,-0.13125,0.5,-0.5,0.5,0.5,
1,5,18.971,0,0,-0.13125,0.5,-0.5,0.5,0.5,
1,5,18.973,0,0,-0.13125,0.5,-0.5,0.5,0.5,
1,5,18.975,0,0,-0.13125,0.5,-0.5,0.5,0.5,
1,5,18.977,0,0,-0.13125,0.5,-0.5,0.5,0.5,
1,5,18.979,0,0,-0.13125,0.5,-0.5,0.5,0.5,
1,5,18.981,0,0,-0.13125,0.5,-0.5,0.5,0.5,
1,5,18.983,0,0,-0.13125,0.5,-0.5,0.5,0.5,
1,5,18.985,0,0,-0.13125,0.5,-0.5,0.5,0.5,
1,5,18.987,0,0,-0.13125,0.5,-0.5,0.5,0.5,
1,5,18.989,0,0,-0.13125,0.5,-0.5,0.5,0.5,
1,5,18.991,0,0,-0.13125,0.5,-0.5,0.5,0.5,CourtEnter
1,5,18.993,0,0,-0.13125,0.5,-0.5,0.5,0.5,
1,5,18.995,0,0,-0.13125,0.5,-0.5,0.5,0.5,
1,5,18.997,0,0,-0.13125,0.5,-0.5,0.5,0.5,
1,5,18.999,0,0,-0.13125,0.5,-0.5,0.5,0.5,CourtExit
1,5,19.001,0,0,-0.13125,0.5,-0.5,0.5,0.5,
1,5,19.003,0,0,-0.13125,0.5,-0.5,0.5,0.5,
1,5,19.005,0,0,-0.13125,0.5,-0.5,0.5,0.5,
1,5,19.007,0,0,-0.13125,0.5,-0.5,0.5,0.5,
1,5,19.009,0,0,-0.13125,0.5,-0.5,0.5,0.5,
1,5,19.011,0,0,-0.13125,0.5,-0.5,0.5,0.5,
1,5,19.013,0,0,-0.13125,0.5,-0.5,0.5,0.5,
1,5,19.015,0,0,-0.13125,0.5,-0.5,0.5,0.5,
1,5,19.017,0,0,-0.13125,0.5,-0.5,0.5,0.5,
1,5,19.019,0,0,-0.13125,0.5,-0.5,0.5,0.5,
1,5,19.021,0,0,-0.13125,0.5,-0.5,0.5,0.5,
1,5,19.023,0,0,-0.13125,0.5,-0.5,0.5,0.5,
1,5,19.025,0,0,-0.13125,0.5,-0.5,0.5,0.5,
1,5,19.027,0,0,-0.13125,0.5,-0.5,0.5,0.5,
1,5,19.029,0,0,-0.13125,0.5,-0.5,0.5,0.5,
1,5,19.031,0,0,-0.13125,0.5,-0.5,0.5,0.5,
1,5,19.033,0,0,-0.13125,0.5,-0.5,0.5,0.5,
1,5,19.035,0,0,-0.13125,0.5,-0.5,0.5,0.5,
1,5,19.037,0,0,-0.13125,0.5,-0.5,0.5,0.5,
1,5,19.039,0,0,-0.13125,0.5,-0.5,0.5,0.5,
1,5,19.041,0,0,-0.13125,0.5,-0.5,0.5,0.5,
1,5,19.043,0,0,-0.13125,0.5,-0.5,0.5,0.5,
1,5,19.045,0,0,-0.13125,0.5,-0.5,0.5,0.5,
1,5,19.047,0,0,-0.13125,0.5,-0.5,0.5,0.5,
1,5,19.049,0,0,-0.13125,0.5,-0.5,0.5,0.5,
1,5,19.051,0,0,-0.13125,0.5,-0.5,0.5,0.5,
1,5,19.053,0,0,-0.13125,0.5,-0.5,0.5,0.5,
1,5,19.055,0,0,-0.13125,0.5,-0.5,0.5,0.5,
1,5,19.057,0,0,-0.13125,0.5,-0.5,0.5,0.5,
1,5,19.059,0,0,-0.13125,0.5,-0.5,0.5,0.5,
1,5,19.061,0,0,-0.13125,0.5,-0.5,0.5,0.5,
1,5,19.063,0,0,-0.13125,0.5,-0.5,0.5,0.5,
1,5,19.065,0,0,-0.13125,0.5,-0.5,0.5,0.5,
1,5,19.067,0,0,-0.13125,0.5,-0.5,0.5,0.5,
1,5,19.069,0,0,-0.13125,0.5,-0.5,0.5,0.5,
1,5,19.071,0,0,-0.13125,0.5,-0.5,0.5,0.5,
1,5,19.073,0,0,-0.13125,0.5,-0.5,0.5,0.5,
1,5,19.075,0,0,-0.13125,0.5,-0.5,0.5,0.5,
1,5,19.077,0,0,-0.13125,0.5,-0.5,0.5,0.5,
1,5,19.079,0,0,-0.13125,0.5,-0.5,0.5,0.5,
1,5,19.081,0,0,-0.13125,0.5,-0.5,0.5,0.5,
1,5,19.083,0,0,-0.13125,0.5,-0.5,0.5,0.5,
1,5,19.085,0,0,-0.13125,0.5,-0.5,0.5,0.5,
1,5,19.087,0,0,-0.13125,0.5,-0.5,0.5,0.5,
1,5,19.089,0,0,-0.13125,0.5,-0.5,0.5,0.5,
1,5,19.091,0,0,-0.13125,0.5,-0.5,0.5,0.5,
1,5,19.093,0,0,-0.13125,0.5,-0.5,0.5,0.5,
1,5,19.095,0,0,-0.13125,0.5,-0.5,0.5,0.5,
1,5,19.097,0,0,-0.13125,0.5,-0.5,0.5,0.5,
1,5,19.099,0,0,-0.13125,0.5,-0.5,0.5,0.5,
1,5,19.101,0,0,-0.13125,0.5,-0.5,0.5,0.5,
1,5,19.103,0,0,-0.13125,0.5,-0.5,0.5,0.5,
1,5,19.105,0,0,-0.13125,0.5,-0.5,0.5,0.5,
1,5,19.107,0,0,-0.13125,0.5,-0.5,0.5,0.5,
1,5,19.109,0,0,-0.13125,0.5,-0.5,0.5,0.5,
1,5,19.111,0,0,-0.13125,0.5,-0.5,0.5,0.5,
1,5,19.113,0,0,-0.13125,0.5,-0.5,0.5,0.5,
1,5,19.115,0,0,-0.13125,0.5,-0.5,0.5,0.5,
1,5,19.117,0,0,-0.13125,0.5,-0.5,0.5,0.5,
1,5,19.119,0,0,-0.13125,0.5,-0.5,0.5,0.5,
1,5,19.121,0,0,-0.13125,0.5,-0.5,0.5,0.5,
1,5,19.123,0,0,-0.13125,0.5,-0.5,0.5,0.5,
1,5,19.125,0,0,-0.13125,0.5,-0.5,0.5,0.5,
1,5,19.127,0,0,-0.13125,0.5,-0.5,0.5,0.5,
1,5,19.129,0,0,-0.13125,0.5,-0.5,0.5,0.5,
1,5,19.131,0,0,-0.13125,0.5,-0.5,0.5,0.5,
1,5,19.133,0,0,-0.13125,0.5,-0.5,0.5,0.5,
1,5,19.135,0,0,-0.13125,0.5,-0.5,0.5,0.5,
1,5,19.137,0,0,-0.13125,0.5,-0.5,0.5,0.5,
1,5,19.139,0,0,-0.13125,0.5,-0.5,0.5,0.5,
1,5,19.141,0,0,-0.13125,0.5,-0.5,0.5,0.5,
1,5,19.143,0,0,-0.13125,0.5,-0.5,0.5,0.5,
1,5,19.145,0,0,-0.13125,0.5,-0.5,0.5,0.5,
1,5,19.147,0,0,-0.13125,0.5,-0.5,0.5,0.5,
1,5,19.149,0,0,-0.13125,0.5,-0.5,0.5,0.5,
1,5,19.151,0,0,-0.13125,0.5,-0.5,0.5,0.5,
1,5,19.153,0,0,-0.13125,0.5,-0.5,0.5,0.5,
1,5,19.155,0,0,-0.13125,0.5,-0.5,0.5,0.5,
1,5,19.157,0,0,-0.13125,0.5,-0.5,0.5,0.5,
1,5,19.159,0,0,-0.13125,0.5,-0.5,0.5,0.5,
1,5,19.161,0,0,-0.13125,0.5,-0.5,0.5,0.5,
1,5,19.163,0,0,-0.13125,0.5,-0.5,0.5,0.5,
1,5,19.165,0,0,-0.13125,0.5,-0.5,0.5,0.5,
1,5,19.167,0,0,-0.13125,0.5,-0.5,0.5,0.5,
1,5,19.169,0,0,-0.13125,0.5,-0.5,0.5,0.5,
1,5,19.171,0,0,-0.13125,0.5,-0.5,0.5,0.5,
1,5,19.173,0,0,-0.13125,0.5,-0.5,0.5,0.5,
1,5,19.175,0,0,-0.13125,0.5,-0.5,0.5,0.5,
1,5,19.177,0,0,-0.13125,0.5,-0.5,0.5,0.5,
1,5,19.179,0,0,-0.13125,0.5,-0.5,0.5,0.5,
1,5,19.181,0,0,-0.13125,0.5,-0.5,0.5,0.5,
1,5,19.183,0,0,-0.13125,0.5,-0.5,0.5,0.5,
1,5,19.185,0,0,-0.13125,0.5,-0.5,0.5,0.5,
1,5,19.187,0,0,-0.13125,0.5,-0.5,0.5,0.5,
1,5,19.189,0,0,-0.13125,0.5,-0.5,0.5,0.5,
1,5,19.191,0,0,-0.13125,0.5,-0.5,0.5,0.5,
1,5,19.193,0,0,-0.13125,0.5,-0.5,0.5,0.5,
1,5,19.195,0,0,-0.13125,0.5,-0.5,0.5,0.5,
1,5,19.197,0,0,-0.13125,0.5,-0.5,0.5,0.5,
1,5,19.199,0,0,-0.13125,0.5,-0.5,0.5,0.5,
1,5,19.201,0,0,-0.13125,0.5,-0.5,0.5,0.5,
1,5,19.203,0,0,-0.13125,0.5,-0.5,0.5,0.5,
1,5,19.205,0,0,-0.13125,0.5,-0.5,0.5,0.5,
1,5,19.207,0,0,-0.13125,0.5,-0.5,0.5,0.5,
1,5,19.209,0,0,-0.13125,0.5,-0.5,0.5,0.5,
1,5,19.211,0,0,-0.13125,0.5,-0.5,0.5,0.5,
1,5,19.213,0,0,-0.13125,0.5,-0.5,0.5,0.5,
1,5,19.215,0,0,-0.13125,0.5,-0.5,0.5,0.5,
1,5,19.217,0,0,-0.13125,0.5,-0.5,0.5,0.5,
1,5,19.219,0,0,-0.13125,0.5,-0.5,0.5,0.5,
1,5,19.221,0,0,-0.13125,0.5,-0.5,0.5,0.5,
1,5,19.223,0,0,-0.13125,0.5,-0.5,0.5,0.5,
1,5,19.225,0,0,-0.13125,0.5,-0.5,0.5,0.5,
1,5,19.227,0,0,-0.13125,0.5,-0.5,0.5,0.5,
1,5,19.229,0,0,-0.13125,0.5,-0.5,0.5,0.5,
1,5,19.231,0,0,-0.13125,0.5,-0.5,0.5,0.5,
1,5,19.233,0,0,-0.13125,0.5,-0.5,0.5,0.5,
1,5,19.235,0,0,-0.13125,0.5,-0.5,0.5,0.5,
1,5,19.237,0,0,-0.13125,0.5,-0.5,0.5,0.5,
1,5,19.239,0,0,-0.13125,0.5,-0.5,0.5,0.5,
1,5,19.241,0,0,-0.13125,0.5,-0.5,0.5,0.5,
1,5,19.243,0,0,-0.13125,0.5,-0.5,0.5,0.5,
1,5,19.245,0,0,-0.13125,0.5,-0.5,0.5,0.5,
1,5,19.247,0,0,-0.13125,0.5,-0.5,0.5,0.5,
1,5,19.249,0,0,-0.13125,0.5,-0.5,0.5,0.5,
1,5,19.251,0,0,-0.13125,0.5,-0.5,0.5,0.5,
1,5,19.253,0,0,-0.13125,0.5,-0.5,0.5,0.5,
1,5,19.255,0,0,-0.13125,0.5,-0.5,0.5,0.5,
1,5,19.257,0,0,-0.13125,0.5,-0.5,0.5,0.5,
1,5,19.259,0,0,-0.13125,0.5,-0.5,0.5,0.5,
1,5,19.261,0,0,-0.13125,0.5,-0.5,0.5,0.5,
1,5,19.263,0,0,-0.13125,0.5,-0.5,0.5,0.5,
1,5,19.265,0,0,-0.13125,0.5,-0.5,0.5,0.5,
1,5,19.267,0,0,-0.13125,0.5,-0.5,0.5,0.5,
1,5,19.269,0,0,-0.13125,0.5,-0.5,0.5,0.5,
1,5,19.271,0,0,-0.13125,0.5,-0.5,0.5,0.5,
1,5,19.273,0,0,-0.13125,0.5,-0.5,0.5,0.5,
1,5,19.275,0,0,-0.13125,0.5,-0.5,0.5,0.5,
1,5,19.277,0,0,-0.13125,0.5,-0.5,0.5,0.5,
1,5,19.279,0,0,-0.13125,0.5,-0.5,0.5,0.5,
1,5,19.281,0,0,-0.13125,0.5,-0.5,0.5,0.5,
1,5,19.283,0,0,-0.13125,0.5,-0.5,0.5,0.5,
1,5,19.285,0,0,-0.13125,0.5,-0.5,0.5,0.5,
1,5,19.287,0,0,-0.13125,0.5,-0.5,0.5,0.5,
1,5,19.289,0,0,-0.13125,0.5,-0.5,0.5,0.5,
1,5,19.291,0,0,-0.13125,0.5,-0.5,0.5,0.5,
1,5,19.293,0,0,-0.13125,0.5,-0.5,0.5,0.5,
1,5,19.295,0,0,-0.13125,0.5,-0.5,0.5,0.5,
1,5,19.297,0,0,-0.13125,0.5,-0.5,0.5,0.5,
1,5,19.299,0,0,-0.13125,0.5,-0.5,0.5,0.5,
1,5,19.301,0,0,-0.13125,0.5,-0.5,0.5,0.5,
1,5,19.303,0,0,-0.13125,0.5,-0.5,0.5,0.5,
1,5,19.305,0,0,-0.13125,0.5,-0.5,0.5,0.5,
1,5,19.307,0,0,-0.13125,0.5,-0.5,0.5,0.5,
1,5,19.309,0,0,-0.13125,0.5,-0.5,0.5,0.5,
1,5,19.311,0,0,-0.13125,0.5,-0.5,0.5,0.5,
1,5,19.313,0,0,-0.13125,0.5,-0.5,0.5,0.5,
1,5,19.315,0,0,-0.13125,0.5,-0.5,0.5,0.5,
1,5,19.317,0,0,-0.13125,0.5,-0.5,0.5,0.5,
1,5,19.319,0,0,-0.13125,0.5,-0.5,0.5,0.5,
1,5,19.321,0,0,-0.13125,0.5,-0.5,0.5,0.5,
1,5,19.323,0,0,-0.13125,0.5,-0.5,0.5,0.5,
1,5,19.325,0,0,-0.13125,0.5,-0.5,0.5,0.5,
1,5,19.327,0,0,-0.13125,0.5,-0.5,0.5,0.5,
1,5,19.329,0,0,-0.13125,0.5,-0.5,0.5,0.5,
1,5,19.331,0,0,-0.13125,0.5,-0.5,0.5,0.5,
1,5,19.333,0,0,-0.13125,0.5,-0.5,0.5,0.5,
1,5,19.335,0,0,-0.13125,0.5,-0.5,0.5,0.5,
1,5,19.337,0,0,-0.13125,0.5,-0.5,0.5,0.5,
1,5,19.339,0,0,-0.13125,0.5,-0.5,0.5,0.5,
1,5,19.341,0,0,-0.13125,0.5,-0.5,0.5,0.5,
1,5,19.343,0,0,-0.13125,0.5,-0.5,0.5,0.5,
1,5,19.345,0,0,-0.13125,0.5,-0.5,0.5,0.5,
1,5,19.347,0,0,-0.13125,0.5,-0.5,0.5,0.5,
1,5,19.349,0,0,-0.13125,0.5,-0.5,0.5,0.5,
1,5,19.351,0,0,-0.13125,0.5,-0.5,0.5,0.5,
1,5,19.353,0,0,-0.13125,0.5,-0.5,0.5,0.5,
1,5,19.355,0,0,-0.13125,0.5,-0.5,0.5,0.5,
1,5,19.357,0,0,-0.13125,0.5,-0.5,0.5,0.5,
1,5,19.359,0,0,-0.13125,0.5,-0.5,0.5,0.5,
1,5,19.361,0,0,-0.13125,0.5,-0.5,0.5,0.5,
1,5,19.363,0,0,-0.13125,0.5,-0.5,0.5,0.5,
1,5,19.365,0,0,-0.13125,0.5,-0.5,0.5,0.5,
1,5,19.367,0,0,-0.13125,0.5,-0.5,0.5,0.5,
1,5,19.369,0,0,-0.13125,0.5,-0.5,0.5,0.5,
1,5,19.371,0,0,-0.13125,0.5,-0.5,0.5,0.5,
1,5,19.373,0,0,-0.13125,0.5,-0.5,0.5,0.5,
1,5,19.375,0,0,-0.13125,0.5,-0.5,0.5,0.5,
1,5,19.377,0,0,-0.13125,0.5,-0.5,0.5,0.5,
1,5,19.379,0,0,-0.13125,0.5,-0.5,0.5,0.5,
1,5,19.381,0,0,-0.13125,0.5,-0.5,0.5,0.5,
1,5,19.383,0,0,-0.13125,0.5,-0.5,0.5,0.5,
1,5,19.385,0,0,-0.13125,0.5,-0.5,0.5,0.5,
1,5,19.387,0,0,-0.13125,0.5,-0.5,0.5,0.5,
1,5,19.389,0,0,-0.13125,0.5,-0.5,0.5,0.5,
1,5,19.391,0,0,-0.13125,0.5,-0.5,0.5,0.5,
1,5,19.393,0,0,-0.13125,0.5,-0.5,0.5,0.5,
1,5,19.395,0,0,-0.13125,0.5,-0.5,0.5,0.5,
1,5,19.397,0,0,-0.13125,0.5,-0.5,0.5,0.5,
1,5,19.399,0,0,-0.13125,0.5,-0.5,0.5,0.5,
1,5,19.401,0,0,-0.13125,0.5,-0.5,0.5,0.5,
1,5,19.403,0,0,-0.13125,0.5,-0.5,0.5,0.5,
1,5,19.405,0,0,-0.13125,0.5,-0.5,0.5,0.5,
1,5,19.407,0,0,-0.13125,0.5,-0.5,0.5,0.5,
1,5,19.409,0,0,-0.13125,0.5,-0.5,0.5,0.5,
1,5,19.411,0,0,-0.13125,0.5,-0.5,0.5,0.5,
1,5,19.413,0,0,-0.13125,0.5,-0.5,0.5,0.5,
1,5,19.415,0,0,-0.13125,0.5,-0.5,0.5,0.5,
1,5,19.417,0,0,-0.13125,0.5,-0.5,0.5,0.5,
1,5,19.419,0,0,-0.13125,0.5,-0.5,0.5,0.5,
1,5,19.421,0,0,-0.13125,0.5,-0.5,0.5,0.5,
1,5,19.423,0,0,-0.13125,0.5,-0.5,0.5,0.5,
1,5,19.425,0,0,-0.13125,0.5,-0.5,0.5,0.5,
1,5,19.427,0,0,-0.13125,0.5,-0.5,0.5,0.5,
1,5,19.429,0,0,-0.13125,0.5,-0.5,0.5,0.5,
1,5,19.431,0,0,-0.13125,0.5,-0.5,0.5,0.5,
1,5,19.433,0,0,-0.13125,0.5,-0.5,0.5,0.5,
1,5,19.435,0,0,-0.13125,0.5,-0.5,0.5,0.5,
1,5,19.437,0,0,-0.13125,0.5,-0.5,0.5,0.5,
1,5,19.439,0,0,-0.13125,0.5,-0.5,0.5,0.5,
1,5,19.441,0,0,-0.13125,0.5,-0.5,0.5,0.5,
1,5,19.443,0,0,-0.13125,0.5,-0.5,0.5,0.5,
1,5,19.445,0,0,-0.13125,0.5,-0.5,0.5,0.5,
1,5,19.447,0,0,-0.13125,0.5,-0.5,0.5,0.5,
1,5,19.449,0,0,-0.13125,0.5,-0.5,0.5,0.5,
1,5,19.451,0,0,-0.13125,0.5,-0.5,0.5,0.5,
1,5,19.453,0,0,-0.13125,0.5,-0.5,0.5,0.5,
1,5,19.455,0,0,-0.13125,0.5,-0.5,0.5,0.5,
1,5,19.457,0,0,-0.13125,0.5,-0.5,0.5,0.5,
1,5,19.459,0,0,-0.13125,0.5,-0.5,0.5,0.5,
1,5,19.461,0,0,-0.13125,0.5,-0.5,0.5,0.5,
1,5,19.463,0,0,-0.13125,0.5,-0.5,0.5,0.5,
1,5,19.465,0,0,-0.13125,0.5,-0.5,0.5,0.5,
1,5,19.467,0,0,-0.13125,0.5,-0.5,0.5,0.5,
1,5,19.469,0,0,-0.13125,0.5,-0.5,0.5,0.5,
1,5,19.471,0,0,-0.13125,0.5,-0.5,0.5,0.5,
1,5,19.473,0,0,-0.13125,0.5,-0.5,0.5,0.5,
1,5,19.475,0,0,-0.13125,0.5,-0.5,0.5,0.5,
1,5,19.477,0,0,-0.13125,0.5,-0.5,0.5,0.5,
1,5,19.479,0,0,-0.13125,0.5,-0.5,0.5,0.5,
1,5,19.481,0,0,-0.13125,0.5,-0.5,0.5,0.5,
1,5,19.483,0,0,-0.13125,0.5,-0.5,0.5,0.5,
1,5,19.485,0,0,-0.13125,0.5,-0.5,0.5,0.5,
1,5,19.487,0,0,-0.13125,0.5,-0.5,0.5,0.5,
1,5,19.489,0,0,-0.13125,0.5,-0.5,0.5,0.5,
1,5,19.491,0,0,-0.13125,0.5,-0.5,0.5,0.5,
1,5,19.493,0,0,-0.13125,0.5,-0.5,0.5,0.5,
1,5,19.495,0,0,-0.13125,0.5,-0.5,0.5,0.5,
1,5,19.497,0,0,-0.13125,0.5,-0.5,0.5,0.5,
1,5,19.499,0,0,-0.13125,0.5,-0.5,0.5,0.5,
1,5,19.501,0,0,-0.13125,0.5,-0.5,0.5,0.5,
1,5,19.503,0,0,-0.13125,0.5,-0.5,0.5,0.5,
1,5,19.505,0,0,-0.13125,0.5,-0.5,0.5,0.5,
1,5,19.507,0,0,-0.13125,0.5,-0.5,0.5,0.5,
1,5,19.509,0,0,-0.13125,0.5,-0.5,0.5,0.5,
1,5,19.511,0,0,-0.13125,0.5,-0.5,0.5,0.5,
1,5,19.513,0,0,-0.13125,0.5,-0.5,0.5,0.5,
1,5,19.515,0,0,-0.13125,0.5,-0.5,0.5,0.5,
1,5,19.517,0,0,-0.13125,0.5,-0.5,0.5,0.5,
1,5,19.519,0,0,-0.13125,0.5,-0.5,0.5,0.5,
1,5,19.521,0,0,-0.13125,0.5,-0.5,0.5,0.5,
1,5,19.523,0,0,-0.13125,0.5,-0.5,0.5,0.5,
1,5,19.525,0,0,-0.13125,0.5,-0.5,0.5,0.5,
1,5,19.527,0,0,-0.13125,0.5,-0.5,0.5,0.5,
1,5,19.529,0,0,-0.13125,0.5,-0.5,0.5,0.5,
1,5,19.531,0,0,-0.13125,0.5,-0.5,0.5,0.5,
1,5,19.533,0,0,-0.13125,0.5,-0.5,0.5,0.5,
1,5,19.535,0,0,-0.13125,0.5,-0.5,0.5,0.5,
1,5,19.537,0,0,-0.13125,0.5,-0.5,0.5,0.5,
1,5,19.539,0,0,-0.13125,0.5,-0.5,0.5,0.5,
1,5,19.541,0,0,-0.13125,0.5,-0.5,0.5,0.5,
1,5,19.543,0,0,-0.13125,0.5,-0.5,0.5,0.5,
1,5,19.545,0,0,-0.13125,0.5,-0.5,0.5,0.5,
1,5,19.547,0,0,-0.13125,0.5,-0.5,0.5,0.5,
1,5,19.549,0,0,-0.13125,0.5,-0.5,0.5,0.5,
1,5,19.551,0,0,-0.13125,0.5,-0.5,0.5,0.5,
1,5,19.553,0,0,-0.13125,0.5,-0.5,0.5,0.5,
1,5,19.555,0,0,-0.13125,0.5,-0.5,0.5,0.5,
1,5,19.557,0,0,-0.13125,0.5,-0.5,0.5,0.5,
1,5,19.559,0,0,-0.13125,0.5,-0.5,0.5,0.5,
1,5,19.561,0,0,-0.13125,0.5,-0.5,0.5,0.5,
1,5,19.563,0,0,-0.13125,0.5,-0.5,0.5,0.5,
1,5,19.565,0,0,-0.13125,0.5,-0.5,0.5,0.5,
1,5,19.567,0,0,-0.13125,0.5,-0.5,0.5,0.5,
1,5,19.569,0,0,-0.13125,0.5,-0.5,0.5,0.5,
1,5,19.571,0,0,-0.13125,0.5,-0.5,0.5,0.5,
1,5,19.573,0,0,-0.13125,0.5,-0.5,0.5,0.5,
1,5,19.575,0,0,-0.13125,0.5,-0.5,0.5,0.5,
1,5,19.577,0,0,-0.13125,0.5,-0.5,0.5,0.5,
1,5,19.579,0,0,-0.13125,0.5,-0.5,0.5,0.5,
1,5,19.581,0,0,-0.13125,0.5,-0.5,0.5,0.5,
1,5,19.583,0,0,-0.13125,0.5,-0.5,0.5,0.5,
1,5,19.585,0,0,-0.13125,0.5,-0.5,0.5,0.5,
1,5,19.587,0,0,-0.13125,0.5,-0.5,0.5,0.5,
1,5,19.589,0,0,-0.13125,0.5,-0.5,0.5,0.5,
1,5,19.591,0,0,-0.13125,0.5,-0.5,0.5,0.5,
1,5,19.593,0,0,-0.13125,0.5,-0.5,0.5,0.5,
1,5,19.595,0,0,-0.13125,0.5,-0.5,0.5,0.5,
1,5,19.597,0,0,-0.13125,0.5,-0.5,0.5,0.5,
1,5,19.599,0,0,-0.13125,0.5,-0.5,0.5,0.5,
1,5,19.601,0,0,-0.13125,0.5,-0.5,0.5,0.5,
1,5,19.603,0,0,-0.13125,0.5,-0.5,0.5,0.5,
1,5,19.605,0,0,-0.13125,0.5,-0.5,0.5,0.5,
1,5,19.607,0,0,-0.13125,0.5,-0.5,0.5,0.5,
1,5,19.609,0,0,-0.13125,0.5,-0.5,0.5,0.5,
1,5,19.611,0,0,-0.13125,0.5,-0.5,0.5,0.5,
1,5,19.613,0,0,-0.13125,0.5,-0.5,0.5,0.5,
1,5,19.615,0,0,-0.13125,0.5,-0.5,0.5,0.5,
1,5,19.617,0,0,-0.13125,0.5,-0.5,0.5,0.5,
1,5,19.619,0,0,-0.13125,0.5,-0.5,0.5,0.5,
1,5,19.621,0,0,-0.13125,0.5,-0.5,0.5,0.5,
1,5,19.623,0,0,-0.13125,0.5,-0.5,0.5,0.5,
1,5,19.625,0,0,-0.13125,0.5,-0.5,0.5,0.5,
1,5,19.627,0,0,-0.13125,0.5,-0.5,0.5,0.5,
1,5,19.629,0,0,-0.13125,0.5,-0.5,0.5,0.5,
1,5,19.631,0,0,-0.13125,0.5,-0.5,0.5,0.5,
1,5,19.633,0,0,-0.13125,0.5,-0.5,0.5,0.5,
1,5,19.635,0,0,-0.13125,0.5,-0.5,0.5,0.5,
1,5,19.637,0,0,-0.13125,0.5,-0.5,0.5,0.5,
1,5,19.639,0,0,-0.13125,0.5,-0.5,0.5,0.5,
1,5,19.641,0,0,-0.13125,0.5,-0.5,0.5,0.5,
1,5,19.643,0,0,-0.13125,0.5,-0.5,0.5,0.5,
1,5,19.645,0,0,-0.13125,0.5,-0.5,0.5,0.5,
1,5,19.647,0,0,-0.13125,0.5,-0.5,0.5,0.5,
1,5,19.649,0,0,-0.13125,0.5,-0.5,0.5,0.5,
1,5,19.651,0,0,-0.13125,0.5,-0.5,0.5,0.5,
1,5,19.653,0,0,-0.13125,0.5,-0.5,0.5,0.5,
1,5,19.655,0,0,-0.13125,0.5,-0.5,0.5,0.5,
1,5,19.657,0,0,-0.13125,0.5,-0.5,0.5,0.5,
1,5,19.659,0,0,-0.13125,0.5,-0.5,0.5,0.5,
1,5,19.661,0,0,-0.13125,0.5,-0.5,0.5,0.5,
1,5,19.663,0,0,-0.13125,0.5,-0.5,0.5,0.5,
1,5,19.665,0,0,-0.13125,0.5,-0.5,0.5,0.5,
1,5,19.667,0,0,-0.13125,0.5,-0.5,0.5,0.5,
1,5,19.669,0,0,-0.13125,0.5,-0.5,0.5,0.5,
1,5,19.671,0,0,-0.13125,0.5,-0.5,0.5,0.5,
1,5,19.673,0,0,-0.13125,0.5,-0.5,0.5,0.5,
1,5,19.675,0,0,-0.13125,0.5,-0.5,0.5,0.5,
1,5,19.677,0,0,-0.13125,0.5,-0.5,0.5,0.5,
1,5,19.679,0,0,-0.13125,0.5,-0.5,0.5,0.5,
1,5,19.681,0,0,-0.13125,0.5,-0.5,0.5,0.5,
1,5,19.683,0,0,-0.13125,0.5,-0.5,0.5,0.5,
1,5,19.685,0,0,-0.13125,0.5,-0.5,0.5,0.5,
1,5,19.687,0,0,-0.13125,0.5,-0.5,0.5,0.5,
1,5,19.689,0,0,-0.13125,0.5,-0.5,0.5,0.5,
1,5,19.691,0,0,-0.13125,0.5,-0.5,0.5,0.5,
1,5,19.693,0,0,-0.13125,0.5,-0.5,0.5,0.5,
1,5,19.695,0,0,-0.13125,0.5,-0.5,0.5,0.5,
1,5,19.697,0,0,-0.13125,0.5,-0.5,0.5,0.5,
1,5,19.699,0,0,-0.13125,0.5,-0.5,0.5,0.5,
1,5,19.701,0,0,-0.13125,0.5,-0.5,0.5,0.5,
1,5,19.703,0,0,-0.13125,0.5,-0.5,0.5,0.5,
1,5,19.705,0,0,-0.13125,0.5,-0.5,0.5,0.5,
1,5,19.707,0,0,-0.13125,0.5,-0.5,0.5,0.5,
1,5,19.709,0,0,-0.13125,0.5,-0.5,0.5,0.5,
1,5,19.711,0,0,-0.13125,0.5,-0.5,0.5,0.5,
1,5,19.713,0,0,-0.13125,0.5,-0.5,0.5,0.5,
1,5,19.715,0,0,-0.13125,0.5,-0.5,0.5,0.5,
1,5,19.717,0,0,-0.13125,0.5,-0.5,0.5,0.5,
1,5,19.719,0,0,-0.13125,0.5,-0.5,0.5,0.5,
1,5,19.721,0,0,-0.13125,0.5,-0.5,0.5,0.5,
1,5,19.723,0,0,-0.13125,0.5,-0.5,0.5,0.5,
1,5,19.725,0,0,-0.13125,0.5,-0.5,0.5,0.5,
1,5,19.727,0,0,-0.13125,0.5,-0.5,0.5,0.5,
1,5,19.729,0,0,-0.13125,0.5,-0.5,0.5,0.5,
1,5,19.731,0,0,-0.13125,0.5,-0.5,0.5,0.5,
1,5,19.733,0,0,-0.13125,0.5,-0.5,0.5,0.5,
1,5,19.735,0,0,-0.13125,0.5,-0.5,0.5,0.5,
1,5,19.737,0,0,-0.13125,0.5,-0.5,0.5,0.5,
1,5,19.739,0,0,-0.13125,0.5,-0.5,0.5,0.5,
1,5,19.741,0,0,-0.13125,0.5,-0.5,0.5,0.5,
1,5,19.743,0,0,-0.13125,0.5,-0.5,0.5,0.5,
1,5,19.745,0,0,-0.13125,0.5,-0.5,0.5,0.5,
1,5,19.747,0,0,-0.13125,0.5,-0.5,0.5,0.5,
1,5,19.749,0,0,-0.13125,0.5,-0.5,0.5,0.5,
1,5,19.751,0,0,-0.13125,0.5,-0.5,0.5,0.5,
1,5,19.753,0,0,-0.13125,0.5,-0.5,0.5,0.5,
1,5,19.755,0,0,-0.13125,0.5,-0.5,0.5,0.5,
1,5,19.757,0,0,-0.13125,0.5,-0.5,0.5,0.5,
1,5,19.759,0,0,-0.13125,0.5,-0.5,0.5,0.5,
1,5,19.761,0,0,-0.13125,0.5,-0.5,0.5,0.5,
1,5,19.763,0,0,-0.13125,0.5,-0.5,0.5,0.5,
1,5,19.765,0,0,-0.13125,0.5,-0.5,0.5,0.5,
1,5,19.767,0,0,-0.13125,0.5,-0.5,0.5,0.5,
1,5,19.769,0,0,-0.13125,0.5,-0.5,0.5,0.5,
1,5,19.771,0,0,-0.13125,0.5,-0.5,0.5,0.5,
1,5,19.773,0,0,-0.13125,0.5,-0.5,0.5,0.5,
1,5,19.775,0,0,-0.13125,0.5,-0.5,0.5,0.5,
1,5,19.777,0,0,-0.13125,0.5,-0.5,0.5,0.5,
1,5,19.779,0,0,-0.13125,0.5,-0.5,0.5,0.5,
1,5,19.781,0,0,-0.13125,0.5,-0.5,0.5,0.5,
1,5,19.783,0,0,-0.13125,0.5,-0.5,0.5,0.5,
1,5,19.785,0,0,-0.13125,0.5,-0.5,0.5,0.5,
1,5,19.787,0,0,-0.13125,0.5,-0.5,0.5,0.5,
1,5,19.789,0,0,-0.13125,0.5,-0.5,0.5,0.5,
1,5,19.791,0,0,-0.13125,0.5,-0.5,0.5,0.5,
1,5,19.793,0,0,-0.13125,0.5,-0.5,0.5,0.5,
1,5,19.795,0,0,-0.13125,0.5,-0.5,0.5,0.5,
1,5,19.797,0,0,-0.13125,0.5,-0.5,0.5,0.5,
1,5,19.799,0,0,-0.13125,0.5,-0.5,0.5,0.5,
1,5,19.801,0,0,-0.13125,0.5,-0.5,0.5,0.5,
1,5,19.803,0,0,-0.13125,0.5,-0.5,0.5,0.5,
1,5,19.805,0,0,-0.13125,0.5,-0.5,0.5,0.5,
1,5,19.807,0,0,-0.13125,0.5,-0.5,0.5,0.5,
1,5,19.809,0,0,-0.13125,0.5,-0.5,0.5,0.5,
1,5,19.811,0,0,-0.13125,0.5,-0.5,0.5,0.5,
1,5,19.813,0,0,-0.13125,0.5,-0.5,0.5,0.5,
1,5,19.815,0,0,-0.13125,0.5,-0.5,0.5,0.5,
1,5,19.817,0,0,-0.13125,0.5,-0.5,0.5,0.5,
1,5,19.819,0,0,-0.13125,0.5,-0.5,0.5,0.5,
1,5,19.821,0,0,-0.13125,0.5,-0.5,0.5,0.5,
1,5,19.823,0,0,-0.13125,0.5,-0.5,0.5,0.5,
1,5,19.825,0,0,-0.13125,0.5,-0.5,0.5,0.5,
1,5,19.827,0,0,-0.13125,0.5,-0.5,0.5,0.5,
1,5,19.829,0,0,-0.13125,0.5,-0.5,0.5,0.5,
1,5,19.831,0,0,-0.13125,0.5,-0.5,0.5,0.5,
1,5,19.833,0,0,-0.13125,0.5,-0.5,0.5,0.5,
1,5,19.835,0,0,-0.13125,0.5,-0.5,0.5,0.5,
1,5,19.837,0,0,-0.13125,0.5,-0.5,0.5,0.5,
1,5,19.839,0,0,-0.13125,0.5,-0.5,0.5,0.5,
1,5,19.841,0,0,-0.13125,0.5,-0.5,0.5,0.5,
1,5,19.843,0,0,-0.13125,0.5,-0.5,0.5,0.5,
1,5,19.845,0,0,-0.13125,0.5,-0.5,0.5,0.5,
1,5,19.847,0,0,-0.13125,0.5,-0.5,0.5,0.5,
1,5,19.849,0,0,-0.13125,0.5,-0.5,0.5,0.5,
1,5,19.851,0,0,-0.13125,0.5,-0.5,0.5,0.5,
1,5,19.853,0,0,-0.13125,0.5,-0.5,0.5,0.5,
1,5,19.855,0,0,-0.13125,0.5,-0.5,0.5,0.5,
1,5,19.857,0,0,-0.13125,0.5,-0.5,0.5,0.5,
1,5,19.859,0,0,-0.13125,0.5,-0.5,0.5,0.5,
1,5,19.861,0,0,-0.13125,0.5,-0.5,0.5,0.5,
1,5,19.863,0,0,-0.13125,0.5,-0.5,0.5,0.5,
1,5,19.865,0,0,-0.13125,0.5,-0.5,0.5,0.5,
1,5,19.867,0,0,-0.13125,0.5,-0.5,0.5,0.5,
1,5,19.869,0,0,-0.13125,0.5,-0.5,0.5,0.5,
1,5,19.871,0,0,-0.13125,0.5,-0.5,0.5,0.5,
1,5,19.873,0,0,-0.13125,0.5,-0.5,0.5,0.5,
1,5,19.875,0,0,-0.13125,0.5,-0.5,0.5,0.5,
1,5,19.877,0,0,-0.13125,0.5,-0.5,0.5,0.5,
1,5,19.879,0,0,-0.13125,0.5,-0.5,0.5,0.5,
1,5,19.881,0,0,-0.13125,0.5,-0.5,0.5,0.5,
1,5,19.883,0,0,-0.13125,0.5,-0.5,0.5,0.5,
1,5,19.885,0,0,-0.13125,0.5,-0.5,0.5,0.5,
1,5,19.887,0,0,-0.13125,0.5,-0.5,0.5,0.5,
1,5,19.889,0,0,-0.13125,0.5,-0.5,0.5,0.5,
1,5,19.891,0,0,-0.13125,0.5,-0.5,0.5,0.5,CourtEnter
1,5,19.893,0,0,-0.13125,0.5,-0.5,0.5,0.5,
1,5,19.895,0,0,-0.13125,0.5,-0.5,0.5,0.5,
1,5,19.897,0,0,-0.13125,0.5,-0.5,0.5,0.5,
1,5,19.899,0,0,-0.13125,0.5,-0.5,0.5,0.5,
1,5,19.901,0,0,-0.13125,0.5,-0.5,0.5,0.5,CourtExit
1,5,19.903,0,0,-0.13125,0.5,-0.5,0.5,0.5,
1,5,19.905,0,0,-0.13125,0.5,-0.5,0.5,0.5,
1,5,19.907,0,0,-0.13125,0.5,-0.5,0.5,0.5,
1,5,19.909,0,0,-0.13125,0.5,-0.5,0.5,0.5,
1,5,19.911,0,0,-0.13125,0.5,-0.5,0.5,0.5,
1,5,19.913,0,0,-0.13125,0.5,-0.5,0.5,0.5,
1,5,19.915,0,0,-0.13125,0.5,-0.5,0.5,0.5,
1,5,19.917,0,0,-0.13125,0.5,-0.5,0.5,0.5,
1,5,19.919,0,0,-0.13125,0.5,-0.5,0.5,0.5,
1,5,19.921,0,0,-0.13125,0.5,-0.5,0.5,0.5,
1,5,19.923,0,0,-0.13125,0.5,-0.5,0.5,0.5,
1,5,19.925,0,0,-0.13125,0.5,-0.5,0.5,0.5,
1,5,19.927,0,0,-0.13125,0.5,-0.5,0.5,0.5,
1,5,19.929,0,0,-0.13125,0.5,-0.5,0.5,0.5,
1,5,19.931,0,0,-0.13125,0.5,-0.5,0.5,0.5,
1,5,19.933,0,0,-0.13125,0.5,-0.5,0.5,0.5,
1,5,19.935,0,0,-0.13125,0.5,-0.5,0.5,0.5,
1,5,19.937,0,0,-0.13125,0.5,-0.5,0.5,0.5,
1,5,19.939,0,0,-0.13125,0.5,-0.5,0.5,0.5,
1,5,19.941,0,0,-0.13125,0.5,-0.5,0.5,0.5,
1,5,19.943,0,0,-0.13125,0.5,-0.5,0.5,0.5,
1,5,19.945,0,0,-0.13125,0.5,-0.5,0.5,0.5,
1,5,19.947,0,0,-0.13125,0.5,-0.5,0.5,0.5,
1,5,19.949,0,0,-0.13125,0.5,-0.5,0.5,0.5,
1,5,19.951,0,0,-0.13125,0.5,-0.5,0.5,0.5,
1,5,19.953,0,0,-0.13125,0.5,-0.5,0.5,0.5,
1,5,19.955,0,0,-0.13125,0.5,-0.5,0.5,0.5,
1,5,19.957,0,0,-0.13125,0.5,-0.5,0.5,0.5,
1,5,19.959,0,0,-0.13125,0.5,-0.5,0.5,0.5,
1,5,19.961,0,0,-0.13125,0.5,-0.5,0.5,0.5,
1,5,19.963,0,0,-0.13125,0.5,-0.5,0.5,0.5,
1,5,19.965,0,0,-0.13125,0.5,-0.5,0.5,0.5,
1,5,19.967,0,0,-0.13125,0.5,-0.5,0.5,0.5,
1,5,19.969,0,0,-0.13125,0.5,-0.5,0.5,0.5,
1,5,19.971,0,0,-0.13125,0.5,-0.5,0.5,0.5,
1,5,19.973,0,0,-0.13125,0.5,-0.5,0.5,0.5,
1,5,19.975,0,0,-0.13125,0.5,-0.5,0.5,0.5,
1,5,19.977,0,0,-0.13125,0.5,-0.5,0.5,0.5,
1,5,19.979,0,0,-0.13125,0.5,-0.5,0.5,0.5,
1,5,19.981,0,0,-0.13125,0.5,-0.5,0.5,0.5,
1,5,19.983,0,0,-0.13125,0.5,-0.5,0.5,0.5,
1,5,19.985,0,0,-0.13125,0.5,-0.5,0.5,0.5,
1,5,19.987,0,0,-0.13125,0.5,-0.5,0.5,0.5,
1,5,19.989,0,0,-0.13125,0.5,-0.5,0.5,0.5,
1,5,19.991,0,0,-0.13125,0.5,-0.5,0.5,0.5,
1,5,19.993,0,0,-0.13125,0.5,-0.5,0.5,0.5,
1,5,19.995,0,0,-0.13125,0.5,-0.5,0.5,0.5,
1,5,19.997,0,0,-0.13125,0.5,-0.5,0.5,0.5,
1,5,19.999,0,0,-0.13125,0.5,-0.5,0.5,0.5,
1,5,20.001,0,0,-0.13125,0.5,-0.5,0.5,0.5,
1,5,20.003,0,0,-0.13125,0.5,-0.5,0.5,0.5,
1,5,20.005,0,0,-0.13125,0.5,-0.5,0.5,0.5,
1,5,20.007,0,0,-0.13125,0.5,-0.5,0.5,0.5,
1,5,20.009,0,0,-0.13125,0.5,-0.5,0.5,0.5,
1,5,20.011,0,0,-0.13125,0.5,-0.5,0.5,0.5,
1,5,20.013,0,0,-0.13125,0.5,-0.5,0.5,0.5,
1,5,20.015,0,0,-0.13125,0.5,-0.5,0.5,0.5,
1,5,20.017,0,0,-0.13125,0.5,-0.5,0.5,0.5,
1,5,20.019,0,0,-0.13125,0.5,-0.5,0.5,0.5,
1,5,20.021,0,0,-0.13125,0.5,-0.5,0.5,0.5,
1,5,20.023,0,0,-0.13125,0.5,-0.5,0.5,0.5,
1,5,20.025,0,0,-0.13125,0.5,-0.5,0.5,0.5,
1,5,20.027,0,0,-0.13125,0.5,-0.5,0.5,0.5,
1,5,20.029,0,0,-0.13125,0.5,-0.5,0.5,0.5,
1,5,20.031,0,0,-0.13125,0.5,-0.5,0.5,0.5,
1,5,20.033,0,0,-0.13125,0.5,-0.5,0.5,0.5,
1,5,20.035,0,0,-0.13125,0.5,-0.5,0.5,0.5,
1,5,20.037,0,0,-0.13125,0.5,-0.5,0.5,0.5,
1,5,20.039,0,0,-0.13125,0.5,-0.5,0.5,0.5,
1,5,20.041,0,0,-0.13125,0.5,-0.5,0.5,0.5,
1,5,20.043,0,0,-0.13125,0.5,-0.5,0.5,0.5,
1,5,20.045,0,0,-0.13125,0.5,-0.5,0.5,0.5,
1,5,20.047,0,0,-0.13125,0.5,-0.5,0.5,0.5,
1,5,20.049,0,0,-0.13125,0.5,-0.5,0.5,0.5,
1,5,20.051,0,0,-0.13125,0.5,-0.5,0.5,0.5,
1,5,20.053,0,0,-0.13125,0.5,-0.5,0.5,0.5,
1,5,20.055,0,0,-0.13125,0.5,-0.5,0.5,0.5,
1,5,20.057,0,0,-0.13125,0.5,-0.5,0.5,0.5,
1,5,20.059,0,0,-0.13125,0.5,-0.5,0.5,0.5,
1,5,20.061,0,0,-0.13125,0.5,-0.5,0.5,0.5,
1,5,20.063,0,0,-0.13125,0.5,-0.5,0.5,0.5,
1,5,20.065,0,0,-0.13125,0.5,-0.5,0.5,0.5,
1,5,20.067,0,0,-0.13125,0.5,-0.5,0.5,0.5,
1,5,20.069,0,0,-0.13125,0.5,-0.5,0.5,0.5,
1,5,20.071,0,0,-0.13125,0.5,-0.5,0.5,0.5,
1,5,20.073,0,0,-0.13125,0.5,-0.5,0.5,0.5,
1,5,20.075,0,0,-0.13125,0.5,-0.5,0.5,0.5,
1,5,20.077,0,0,-0.13125,0.5,-0.5,0.5,0.5,
1,5,20.079,0,0,-0.13125,0.5,-0.5,0.5,0.5,
1,5,20.081,0,0,-0.13125,0.5,-0.5,0.5,0.5,
1,5,20.083,0,0,-0.13125,0.5,-0.5,0.5,0.5,
1,5,20.085,0,0,-0.13125,0.5,-0.5,0.5,0.5,
1,5,20.087,0,0,-0.13125,0.5,-0.5,0.5,0.5,
1,5,20.089,0,0,-0.13125,0.5,-0.5,0.5,0.5,
1,5,20.091,0,0,-0.13125,0.5,-0.5,0.5,0.5,
1,5,20.093,0,0,-0.13125,0.5,-0.5,0.5,0.5,
1,5,20.095,0,0,-0.13125,0.5,-0.5,0.5,0.5,
1,5,20.097,0,0,-0.13125,0.5,-0.5,0.5,0.5,
1,5,20.099,0,0,-0.13125,0.5,-0.5,0.5,0.5,
1,5,20.101,0,0,-0.13125,0.5,-0.5,0.5,0.5,
1,5,20.103,0,0,-0.13125,0.5,-0.5,0.5,0.5,
1,5,20.105,0,0,-0.13125,0.5,-0.5,0.5,0.5,
1,5,20.107,0,0,-0.13125,0.5,-0.5,0.5,0.5,
1,5,20.109,0,0,-0.13125,0.5,-0.5,0.5,0.5,
1,5,20.111,0,0,-0.13125,0.5,-0.5,0.5,0.5,
1,5,20.113,0,0,-0.13125,0.5,-0.5,0.5,0.5,
1,5,20.115,0,0,-0.13125,0.5,-0.5,0.5,0.5,
1,5,20.117,0,0,-0.13125,0.5,-0.5,0.5,0.5,
1,5,20.119,0,0,-0.13125,0.5,-0.5,0.5,0.5,
1,5,20.121,0,0,-0.13125,0.5,-0.5,0.5,0.5,
1,5,20.123,0,0,-0.13125,0.5,-0.5,0.5,0.5,
1,5,20.125,0,0,-0.13125,0.5,-0.5,0.5,0.5,
1,5,20.127,0,0,-0.13125,0.5,-0.5,0.5,0.5,
1,5,20.129,0,0,-0.13125,0.5,-0.5,0.5,0.5,
1,5,20.131,0,0,-0.13125,0.5,-0.5,0.5,0.5,
1,5,20.133,0,0,-0.13125,0.5,-0.5,0.5,0.5,
1,5,20.135,0,0,-0.13125,0.5,-0.5,0.5,0.5,
1,5,20.137,0,0,-0.13125,0.5,-0.5,0.5,0.5,
1,5,20.139,0,0,-0.13125,0.5,-0.5,0.5,0.5,
1,5,20.141,0,0,-0.13125,0.5,-0.5,0.5,0.5,
1,5,20.143,0,0,-0.13125,0.5,-0.5,0.5,0.5,
1,5,20.145,0,0,-0.13125,0.5,-0.5,0.5,0.5,
1,5,20.147,0,0,-0.13125,0.5,-0.5,0.5,0.5,
1,5,20.149,0,0,-0.13125,0.5,-0.5,0.5,0.5,
1,5,20.151,0,0,-0.13125,0.5,-0.5,0.5,0.5,
1,5,20.153,0,0,-0.13125,0.5,-0.5,0.5,0.5,
1,5,20.155,0,0,-0.13125,0.5,-0.5,0.5,0.5,
1,5,20.157,0,0,-0.13125,0.5,-0.5,0.5,0.5,
1,5,20.159,0,0,-0.13125,0.5,-0.5,0.5,0.5,
1,5,20.161,0,0,-0.13125,0.5,-0.5,0.5,0.5,
1,5,20.163,0,0,-0.13125,0.5,-0.5,0.5,0.5,
1,5,20.165,0,0,-0.13125,0.5,-0.5,0.5,0.5,
1,5,20.167,0,0,-0.13125,0.5,-0.5,0.5,0.5,
1,5,20.169,0,0,-0.13125,0.5,-0.5,0.5,0.5,
1,5,20.171,0,0,-0.13125,0.5,-0.5,0.5,0.5,
1,5,20.173,0,0,-0.13125,0.5,-0.5,0.5,0.5,
1,5,20.175,0,0,-0.13125,0.5,-0.5,0.5,0.5,
1,5,20.177,0,0,-0.13125,0.5,-0.5,0.5,0.5,
1,5,20.179,0,0,-0.13125,0.5,-0.5,0.5,0.5,
1,5,20.181,0,0,-0.13125,0.5,-0.5,0.5,0.5,
1,5,20.183,0,0,-0.13125,0.5,-0.5,0.5,0.5,
1,5,20.185,0,0,-0.13125,0.5,-0.5,0.5,0.5,
1,5,20.187,0,0,-0.13125,0.5,-0.5,0.5,0.5,
1,5,20.189,0,0,-0.13125,0.5,-0.5,0.5,0.5,
1,5,20.191,0,0,-0.13125,0.5,-0.5,0.5,0.5,
1,5,20.193,0,0,-0.13125,0.5,-0.5,0.5,0.5,
1,5,20.195,0,0,-0.13125,0.5,-0.5,0.5,0.5,
1,5,20.197,0,0,-0.13125,0.5,-0.5,0.5,0.5,
1,5,20.199,0,0,-0.13125,0.5,-0.5,0.5,0.5,
1,5,20.201,0,0,-0.13125,0.5,-0.5,0.5,0.5,
1,5,20.203,0,0,-0.13125,0.5,-0.5,0.5,0.5,
1,5,20.205,0,0,-0.13125,0.5,-0.5,0.5,0.5,
1,5,20.207,0,0,-0.13125,0.5,-0.5,0.5,0.5,
1,5,20.209,0,0,-0.13125,0.5,-0.5,0.5,0.5,
1,5,20.211,0,0,-0.13125,0.5,-0.5,0.5,0.5,
1,5,20.213,0,0,-0.13125,0.5,-0.5,0.5,0.5,
1,5,20.215,0,0,-0.13125,0.5,-0.5,0.5,0.5,
1,5,20.217,0,0,-0.13125,0.5,-0.5,0.5,0.5,
1,5,20.219,0,0,-0.13125,0.5,-0.5,0.5,0.5,
1,5,20.221,0,0,-0.13125,0.5,-0.5,0.5,0.5,
1,5,20.223,0,0,-0.13125,0.5,-0.5,0.5,0.5,
1,5,20.225,0,0,-0.13125,0.5,-0.5,0.5,0.5,
1,5,20.227,0,0,-0.13125,0.5,-0.5,0.5,0.5,
1,5,20.229,0,0,-0.13125,0.5,-0.5,0.5,0.5,
1,5,20.231,0,0,-0.13125,0.5,-0.5,0.5,0.5,
1,5,20.233,0,0,-0.13125,0.5,-0.5,0.5,0.5,
1,5,20.235,0,0,-0.13125,0.5,-0.5,0.5,0.5,
1,5,20.237,0,0,-0.13125,0.5,-0.5,0.5,0.5,
1,5,20.239,0,0,-0.13125,0.5,-0.5,0.5,0.5,
1,5,20.241,0,0,-0.13125,0.5,-0.5,0.5,0.5,
1,5,20.243,0,0,-0.13125,0.5,-0.5,0.5,0.5,
1,5,20.245,0,0,-0.13125,0.5,-0.5,0.5,0.5,
1,5,20.247,0,0,-0.13125,0.5,-0.5,0.5,0.5,
1,5,20.249,0,0,-0.13125,0.5,-0.5,0.5,0.5,
1,5,20.251,0,0,-0.13125,0.5,-0.5,0.5,0.5,
1,5,20.253,0,0,-0.13125,0.5,-0.5,0.5,0.5,
1,5,20.255,0,0,-0.13125,0.5,-0.5,0.5,0.5,
1,5,20.257,0,0,-0.13125,0.5,-0.5,0.5,0.5,
1,5,20.259,0,0,-0.13125,0.5,-0.5,0.5,0.5,
1,5,20.261,0,0,-0.13125,0.5,-0.5,0.5,0.5,
1,5,20.263,0,0,-0.13125,0.5,-0.5,0.5,0.5,
1,5,20.265,0,0,-0.13125,0.5,-0.5,0.5,0.5,
1,5,20.267,0,0,-0.13125,0.5,-0.5,0.5,0.5,
1,5,20.269,0,0,-0.13125,0.5,-0.5,0.5,0.5,
1,5,20.271,0,0,-0.13125,0.5,-0.5,0.5,0.5,
1,5,20.273,0,0,-0.13125,0.5,-0.5,0.5,0.5,
1,5,20.275,0,0,-0.13125,0.5,-0.5,0.5,0.5,
1,5,20.277,0,0,-0.13125,0.5,-0.5,0.5,0.5,
1,5,20.279,0,0,-0.13125,0.5,-0.5,0.5,0.5,
1,5,20.281,0,0,-0.13125,0.5,-0.5,0.5,0.5,
1,5,20.283,0,0,-0.13125,0.5,-0.5,0.5,0.5,
1,5,20.285,0,0,-0.13125,0.5,-0.5,0.5,0.5,
1,5,20.287,0,0,-0.13125,0.5,-0.5,0.5,0.5,
1,5,20.289,0,0,-0.13125,0.5,-0.5,0.5,0.5,
1,5,20.291,0,0,-0.13125,0.5,-0.5,0.5,0.5,
1,5,20.293,0,0,-0.13125,0.5,-0.5,0.5,0.5,
1,5,20.295,0,0,-0.13125,0.5,-0.5,0.5,0.5,
1,5,20.297,0,0,-0.13125,0.5,-0.5,0.5,0.5,
1,5,20.299,0,0,-0.13125,0.5,-0.5,0.5,0.5,
1,5,20.301,0,0,-0.13125,0.5,-0.5,0.5,0.5,
1,5,20.303,0,0,-0.13125,0.5,-0.5,0.5,0.5,
1,5,20.305,0,0,-0.13125,0.5,-0.5,0.5,0.5,
1,5,20.307,0,0,-0.13125,0.5,-0.5,0.5,0.5,
1,5,20.309,0,0,-0.13125,0.5,-0.5,0.5,0.5,
1,5,20.311,0,0,-0.13125,0.5,-0.5,0.5,0.5,
1,5,20.313,0,0,-0.13125,0.5,-0.5,0.5,0.5,
1,5,20.315,0,0,-0.13125,0.5,-0.5,0.5,0.5,
1,5,20.317,0,0,-0.13125,0.5,-0.5,0.5,0.5,
1,5,20.319,0,0,-0.13125,0.5,-0.5,0.5,0.5,
1,5,20.321,0,0,-0.13125,0.5,-0.5,0.5,0.5,
1,5,20.323,0,0,-0.13125,0.5,-0.5,0.5,0.5,
1,5,20.325,0,0,-0.13125,0.5,-0.5,0.5,0.5,
1,5,20.327,0,0,-0.13125,0.5,-0.5,0.5,0.5,
1,5,20.329,0,0,-0.13125,0.5,-0.5,0.5,0.5,
1,5,20.331,0,0,-0.13125,0.5,-0.5,0.5,0.5,
1,5,20.333,0,0,-0.13125,0.5,-0.5,0.5,0.5,
1,5,20.335,0,0,-0.13125,0.5,-0.5,0.5,0.5,
1,5,20.337,0,0,-0.13125,0.5,-0.5,0.5,0.5,
1,5,20.339,0,0,-0.13125,0.5,-0.5,0.5,0.5,
1,5,20.341,0,0,-0.13125,0.5,-0.5,0.5,0.5,
1,5,20.343,0,0,-0.13125,0.5,-0.5,0.5,0.5,
1,5,20.345,0,0,-0.13125,0.5,-0.5,0.5,0.5,
1,5,20.347,0,0,-0.13125,0.5,-0.5,0.5,0.5,
1,5,20.349,0,0,-0.13125,0.5,-0.5,0.5,0.5,
1,5,20.351,0,0,-0.13125,0.5,-0.5,0.5,0.5,
1,5,20.353,0,0,-0.13125,0.5,-0.5,0.5,0.5,
1,5,20.355,0,0,-0.13125,0.5,-0.5,0.5,0.5,
1,5,20.357,0,0,-0.13125,0.5,-0.5,0.5,0.5,
1,5,20.359,0,0,-0.13125,0.5,-0.5,0.5,0.5,
1,5,20.361,0,0,-0.13125,0.5,-0.5,0.5,0.5,
1,5,20.363,0,0,-0.13125,0.5,-0.5,0.5,0.5,
1,5,20.365,0,0,-0.13125,0.5,-0.5,0.5,0.5,
1,5,20.367,0,0,-0.13125,0.5,-0.5,0.5,0.5,
1,5,20.369,0,0,-0.13125,0.5,-0.5,0.5,0.5,
1,5,20.371,0,0,-0.13125,0.5,-0.5,0.5,0.5,
1,5,20.373,0,0,-0.13125,0.5,-0.5,0.5,0.5,
1,5,20.375,0,0,-0.13125,0.5,-0.5,0.5,0.5,
1,5,20.377,0,0,-0.13125,0.5,-0.5,0.5,0.5,
1,5,20.379,0,0,-0.13125,0.5,-0.5,0.5,0.5,
1,5,20.381,0,0,-0.13125,0.5,-0.5,0.5,0.5,
1,5,20.383,0,0,-0.13125,0.5,-0.5,0.5,0.5,
1,5,20.385,0,0,-0.13125,0.5,-0.5,0.5,0.5,
1,5,20.387,0,0,-0.13125,0.5,-0.5,0.5,0.5,
1,5,20.389,0,0,-0.13125,0.5,-0.5,0.5,0.5,
1,5,20.391,0,0,-0.13125,0.5,-0.5,0.5,0.5,
1,5,20.393,0,0,-0.13125,0.5,-0.5,0.5,0.5,
1,5,20.395,0,0,-0.13125,0.5,-0.5,0.5,0.5,
1,5,20.397,0,0,-0.13125,0.5,-0.5,0.5,0.5,
1,5,20.399,0,0,-0.13125,0.5,-0.5,0.5,0.5,
1,5,20.401,0,0,-0.13125,0.5,-0.5,0.5,0.5,
1,5,20.403,0,0,-0.13125,0.5,-0.5,0.5,0.5,
1,5,20.405,0,0,-0.13125,0.5,-0.5,0.5,0.5,
1,5,20.407,0,0,-0.13125,0.5,-0.5,0.5,0.5,
1,5,20.409,0,0,-0.13125,0.5,-0.5,0.5,0.5,
1,5,20.411,0,0,-0.13125,0.5,-0.5,0.5,0.5,
1,5,20.413,0,0,-0.13125,0.5,-0.5,0.5,0.5,
1,5,20.415,0,0,-0.13125,0.5,-0.5,0.5,0.5,
1,5,20.417,0,0,-0.13125,0.5,-0.5,0.5,0.5,
1,5,20.419,0,0,-0.13125,0.5,-0.5,0.5,0.5,
1,5,20.421,0,0,-0.13125,0.5,-0.5,0.5,0.5,
1,5,20.423,0,0,-0.13125,0.5,-0.5,0.5,0.5,
1,5,20.425,0,0,-0.13125,0.5,-0.5,0.5,0.5,
1,5,20.427,0,0,-0.13125,0.5,-0.5,0.5,0.5,
1,5,20.429,0,0,-0.13125,0.5,-0.5,0.5,0.5,
1,5,20.431,0,0,-0.13125,0.5,-0.5,0.5,0.5,
1,5,20.433,0,0,-0.13125,0.5,-0.5,0.5,0.5,
1,5,20.435,0,0,-0.13125,0.5,-0.5,0.5,0.5,
1,5,20.437,0,0,-0.13125,0.5,-0.5,0.5,0.5,
1,5,20.439,0,0,-0.13125,0.5,-0.5,0.5,0.5,
1,5,20.441,0,0,-0.13125,0.5,-0.5,0.5,0.5,
1,5,20.443,0,0,-0.13125,0.5,-0.5,0.5,0.5,
1,5,20.445,0,0,-0.13125,0.5,-0.5,0.5,0.5,
1,5,20.447,0,0,-0.13125,0.5,-0.5,0.5,0.5,
1,5,20.449,0,0,-0.13125,0.5,-0.5,0.5,0.5,
1,5,20.451,0,0,-0.13125,0.5,-0.5,0.5,0.5,
1,5,20.453,0,0,-0.13125,0.5,-0.5,0.5,0.5,
1,5,20.455,0,0,-0.13125,0.5,-0.5,0.5,0.5,
1,5,20.457,0,0,-0.13125,0.5,-0.5,0.5,0.5,
1,5,20.459,0,0,-0.13125,0.5,-0.5,0.5,0.5,
1,5,20.461,0,0,-0.13125,0.5,-0.5,0.5,0.5,
1,5,20.463,0,0,-0.13125,0.5,-0.5,0.5,0.5,
1,5,20.465,0,0,-0.13125,0.5,-0.5,0.5,0.5,
1,5,20.467,0,0,-0.13125,0.5,-0.5,0.5,0.5,
1,5,20.469,0,0,-0.13125,0.5,-0.5,0.5,0.5,
1,5,20.471,0,0,-0.13125,0.5,-0.5,0.5,0.5,
1,5,20.473,0,0,-0.13125,0.5,-0.5,0.5,0.5,
1,5,20.475,0,0,-0.13125,0.5,-0.5,0.5,0.5,
1,5,20.477,0,0,-0.13125,0.5,-0.5,0.5,0.5,
1,5,20.479,0,0,-0.13125,0.5,-0.5,0.5,0.5,
1,5,20.481,0,0,-0.13125,0.5,-0.5,0.5,0.5,
1,5,20.483,0,0,-0.13125,0.5,-0.5,0.5,0.5,
1,5,20.485,0,0,-0.13125,0.5,-0.5,0.5,0.5,
1,5,20.487,0,0,-0.13125,0.5,-0.5,0.5,0.5,
1,5,20.489,0,0,-0.13125,0.5,-0.5,0.5,0.5,
1,5,20.491,0,0,-0.13125,0.5,-0.5,0.5,0.5,
1,5,20.493,0,0,-0.13125,0.5,-0.5,0.5,0.5,
1,5,20.495,0,0,-0.13125,0.5,-0.5,0.5,0.5,
1,5,20.497,0,0,-0.13125,0.5,-0.5,0.5,0.5,
1,5,20.499,0,0,-0.13125,0.5,-0.5,0.5,0.5,
1,5,20.501,0,0,-0.13125,0.5,-0.5,0.5,0.5,
1,5,20.503,0,0,-0.13125,0.5,-0.5,0.5,0.5,
1,5,20.505,0,0,-0.13125,0.5,-0.5,0.5,0.5,
1,5,20.507,0,0,-0.13125,0.5,-0.5,0.5,0.5,
1,5,20.509,0,0,-0.13125,0.5,-0.5,0.5,0.5,
1,5,20.511,0,0,-0.13125,0.5,-0.5,0.5,0.5,
1,5,20.513,0,0,-0.13125,0.5,-0.5,0.5,0.5,
1,5,20.515,0,0,-0.13125,0.5,-0.5,0.5,0.5,
1,5,20.517,0,0,-0.13125,0.5,-0.5,0.5,0.5,
1,5,20.519,0,0,-0.13125,0.5,-0.5,0.5,0.5,
1,5,20.521,0,0,-0.13125,0.5,-0.5,0.5,0.5,
1,5,20.523,0,0,-0.13125,0.5,-0.5,0.5,0.5,
1,5,20.525,0,0,-0.13125,0.5,-0.5,0.5,0.5,
1,5,20.527,0,0,-0.13125,0.5,-0.5,0.5,0.5,
1,5,20.529,0,0,-0.13125,0.5,-0.5,0.5,0.5,
1,5,20.531,0,0,-0.13125,0.5,-0.5,0.5,0.5,
1,5,20.533,0,0,-0.13125,0.5,-0.5,0.5,0.5,
1,5,20.535,0,0,-0.13125,0.5,-0.5,0.5,0.5,
1,5,20.537,0,0,-0.13125,0.5,-0.5,0.5,0.5,
1,5,20.539,0,0,-0.13125,0.5,-0.5,0.5,0.5,
1,5,20.541,0,0,-0.13125,0.5,-0.5,0.5,0.5,
1,5,20.543,0,0,-0.13125,0.5,-0.5,0.5,0.5,
1,5,20.545,0,0,-0.13125,0.5,-0.5,0.5,0.5,
1,5,20.547,0,0,-0.13125,0.5,-0.5,0.5,0.5,
1,5,20.549,0,0,-0.13125,0.5,-0.5,0.5,0.5,
1,5,20.551,0,0,-0.13125,0.5,-0.5,0.5,0.5,
1,5,20.553,0,0,-0.13125,0.5,-0.5,0.5,0.5,
1,5,20.555,0,0,-0.13125,0.5,-0.5,0.5,0.5,
1,5,20.557,0,0,-0.13125,0.5,-0.5,0.5,0.5,
1,5,20.559,0,0,-0.13125,0.5,-0.5,0.5,0.5,
1,5,20.561,0,0,-0.13125,0.5,-0.5,0.5,0.5,
1,5,20.563,0,0,-0.13125,0.5,-0.5,0.5,0.5,
1,5,20.565,0,0,-0.13125,0.5,-0.5,0.5,0.5,CourtEnter
1,5,20.567,0,0,-0.13125,0.5,-0.5,0.5,0.5,
1,5,20.569,0,0,-0.13125,0.5,-0.5,0.5,0.5,
1,5,20.571,0,0,-0.13125,0.5,-0.5,0.5,0.5,
1,5,20.573,0,0,-0.13125,0.5,-0.5,0.5,0.5,
1,5,20.575,0,0,-0.13125,0.5,-0.5,0.5,0.5,
1,5,20.577,0,0,-0.13125,0.5,-0.5,0.5,0.5,CourtExit
1,5,20.579,0,0,-0.13125,0.5,-0.5,0.5,0.5,
1,5,20.581,0,0,-0.13125,0.5,-0.5,0.5,0.5,
1,5,20.583,0,0,-0.13125,0.5,-0.5,0.5,0.5,
1,5,20.585,0,0,-0.13125,0.5,-0.5,0.5,0.5,
1,5,20.587,0,0,-0.13125,0.5,-0.5,0.5,0.5,
1,5,20.589,0,0,-0.13125,0.5,-0.5,0.5,0.5,
1,5,20.591,0,0,-0.13125,0.5,-0.5,0.5,0.5,
1,5,20.593,0,0,-0.13125,0.5,-0.5,0.5,0.5,
1,5,20.595,0,0,-0.13125,0.5,-0.5,0.5,0.5,
1,5,20.597,0,0,-0.13125,0.5,-0.5,0.5,0.5,
1,5,20.599,0,0,-0.13125,0.5,-0.5,0.5,0.5,
1,5,20.601,0,0,-0.13125,0.5,-0.5,0.5,0.5,
1,5,20.603,0,0,-0.13125,0.5,-0.5,0.5,0.5,
1,5,20.605,0,0,-0.13125,0.5,-0.5,0.5,0.5,
1,5,20.607,0,0,-0.13125,0.5,-0.5,0.5,0.5,
1,5,20.609,0,0,-0.13125,0.5,-0.5,0.5,0.5,
1,5,20.611,0,0,-0.13125,0.5,-0.5,0.5,0.5,
1,5,20.613,0,0,-0.13125,0.5,-0.5,0.5,0.5,
1,5,20.615,0,0,-0.13125,0.5,-0.5,0.5,0.5,
1,5,20.617,0,0,-0.13125,0.5,-0.5,0.5,0.5,
1,5,20.619,0,0,-0.13125,0.5,-0.5,0.5,0.5,
1,5,20.621,0,0,-0.13125,0.5,-0.5,0.5,0.5,
1,5,20.623,0,0,-0.13125,0.5,-0.5,0.5,0.5,
1,5,20.625,0,0,-0.13125,0.5,-0.5,0.5,0.5,
1,5,20.627,0,0,-0.13125,0.5,-0.5,0.5,0.5,
1,5,20.629,0,0,-0.13125,0.5,-0.5,0.5,0.5,
1,5,20.631,0,0,-0.13125,0.5,-0.5,0.5,0.5,
1,5,20.633,0,0,-0.13125,0.5,-0.5,0.5,0.5,
1,5,20.635,0,0,-0.13125,0.5,-0.5,0.5,0.5,
1,5,20.637,0,0,-0.13125,0.5,-0.5,0.5,0.5,
1,5,20.639,0,0,-0.13125,0.5,-0.5,0.5,0.5,
1,5,20.641,0,0,-0.13125,0.5,-0.5,0.5,0.5,
1,5,20.643,0,0,-0.13125,0.5,-0.5,0.5,0.5,
1,5,20.645,0,0,-0.13125,0.5,-0.5,0.5,0.5,
1,5,20.647,0,0,-0.13125,0.5,-0.5,0.5,0.5,
1,5,20.649,0,0,-0.13125,0.5,-0.5,0.5,0.5,
1,5,20.651,0,0,-0.13125,0.5,-0.5,0.5,0.5,
1,5,20.653,0,0,-0.13125,0.5,-0.5,0.5,0.5,
1,5,20.655,0,0,-0.13125,0.5,-0.5,0.5,0.5,
1,5,20.657,0,0,-0.13125,0.5,-0.5,0.5,0.5,
1,5,20.659,0,0,-0.13125,0.5,-0.5,0.5,0.5,
1,5,20.661,0,0,-0.13125,0.5,-0.5,0.5,0.5,
1,5,20.663,0,0,-0.13125,0.5,-0.5,0.5,0.5,
1,5,20.665,0,0,-0.13125,0.5,-0.5,0.5,0.5,
1,5,20.667,0,0,-0.13125,0.5,-0.5,0.5,0.5,
1,5,20.669,0,0,-0.13125,0.5,-0.5,0.5,0.5,
1,5,20.671,0,0,-0.13125,0.5,-0.5,0.5,0.5,
1,5,20.673,0,0,-0.13125,0.5,-0.5,0.5,0.5,
1,5,20.675,0,0,-0.13125,0.5,-0.5,0.5,0.5,
1,5,20.677,0,0,-0.13125,0.5,-0.5,0.5,0.5,
1,5,20.679,0,0,-0.13125,0.5,-0.5,0.5,0.5,
1,5,20.681,0,0,-0.13125,0.5,-0.5,0.5,0.5,
1,5,20.683,0,0,-0.13125,0.5,-0.5,0.5,0.5,
1,5,20.685,0,0,-0.13125,0.5,-0.5,0.5,0.5,
1,5,20.687,0,0,-0.13125,0.5,-0.5,0.5,0.5,
1,5,20.689,0,0,-0.13125,0.5,-0.5,0.5,0.5,
1,5,20.691,0,0,-0.13125,0.5,-0.5,0.5,0.5,
1,5,20.693,0,0,-0.13125,0.5,-0.5,0.5,0.5,
1,5,20.695,0,0,-0.13125,0.5,-0.5,0.5,0.5,
1,5,20.697,0,0,-0.13125,0.5,-0.5,0.5,0.5,
1,5,20.699,0,0,-0.13125,0.5,-0.5,0.5,0.5,
1,5,20.701,0,0,-0.13125,0.5,-0.5,0.5,0.5,
1,5,20.703,0,0,-0.13125,0.5,-0.5,0.5,0.5,
1,5,20.705,0,0,-0.13125,0.5,-0.5,0.5,0.5,
1,5,20.707,0,0,-0.13125,0.5,-0.5,0.5,0.5,
1,5,20.709,0,0,-0.13125,0.5,-0.5,0.5,0.5,
1,5,20.711,0,0,-0.13125,0.5,-0.5,0.5,0.5,
1,5,20.713,0,0,-0.13125,0.5,-0.5,0.5,0.5,
1,5,20.715,0,0,-0.13125,0.5,-0.5,0.5,0.5,
1,5,20.717,0,0,-0.13125,0.5,-0.5,0.5,0.5,
1,5,20.719,0,0,-0.13125,0.5,-0.5,0.5,0.5,
1,5,20.721,0,0,-0.13125,0.5,-0.5,0.5,0.5,
1,5,20.723,0,0,-0.13125,0.5,-0.5,0.5,0.5,
1,5,20.725,0,0,-0.13125,0.5,-0.5,0.5,0.5,
1,5,20.727,0,0,-0.13125,0.5,-0.5,0.5,0.5,
1,5,20.729,0,0,-0.13125,0.5,-0.5,0.5,0.5,
1,5,20.731,0,0,-0.13125,0.5,-0.5,0.5,0.5,
1,5,20.733,0,0,-0.13125,0.5,-0.5,0.5,0.5,
1,5,20.735,0,0,-0.13125,0.5,-0.5,0.5,0.5,
1,5,20.737,0,0,-0.13125,0.5,-0.5,0.5,0.5,
1,5,20.739,0,0,-0.13125,0.5,-0.5,0.5,0.5,
1,5,20.741,0,0,-0.13125,0.5,-0.5,0.5,0.5,
1,5,20.743,0,0,-0.13125,0.5,-0.5,0.5,0.5,
1,5,20.745,0,0,-0.13125,0.5,-0.5,0.5,0.5,
1,5,20.747,0,0,-0.13125,0.5,-0.5,0.5,0.5,
1,5,20.749,0,0,-0.13125,0.5,-0.5,0.5,0.5,
1,5,20.751,0,0,-0.13125,0.5,-0.5,0.5,0.5,
1,5,20.753,0,0,-0.13125,0.5,-0.5,0.5,0.5,
1,5,20.755,0,0,-0.13125,0.5,-0.5,0.5,0.5,
1,5,20.757,0,0,-0.13125,0.5,-0.5,0.5,0.5,
1,5,20.759,0,0,-0.13125,0.5,-0.5,0.5,0.5,
1,5,20.761,0,0,-0.13125,0.5,-0.5,0.5,0.5,
1,5,20.763,0,0,-0.13125,0.5,-0.5,0.5,0.5,
1,5,20.765,0,0,-0.13125,0.5,-0.5,0.5,0.5,
1,5,20.767,0,0,-0.13125,0.5,-0.5,0.5,0.5,
1,5,20.769,0,0,-0.13125,0.5,-0.5,0.5,0.5,
1,5,20.771,0,0,-0.13125,0.5,-0.5,0.5,0.5,
1,5,20.773,0,0,-0.13125,0.5,-0.5,0.5,0.5,
1,5,20.775,0,0,-0.13125,0.5,-0.5,0.5,0.5,
1,5,20.777,0,0,-0.13125,0.5,-0.5,0.5,0.5,
1,5,20.779,0,0,-0.13125,0.5,-0.5,0.5,0.5,
1,5,20.781,0,0,-0.13125,0.5,-0.5,0.5,0.5,
1,5,20.783,0,0,-0.13125,0.5,-0.5,0.5,0.5,
1,5,20.785,0,0,-0.13125,0.5,-0.5,0.5,0.5,
1,5,20.787,0,0,-0.13125,0.5,-0.5,0.5,0.5,
1,5,20.789,0,0,-0.13125,0.5,-0.5,0.5,0.5,
1,5,20.791,0,0,-0.13125,0.5,-0.5,0.5,0.5,
1,5,20.793,0,0,-0.13125,0.5,-0.5,0.5,0.5,
1,5,20.795,0,0,-0.13125,0.5,-0.5,0.5,0.5,
1,5,20.797,0,0,-0.13125,0.5,-0.5,0.5,0.5,
1,5,20.799,0,0,-0.13125,0.5,-0.5,0.5,0.5,
1,5,20.801,0,0,-0.13125,0.5,-0.5,0.5,0.5,
1,5,20.803,0,0,-0.13125,0.5,-0.5,0.5,0.5,
1,5,20.805,0,0,-0.13125,0.5,-0.5,0.5,0.5,
1,5,20.807,0,0,-0.13125,0.5,-0.5,0.5,0.5,
1,5,20.809,0,0,-0.13125,0.5,-0.5,0.5,0.5,
1,5,20.811,0,0,-0.13125,0.5,-0.5,0.5,0.5,
1,5,20.813,0,0,-0.13125,0.5,-0.5,0.5,0.5,
1,5,20.815,0,0,-0.13125,0.5,-0.5,0.5,0.5,
1,5,20.817,0,0,-0.13125,0.5,-0.5,0.5,0.5,
1,5,20.819,0,0,-0.13125,0.5,-0.5,0.5,0.5,
1,5,20.821,0,0,-0.13125,0.5,-0.5,0.5,0.5,
1,5,20.823,0,0,-0.13125,0.5,-0.5,0.5,0.5,
1,5,20.825,0,0,-0.13125,0.5,-0.5,0.5,0.5,
1,5,20.827,0,0,-0.13125,0.5,-0.5,0.5,0.5,
1,5,20.829,0,0,-0.13125,0.5,-0.5,0.5,0.5,
1,5,20.831,0,0,-0.13125,0.5,-0.5,0.5,0.5,
1,5,20.833,0,0,-0.13125,0.5,-0.5,0.5,0.5,
1,5,20.835,0,0,-0.13125,0.5,-0.5,0.5,0.5,
1,5,20.837,0,0,-0.13125,0.5,-0.5,0.5,0.5,
1,5,20.839,0,0,-0.13125,0.5,-0.5,0.5,0.5,
1,5,20.841,0,0,-0.13125,0.5,-0.5,0.5,0.5,
1,5,20.843,0,0,-0.13125,0.5,-0.5,0.5,0.5,
1,5,20.845,0,0,-0.13125,0.5,-0.5,0.5,0.5,
1,5,20.847,0,0,-0.13125,0.5,-0.5,0.5,0.5,
1,5,20.849,0,0,-0.13125,0.5,-0.5,0.5,0.5,
1,5,20.851,0,0,-0.13125,0.5,-0.5,0.5,0.5,
1,5,20.853,0,0,-0.13125,0.5,-0.5,0.5,0.5,
1,5,20.855,0,0,-0.13125,0.5,-0.5,0.5,0.5,
1,5,20.857,0,0,-0.13125,0.5,-0.5,0.5,0.5,
1,5,20.859,0,0,-0.13125,0.5,-0.5,0.5,0.5,
1,5,20.861,0,0,-0.13125,0.5,-0.5,0.5,0.5,
1,5,20.863,0,0,-0.13125,0.5,-0.5,0.5,0.5,
1,5,20.865,0,0,-0.13125,0.5,-0.5,0.5,0.5,
1,5,20.867,0,0,-0.13125,0.5,-0.5,0.5,0.5,
1,5,20.869,0,0,-0.13125,0.5,-0.5,0.5,0.5,
1,5,20.871,0,0,-0.13125,0.5,-0.5,0.5,0.5,
1,5,20.873,0,0,-0.13125,0.5,-0.5,0.5,0.5,
1,5,20.875,0,0,-0.13125,0.5,-0.5,0.5,0.5,
1,5,20.877,0,0,-0.13125,0.5,-0.5,0.5,0.5,
1,5,20.879,0,0,-0.13125,0.5,-0.5,0.5,0.5,
1,5,20.881,0,0,-0.13125,0.5,-0.5,0.5,0.5,
1,5,20.883,0,0,-0.13125,0.5,-0.5,0.5,0.5,
1,5,20.885,0,0,-0.13125,0.5,-0.5,0.5,0.5,
1,5,20.887,0,0,-0.13125,0.5,-0.5,0.5,0.5,
1,5,20.889,0,0,-0.13125,0.5,-0.5,0.5,0.5,
1,5,20.891,0,0,-0.13125,0.5,-0.5,0.5,0.5,
1,5,20.893,0,0,-0.13125,0.5,-0.5,0.5,0.5,
1,5,20.895,0,0,-0.13125,0.5,-0.5,0.5,0.5,
1,5,20.897,0,0,-0.13125,0.5,-0.5,0.5,0.5,
1,5,20.899,0,0,-0.13125,0.5,-0.5,0.5,0.5,
1,5,20.901,0,0,-0.13125,0.5,-0.5,0.5,0.5,
1,5,20.903,0,0,-0.13125,0.5,-0.5,0.5,0.5,
1,5,20.905,0,0,-0.13125,0.5,-0.5,0.5,0.5,
1,5,20.907,0,0,-0.13125,0.5,-0.5,0.5,0.5,
1,5,20.909,0,0,-0.13125,0.5,-0.5,0.5,0.5,
1,5,20.911,0,0,-0.13125,0.5,-0.5,0.5,0.5,
1,5,20.913,0,0,-0.13125,0.5,-0.5,0.5,0.5,
1,5,20.915,0,0,-0.13125,0.5,-0.5,0.5,0.5,
1,5,20.917,0,0,-0.13125,0.5,-0.5,0.5,0.5,
1,5,20.919,0,0,-0.13125,0.5,-0.5,0.5,0.5,
1,5,20.921,0,0,-0.13125,0.5,-0.5,0.5,0.5,
1,5,20.923,0,0,-0.13125,0.5,-0.5,0.5,0.5,
1,5,20.925,0,0,-0.13125,0.5,-0.5,0.5,0.5,
1,5,20.927,0,0,-0.13125,0.5,-0.5,0.5,0.5,
1,5,20.929,0,0,-0.13125,0.5,-0.5,0.5,0.5,
1,5,20.931,0,0,-0.13125,0.5,-0.5,0.5,0.5,
1,5,20.933,0,0,-0.13125,0.5,-0.5,0.5,0.5,
1,5,20.935,0,0,-0.13125,0.5,-0.5,0.5,0.5,
1,5,20.937,0,0,-0.13125,0.5,-0.5,0.5,0.5,
1,5,20.939,0,0,-0.13125,0.5,-0.5,0.5,0.5,
1,5,20.941,0,0,-0.13125,0.5,-0.5,0.5,0.5,
1,5,20.943,0,0,-0.13125,0.5,-0.5,0.5,0.5,
1,5,20.945,0,0,-0.13125,0.5,-0.5,0.5,0.5,
1,5,20.947,0,0,-0.13125,0.5,-0.5,0.5,0.5,
1,5,20.949,0,0,-0.13125,0.5,-0.5,0.5,0.5,
1,5,20.951,0,0,-0.13125,0.5,-0.5,0.5,0.5,
1,5,20.953,0,0,-0.13125,0.5,-0.5,0.5,0.5,
1,5,20.955,0,0,-0.13125,0.5,-0.5,0.5,0.5,
1,5,20.957,0,0,-0.13125,0.5,-0.5,0.5,0.5,
1,5,20.959,0,0,-0.13125,0.5,-0.5,0.5,0.5,
1,5,20.961,0,0,-0.13125,0.5,-0.5,0.5,0.5,
1,5,20.963,0,0,-0.13125,0.5,-0.5,0.5,0.5,
1,5,20.965,0,0,-0.13125,0.5,-0.5,0.5,0.5,
1,5,20.967,0,0,-0.13125,0.5,-0.5,0.5,0.5,
1,5,20.969,0,0,-0.13125,0.5,-0.5,0.5,0.5,
1,5,20.971,0,0,-0.13125,0.5,-0.5,0.5,0.5,
1,5,20.973,0,0,-0.13125,0.5,-0.5,0.5,0.5,
1,5,20.975,0,0,-0.13125,0.5,-0.5,0.5,0.5,
1,5,20.977,0,0,-0.13125,0.5,-0.5,0.5,0.5,
1,5,20.979,0,0,-0.13125,0.5,-0.5,0.5,0.5,
1,5,20.981,0,0,-0.13125,0.5,-0.5,0.5,0.5,
1,5,20.983,0,0,-0.13125,0.5,-0.5,0.5,0.5,
1,5,20.985,0,0,-0.13125,0.5,-0.5,0.5,0.5,
1,5,20.987,0,0,-0.13125,0.5,-0.5,0.5,0.5,
1,5,20.989,0,0,-0.13125,0.5,-0.5,0.5,0.5,
1,5,20.991,0,0,-0.13125,0.5,-0.5,0.5,0.5,
1,5,20.993,0,0,-0.13125,0.5,-0.5,0.5,0.5,
1,5,20.995,0,0,-0.13125,0.5,-0.5,0.5,0.5,
1,5,20.997,0,0,-0.13125,0.5,-0.5,0.5,0.5,
1,5,20.999,0,0,-0.13125,0.5,-0.5,0.5,0.5,
1,5,21.001,0,0,-0.13125,0.5,-0.5,0.5,0.5,
1,5,21.003,0,0,-0.13125,0.5,-0.5,0.5,0.5,
1,5,21.005,0,0,-0.13125,0.5,-0.5,0.5,0.5,
1,5,21.007,0,0,-0.13125,0.5,-0.5,0.5,0.5,
1,5,21.009,0,0,-0.13125,0.5,-0.5,0.5,0.5,
1,5,21.011,0,0,-0.13125,0.5,-0.5,0.5,0.5,
1,5,21.013,0,0,-0.13125,0.5,-0.5,0.5,0.5,
1,5,21.015,0,0,-0.13125,0.5,-0.5,0.5,0.5,
1,5,21.017,0,0,-0.13125,0.5,-0.5,0.5,0.5,
1,5,21.019,0,0,-0.13125,0.5,-0.5,0.5,0.5,
1,5,21.021,0,0,-0.13125,0.5,-0.5,0.5,0.5,
1,5,21.023,0,0,-0.13125,0.5,-0.5,0.5,0.5,
1,5,21.025,0,0,-0.13125,0.5,-0.5,0.5,0.5,
1,5,21.027,0,0,-0.13125,0.5,-0.5,0.5,0.5,
1,5,21.029,0,0,-0.13125,0.5,-0.5,0.5,0.5,
1,5,21.031,0,0,-0.13125,0.5,-0.5,0.5,0.5,
1,5,21.033,0,0,-0.13125,0.5,-0.5,0.5,0.5,
1,5,21.035,0,0,-0.13125,0.5,-0.5,0.5,0.5,
1,5,21.037,0,0,-0.13125,0.5,-0.5,0.5,0.5,
1,5,21.039,0,0,-0.13125,0.5,-0.5,0.5,0.5,
1,5,21.041,0,0,-0.13125,0.5,-0.5,0.5,0.5,
1,5,21.043,0,0,-0.13125,0.5,-0.5,0.5,0.5,
1,5,21.045,0,0,-0.13125,0.5,-0.5,0.5,0.5,
1,5,21.047,0,0,-0.13125,0.5,-0.5,0.5,0.5,
1,5,21.049,0,0,-0.13125,0.5,-0.5,0.5,0.5,
1,5,21.051,0,0,-0.13125,0.5,-0.5,0.5,0.5,
1,5,21.053,0,0,-0.13125,0.5,-0.5,0.5,0.5,
1,5,21.055,0,0,-0.13125,0.5,-0.5,0.5,0.5,
1,5,21.057,0,0,-0.13125,0.5,-0.5,0.5,0.5,
1,5,21.059,0,0,-0.13125,0.5,-0.5,0.5,0.5,
1,5,21.061,0,0,-0.13125,0.5,-0.5,0.5,0.5,
1,5,21.063,0,0,-0.13125,0.5,-0.5,0.5,0.5,
1,5,21.065,0,0,-0.13125,0.5,-0.5,0.5,0.5,
1,5,21.067,0,0,-0.13125,0.5,-0.5,0.5,0.5,
1,5,21.069,0,0,-0.13125,0.5,-0.5,0.5,0.5,
1,5,21.071,0,0,-0.13125,0.5,-0.5,0.5,0.5,CourtEnter
1,5,21.073,0,0,-0.13125,0.5,-0.5,0.5,0.5,
1,5,21.075,0,0,-0.13125,0.5,-0.5,0.5,0.5,
1,5,21.077,0,0,-0.13125,0.5,-0.5,0.5,0.5,
1,5,21.079,0,0,-0.13125,0.5,-0.5,0.5,0.5,
1,5,21.081,0,0,-0.13125,0.5,-0.5,0.5,0.5,
1,5,21.083,0,0,-0.13125,0.5,-0.5,0.5,0.5,
1,5,21.085,0,0,-0.13125,0.5,-0.5,0.5,0.5,
1,5,21.087,0,0,-0.13125,0.5,-0.5,0.5,0.5,
1,5,21.089,0,0,-0.13125,0.5,-0.5,0.5,0.5,CourtExit
1,5,21.091,0,0,-0.13125,0.5,-0.5,0.5,0.5,
1,5,21.093,0,0,-0.13125,0.5,-0.5,0.5,0.5,
1,5,21.095,0,0,-0.13125,0.5,-0.5,0.5,0.5,
1,5,21.097,0,0,-0.13125,0.5,-0.5,0.5,0.5,
1,5,21.099,0,0,-0.13125,0.5,-0.5,0.5,0.5,
1,5,21.101,0,0,-0.13125,0.5,-0.5,0.5,0.5,
1,5,21.103,0,0,-0.13125,0.5,-0.5,0.5,0.5,
1,5,21.105,0,0,-0.13125,0.5,-0.5,0.5,0.5,
1,5,21.107,0,0,-0.13125,0.5,-0.5,0.5,0.5,
1,5,21.109,0,0,-0.13125,0.5,-0.5,0.5,0.5,
1,5,21.111,0,0,-0.13125,0.5,-0.5,0.5,0.5,
1,5,21.113,0,0,-0.13125,0.5,-0.5,0.5,0.5,
1,5,21.115,0,0,-0.13125,0.5,-0.5,0.5,0.5,
1,5,21.117,0,0,-0.13125,0.5,-0.5,0.5,0.5,
1,5,21.119,0,0,-0.13125,0.5,-0.5,0.5,0.5,
1,5,21.121,0,0,-0.13125,0.5,-0.5,0.5,0.5,
1,5,21.123,0,0,-0.13125,0.5,-0.5,0.5,0.5,
1,5,21.125,0,0,-0.13125,0.5,-0.5,0.5,0.5,
1,5,21.127,0,0,-0.13125,0.5,-0.5,0.5,0.5,
1,5,21.129,0,0,-0.13125,0.5,-0.5,0.5,0.5,
1,5,21.131,0,0,-0.13125,0.5,-0.5,0.5,0.5,
1,5,21.133,0,0,-0.13125,0.5,-0.5,0.5,0.5,
1,5,21.135,0,0,-0.13125,0.5,-0.5,0.5,0.5,
1,5,21.137,0,0,-0.13125,0.5,-0.5,0.5,0.5,
1,5,21.139,0,0,-0.13125,0.5,-0.5,0.5,0.5,
1,5,21.141,0,0,-0.13125,0.5,-0.5,0.5,0.5,
1,5,21.143,0,0,-0.13125,0.5,-0.5,0.5,0.5,
1,5,21.145,0,0,-0.13125,0.5,-0.5,0.5,0.5,
1,5,21.147,0,0,-0.13125,0.5,-0.5,0.5,0.5,
1,5,21.149,0,0,-0.13125,0.5,-0.5,0.5,0.5,
1,5,21.151,0,0,-0.13125,0.5,-0.5,0.5,0.5,
1,5,21.153,0,0,-0.13125,0.5,-0.5,0.5,0.5,
1,5,21.155,0,0,-0.13125,0.5,-0.5,0.5,0.5,
1,5,21.157,0,0,-0.13125,0.5,-0.5,0.5,0.5,
1,5,21.159,0,0,-0.13125,0.5,-0.5,0.5,0.5,
1,5,21.161,0,0,-0.13125,0.5,-0.5,0.5,0.5,
1,5,21.163,0,0,-0.13125,0.5,-0.5,0.5,0.5,
1,5,21.165,0,0,-0.13125,0.5,-0.5,0.5,0.5,
1,5,21.167,0,0,-0.13125,0.5,-0.5,0.5,0.5,
1,5,21.169,0,0,-0.13125,0.5,-0.5,0.5,0.5,
1,5,21.171,0,0,-0.13125,0.5,-0.5,0.5,0.5,
1,5,21.173,0,0,-0.13125,0.5,-0.5,0.5,0.5,
1,5,21.175,0,0,-0.13125,0.5,-0.5,0.5,0.5,
1,5,21.177,0,0,-0.13125,0.5,-0.5,0.5,0.5,
1,5,21.179,0,0,-0.13125,0.5,-0.5,0.5,0.5,
1,6,21.181,0,0,-0.13125,0.5,-0.5,0.5,0.5,TrialStart
1,6,21.183,0,0,-0.13125,0.5,-0.5,0.5,0.5,
1,6,21.185,0,0,-0.13125,0.5,-0.5,0.5,0.5,
1,6,21.187,0,0,-0.13125,0.5,-0.5,0.5,0.5,
1,6,21.189,0,0,-0.13125,0.5,-0.5,0.5,0.5,
1,6,21.191,0,0,-0.13125,0.5,-0.5,0.5,0.5,
1,6,21.193,0,0,-0.13125,0.5,-0.5,0.5,0.5,
1,6,21.195,0,0,-0.13125,0.5,-0.5,0.5,0.5,
1,6,21.197,0,0,-0.13125,0.5,-0.5,0.5,0.5,
1,6,21.199,0,0,-0.13125,0.5,-0.5,0.5,0.5,
1,6,21.201,0,0,-0.13125,0.5,-0.5,0.5,0.5,
1,6,21.203,0,0,-0.13125,0.5,-0.5,0.5,0.5,
1,6,21.205,0,0,-0.13125,0.5,-0.5,0.5,0.5,
1,6,21.207,0,0,-0.13125,0.5,-0.5,0.5,0.5,
1,6,21.209,0,0,-0.13125,0.5,-0.5,0.5,0.5,
1,6,21.211,0,0,-0.13125,0.5,-0.5,0.5,0.5,
1,6,21.213,0,0,-0.13125,0.5,-0.5,0.5,0.5,
1,6,21.215,0,0,-0.13125,0.5,-0.5,0.5,0.5,
1,6,21.217,0,0,-0.13125,0.5,-0.5,0.5,0.5,
1,6,21.219,0,0,-0.13125,0.5,-0.5,0.5,0.5,
1,6,21.221,0,0,-0.13125,0.5,-0.5,0.5,0.5,
1,6,21.223,0,0,-0.13125,0.5,-0.5,0.5,0.5,
1,6,21.225,0,0,-0.13125,0.5,-0.5,0.5,0.5,
1,6,21.227,0,0,-0.13125,0.5,-0.5,0.5,0.5,
1,6,21.229,0,0,-0.13125,0.5,-0.5,0.5,0.5,
1,6,21.231,0,0,-0.13125,0.5,-0.5,0.5,0.5,
1,6,21.233,0,0,-0.13125,0.5,-0.5,0.5,0.5,
1,6,21.235,0,0,-0.13125,0.5,-0.5,0.5,0.5,
1,6,21.237,0,0,-0.13125,0.5,-0.5,0.5,0.5,
1,6,21.239,0,0,-0.13125,0.5,-0.5,0.5,0.5,
1,6,21.241,0,0,-0.13125,0.5,-0.5,0.5,0.5,
1,6,21.243,0,0,-0.13125,0.5,-0.5,0.5,0.5,
1,6,21.245,0,0,-0.13125,0.5,-0.5,0.5,0.5,
1,6,21.247,0,0,-0.13125,0.5,-0.5,0.5,0.5,
1,6,21.249,0,0,-0.13125,0.5,-0.5,0.5,0.5,
1,6,21.251,0,0,-0.13125,0.5,-0.5,0.5,0.5,
1,6,21.253,0,0,-0.13125,0.5,-0.5,0.5,0.5,
1,6,21.255,0,0,-0.13125,0.5,-0.5,0.5,0.5,
1,6,21.257,0,0,-0.13125,0.5,-0.5,0.5,0.5,
1,6,21.259,0,0,-0.13125,0.5,-0.5,0.5,0.5,
1,6,21.261,0,0,-0.13125,0.5,-0.5,0.5,0.5,
1,6,21.263,0,0,-0.13125,0.5,-0.5,0.5,0.5,
1,6,21.265,0,0,-0.13125,0.5,-0.5,0.5,0.5,
1,6,21.267,0,0,-0.13125,0.5,-0.5,0.5,0.5,
1,6,21.269,0,0,-0.13125,0.5,-0.5,0.5,0.5,
1,6,21.271,0,0,-0.13125,0.5,-0.5,0.5,0.5,
1,6,21.273,0,0,-0.13125,0.5,-0.5,0.5,0.5,
1,6,21.275,0,0,-0.13125,0.5,-0.5,0.5,0.5,
1,6,21.277,0,0,-0.13125,0.5,-0.5,0.5,0.5,
1,6,21.279,0,0,-0.13125,0.5,-0.5,0.5,0.5,
1,6,21.281,0,0,-0.13125,0.5,-0.5,0.5,0.5,
1,6,21.283,0,0,-0.13125,0.5,-0.5,0.5,0.5,
1,6,21.285,0,0,-0.13125,0.5,-0.5,0.5,0.5,
1,6,21.287,0,0,-0.13125,0.5,-0.5,0.5,0.5,
1,6,21.289,0,0,-0.13125,0.5,-0.5,0.5,0.5,
1,6,21.291,0,0,-0.13125,0.5,-0.5,0.5,0.5,
1,6,21.293,0,0,-0.13125,0.5,-0.5,0.5,0.5,
1,6,21.295,0,0,-0.13125,0.5,-0.5,0.5,0.5,
1,6,21.297,0,0,-0.13125,0.5,-0.5,0.5,0.5,
1,6,21.299,0,0,-0.13125,0.5,-0.5,0.5,0.5,
1,6,21.301,0,0,-0.13125,0.5,-0.5,0.5,0.5,
1,6,21.303,0,0,-0.13125,0.5,-0.5,0.5,0.5,
1,6,21.305,0,0,-0.13125,0.5,-0.5,0.5,0.5,
1,6,21.307,0,0,-0.13125,0.5,-0.5,0.5,0.5,
1,6,21.309,0,0,-0.13125,0.5,-0.5,0.5,0.5,
1,6,21.311,0,0,-0.13125,0.5,-0.5,0.5,0.5,
1,6,21.313,0,0,-0.13125,0.5,-0.5,0.5,0.5,
1,6,21.315,0,0,-0.13125,0.5,-0.5,0.5,0.5,
1,6,21.317,0,0,-0.13125,0.5,-0.5,0.5,0.5,
1,6,21.319,0,0,-0.13125,0.5,-0.5,0.5,0.5,
1,6,21.321,0,0,-0.13125,0.5,-0.5,0.5,0.5,
1,6,21.323,0,0,-0.13125,0.5,-0.5,0.5,0.5,
1,6,21.325,0,0,-0.13125,0.5,-0.5,0.5,0.5,
1,6,21.327,0,0,-0.13125,0.5,-0.5,0.5,0.5,
1,6,21.329,0,0,-0.13125,0.5,-0.5,0.5,0.5,
1,6,21.331,0,0,-0.13125,0.5,-0.5,0.5,0.5,
1,6,21.333,0,0,-0.13125,0.5,-0.5,0.5,0.5,
1,6,21.335,0,0,-0.13125,0.5,-0.5,0.5,0.5,
1,6,21.337,0,0,-0.13125,0.5,-0.5,0.5,0.5,
1,6,21.339,0,0,-0.13125,0.5,-0.5,0.5,0.5,
1,6,21.341,0,0,-0.13125,0.5,-0.5,0.5,0.5,
1,6,21.343,0,0,-0.13125,0.5,-0.5,0.5,0.5,
1,6,21.345,0,0,-0.13125,0.5,-0.5,0.5,0.5,
1,6,21.347,0,0,-0.13125,0.5,-0.5,0.5,0.5,
1,6,21.349,0,0,-0.13125,0.5,-0.5,0.5,0.5,
1,6,21.351,0,0,-0.13125,0.5,-0.5,0.5,0.5,
1,6,21.353,0,0,-0.13125,0.5,-0.5,0.5,0.5,
1,6,21.355,0,0,-0.13125,0.5,-0.5,0.5,0.5,
1,6,21.357,0,0,-0.13125,0.5,-0.5,0.5,0.5,
1,6,21.359,0,0,-0.13125,0.5,-0.5,0.5,0.5,
1,6,21.361,0,0,-0.13125,0.5,-0.5,0.5,0.5,
1,6,21.363,0,0,-0.13125,0.5,-0.5,0.5,0.5,
1,6,21.365,0,0,-0.13125,0.5,-0.5,0.5,0.5,
1,6,21.367,0,0,-0.13125,0.5,-0.5,0.5,0.5,
1,6,21.369,0,0,-0.13125,0.5,-0.5,0.5,0.5,
1,6,21.371,0,0,-0.13125,0.5,-0.5,0.5,0.5,
1,6,21.373,0,0,-0.13125,0.5,-0.5,0.5,0.5,
1,6,21.375,0,0,-0.13125,0.5,-0.5,0.5,0.5,
1,6,21.377,0,0,-0.13125,0.5,-0.5,0.5,0.5,
1,6,21.379,0,0,-0.13125,0.5,-0.5,0.5,0.5,
1,6,21.381,0,0,-0.13125,0.5,-0.5,0.5,0.5,
1,6,21.383,0,0,-0.13125,0.5,-0.5,0.5,0.5,
1,6,21.385,0,0,-0.13125,0.5,-0.5,0.5,0.5,
1,6,21.387,0,0,-0.13125,0.5,-0.5,0.5,0.5,
1,6,21.389,0,0,-0.13125,0.5,-0.5,0.5,0.5,
1,6,21.391,0,0,-0.13125,0.5,-0.5,0.5,0.5,
1,6,21.393,0,0,-0.13125,0.5,-0.5,0.5,0.5,
1,6,21.395,0,0,-0.13125,0.5,-0.5,0.5,0.5,
1,6,21.397,0,0,-0.13125,0.5,-0.5,0.5,0.5,
1,6,21.399,0,0,-0.13125,0.5,-0.5,0.5,0.5,
1,6,21.401,0,0,-0.13125,0.5,-0.5,0.5,0.5,
1,6,21.403,0,0,-0.13125,0.5,-0.5,0.5,0.5,
1,6,21.405,0,0,-0.13125,0.5,-0.5,0.5,0.5,
1,6,21.407,0,0,-0.13125,0.5,-0.5,0.5,0.5,
1,6,21.409,0,0,-0.13125,0.5,-0.5,0.5,0.5,
1,6,21.411,0,0,-0.13125,0.5,-0.5,0.5,0.5,
1,6,21.413,0,0,-0.13125,0.5,-0.5,0.5,0.5,
1,6,21.415,0,0,-0.13125,0.5,-0.5,0.5,0.5,
1,6,21.417,0,0,-0.13125,0.5,-0.5,0.5,0.5,
1,6,21.419,0,0,-0.13125,0.5,-0.5,0.5,0.5,
1,6,21.421,0,0,-0.13125,0.5,-0.5,0.5,0.5,
1,6,21.423,0,0,-0.13125,0.5,-0.5,0.5,0.5,
1,6,21.425,0,0,-0.13125,0.5,-0.5,0.5,0.5,
1,6,21.427,0,0,-0.13125,0.5,-0.5,0.5,0.5,
1,6,21.429,0,0,-0.13125,0.5,-0.5,0.5,0.5,
1,6,21.431,0,0,-0.13125,0.5,-0.5,0.5,0.5,
1,6,21.433,0,0,-0.13125,0.5,-0.5,0.5,0.5,
1,6,21.435,0,0,-0.13125,0.5,-0.5,0.5,0.5,
1,6,21.437,0,0,-0.13125,0.5,-0.5,0.5,0.5,
1,6,21.439,0,0,-0.13125,0.5,-0.5,0.5,0.5,
1,6,21.441,0,0,-0.13125,0.5,-0.5,0.5,0.5,
1,6,21.443,0,0,-0.13125,0.5,-0.5,0.5,0.5,
1,6,21.445,0,0,-0.13125,0.5,-0.5,0.5,0.5,
1,6,21.447,0,0,-0.13125,0.5,-0.5,0.5,0.5,
1,6,21.449,0,0,-0.13125,0.5,-0.5,0.5,0.5,
1,6,21.451,0,0,-0.13125,0.5,-0.5,0.5,0.5,
1,6,21.453,0,0,-0.13125,0.5,-0.5,0.5,0.5,
1,6,21.455,0,0,-0.13125,0.5,-0.5,0.5,0.5,
1,6,21.457,0,0,-0.13125,0.5,-0.5,0.5,0.5,
1,6,21.459,0,0,-0.13125,0.5,-0.5,0.5,0.5,
1,6,21.461,0,0,-0.13125,0.5,-0.5,0.5,0.5,
1,6,21.463,0,0,-0.13125,0.5,-0.5,0.5,0.5,
1,6,21.465,0,0,-0.13125,0.5,-0.5,0.5,0.5,
1,6,21.467,0,0,-0.13125,0.5,-0.5,0.5,0.5,
1,6,21.469,0,0,-0.13125,0.5,-0.5,0.5,0.5,
1,6,21.471,0,0,-0.13125,0.5,-0.5,0.5,0.5,
1,6,21.473,0,0,-0.13125,0.5,-0.5,0.5,0.5,
1,6,21.475,0,0,-0.13125,0.5,-0.5,0.5,0.5,
1,6,21.477,0,0,-0.13125,0.5,-0.5,0.5,0.5,
1,6,21.479,0,0,-0.13125,0.5,-0.5,0.5,0.5,
1,6,21.481,0,0,-0.13125,0.5,-0.5,0.5,0.5,
1,6,21.483,0,0,-0.13125,0.5,-0.5,0.5,0.5,
1,6,21.485,0,0,-0.13125,0.5,-0.5,0.5,0.5,
1,6,21.487,0,0,-0.13125,0.5,-0.5,0.5,0.5,
1,6,21.489,0,0,-0.13125,0.5,-0.5,0.5,0.5,
1,6,21.491,0,0,-0.13125,0.5,-0.5,0.5,0.5,
1,6,21.493,0,0,-0.13125,0.5,-0.5,0.5,0.5,
1,6,21.495,0,0,-0.13125,0.5,-0.5,0.5,0.5,
1,6,21.497,0,0,-0.13125,0.5,-0.5,0.5,0.5,
1,6,21.499,0,0,-0.13125,0.5,-0.5,0.5,0.5,
1,6,21.501,0,0,-0.13125,0.5,-0.5,0.5,0.5,
1,6,21.503,0,0,-0.13125,0.5,-0.5,0.5,0.5,
1,6,21.505,0,0,-0.13125,0.5,-0.5,0.5,0.5,
1,6,21.507,0,0,-0.13125,0.5,-0.5,0.5,0.5,
1,6,21.509,0,0,-0.13125,0.5,-0.5,0.5,0.5,
1,6,21.511,0,0,-0.13125,0.5,-0.5,0.5,0.5,
1,6,21.513,0,0,-0.13125,0.5,-0.5,0.5,0.5,
1,6,21.515,0,0,-0.13125,0.5,-0.5,0.5,0.5,
1,6,21.517,0,0,-0.13125,0.5,-0.5,0.5,0.5,
1,6,21.519,0,0,-0.13125,0.5,-0.5,0.5,0.5,
1,6,21.521,0,0,-0.13125,0.5,-0.5,0.5,0.5,
1,6,21.523,0,0,-0.13125,0.5,-0.5,0.5,0.5,
1,6,21.525,0,0,-0.13125,0.5,-0.5,0.5,0.5,
1,6,21.527,0,0,-0.13125,0.5,-0.5,0.5,0.5,
1,6,21.529,0,0,-0.13125,0.5,-0.5,0.5,0.5,
1,6,21.531,0,0,-0.13125,0.5,-0.5,0.5,0.5,
1,6,21.533,0,0,-0.13125,0.5,-0.5,0.5,0.5,
1,6,21.535,0,0,-0.13125,0.5,-0.5,0.5,0.5,
1,6,21.537,0,0,-0.13125,0.5,-0.5,0.5,0.5,
1,6,21.539,0,0,-0.13125,0.5,-0.5,0.5,0.5,
1,6,21.541,0,0,-0.13125,0.5,-0.5,0.5,0.5,
1,6,21.543,0,0,-0.13125,0.5,-0.5,0.5,0.5,
1,6,21.545,0,0,-0.13125,0.5,-0.5,0.5,0.5,
1,6,21.547,0,0,-0.13125,0.5,-0.5,0.5,0.5,
1,6,21.549,0,0,-0.13125,0.5,-0.5,0.5,0.5,
1,6,21.551,0,0,-0.13125,0.5,-0.5,0.5,0.5,
1,6,21.553,0,0,-0.13125,0.5,-0.5,0.5,0.5,
1,6,21.555,0,0,-0.13125,0.5,-0.5,0.5,0.5,
1,6,21.557,0,0,-0.13125,0.5,-0.5,0.5,0.5,
1,6,21.559,0,0,-0.13125,0.5,-0.5,0.5,0.5,
1,6,21.561,0,0,-0.13125,0.5,-0.5,0.5,0.5,
1,6,21.563,0,0,-0.13125,0.5,-0.5,0.5,0.5,
1,6,21.565,0,0,-0.13125,0.5,-0.5,0.5,0.5,
1,6,21.567,0,0,-0.13125,0.5,-0.5,0.5,0.5,
1,6,21.569,0,0,-0.13125,0.5,-0.5,0.5,0.5,
1,6,21.571,0,0,-0.13125,0.5,-0.5,0.5,0.5,
1,6,21.573,0,0,-0.13125,0.5,-0.5,0.5,0.5,
1,6,21.575,0,0,-0.13125,0.5,-0.5,0.5,0.5,
1,6,21.577,0,0,-0.13125,0.5,-0.5,0.5,0.5,
1,6,21.579,0,0,-0.13125,0.5,-0.5,0.5,0.5,
1,6,21.581,0,0,-0.13125,0.5,-0.5,0.5,0.5,
1,6,21.583,0,0,-0.13125,0.5,-0.5,0.5,0.5,
1,6,21.585,0,0,-0.13125,0.5,-0.5,0.5,0.5,
1,6,21.587,0,0,-0.13125,0.5,-0.5,0.5,0.5,
1,6,21.589,0,0,-0.13125,0.5,-0.5,0.5,0.5,
1,6,21.591,0,0,-0.13125,0.5,-0.5,0.5,0.5,
1,6,21.593,0,0,-0.13125,0.5,-0.5,0.5,0.5,
1,6,21.595,0,0,-0.13125,0.5,-0.5,0.5,0.5,
1,6,21.597,0,0,-0.13125,0.5,-0.5,0.5,0.5,
1,6,21.599,0,0,-0.13125,0.5,-0.5,0.5,0.5,
1,6,21.601,0,0,-0.13125,0.5,-0.5,0.5,0.5,
1,6,21.603,0,0,-0.13125,0.5,-0.5,0.5,0.5,
1,6,21.605,0,0,-0.13125,0.5,-0.5,0.5,0.5,
1,6,21.607,0,0,-0.13125,0.5,-0.5,0.5,0.5,
1,6,21.609,0,0,-0.13125,0.5,-0.5,0.5,0.5,
1,6,21.611,0,0,-0.13125,0.5,-0.5,0.5,0.5,
1,6,21.613,0,0,-0.13125,0.5,-0.5,0.5,0.5,
1,6,21.615,0,0,-0.13125,0.5,-0.5,0.5,0.5,
1,6,21.617,0,0,-0.13125,0.5,-0.5,0.5,0.5,
1,6,21.619,0,0,-0.13125,0.5,-0.5,0.5,0.5,
1,6,21.621,0,0,-0.13125,0.5,-0.5,0.5,0.5,
1,6,21.623,0,0,-0.13125,0.5,-0.5,0.5,0.5,
1,6,21.625,0,0,-0.13125,0.5,-0.5,0.5,0.5,
1,6,21.627,0,0,-0.13125,0.5,-0.5,0.5,0.5,
1,6,21.629,0,0,-0.13125,0.5,-0.5,0.5,0.5,
1,6,21.631,0,0,-0.13125,0.5,-0.5,0.5,0.5,
1,6,21.633,0,0,-0.13125,0.5,-0.5,0.5,0.5,
1,6,21.635,0,0,-0.13125,0.5,-0.5,0.5,0.5,
1,6,21.637,0,0,-0.13125,0.5,-0.5,0.5,0.5,
1,6,21.639,0,0,-0.13125,0.5,-0.5,0.5,0.5,
1,6,21.641,0,0,-0.13125,0.5,-0.5,0.5,0.5,
1,6,21.643,0,0,-0.13125,0.5,-0.5,0.5,0.5,
1,6,21.645,0,0,-0.13125,0.5,-0.5,0.5,0.5,
1,6,21.647,0,0,-0.13125,0.5,-0.5,0.5,0.5,
1,6,21.649,0,0,-0.13125,0.5,-0.5,0.5,0.5,
1,6,21.651,0,0,-0.13125,0.5,-0.5,0.5,0.5,
1,6,21.653,0,0,-0.13125,0.5,-0.5,0.5,0.5,
1,6,21.655,0,0,-0.13125,0.5,-0.5,0.5,0.5,
1,6,21.657,0,0,-0.13125,0.5,-0.5,0.5,0.5,
1,6,21.659,0,0,-0.13125,0.5,-0.5,0.5,0.5,
1,6,21.661,0,0,-0.13125,0.5,-0.5,0.5,0.5,
1,6,21.663,0,0,-0.13125,0.5,-0.5,0.5,0.5,
1,6,21.665,0,0,-0.13125,0.5,-0.5,0.5,0.5,
1,6,21.667,0,0,-0.13125,0.5,-0.5,0.5,0.5,
1,6,21.669,0,0,-0.13125,0.5,-0.5,0.5,0.5,
1,6,21.671,0,0,-0.13125,0.5,-0.5,0.5,0.5,
1,6,21.673,0,0,-0.13125,0.5,-0.5,0.5,0.5,
1,6,21.675,0,0,-0.13125,0.5,-0.5,0.5,0.5,
1,6,21.677,0,0,-0.13125,0.5,-0.5,0.5,0.5,
1,6,21.679,0,0,-0.13125,0.5,-0.5,0.5,0.5,
1,6,21.681,0,0,-0.13125,0.5,-0.5,0.5,0.5,
1,6,21.683,0,0,-0.13125,0.5,-0.5,0.5,0.5,
1,6,21.685,0,0,-0.13125,0.5,-0.5,0.5,0.5,
1,6,21.687,0,0,-0.13125,0.5,-0.5,0.5,0.5,
1,6,21.689,0,0,-0.13125,0.5,-0.5,0.5,0.5,
1,6,21.691,0,0,-0.13125,0.5,-0.5,0.5,0.5,
1,6,21.693,0,0,-0.13125,0.5,-0.5,0.5,0.5,
1,6,21.695,0,0,-0.13125,0.5,-0.5,0.5,0.5,
1,6,21.697,0,0,-0.13125,0.5,-0.5,0.5,0.5,
1,6,21.699,0,0,-0.13125,0.5,-0.5,0.5,0.5,
1,6,21.701,0,0,-0.13125,0.5,-0.5,0.5,0.5,
1,6,21.703,0,0,-0.13125,0.5,-0.5,0.5,0.5,
1,6,21.705,0,0,-0.13125,0.5,-0.5,0.5,0.5,
1,6,21.707,0,0,-0.13125,0.5,-0.5,0.5,0.5,
1,6,21.709,0,0,-0.13125,0.5,-0.5,0.5,0.5,
1,6,21.711,0,0,-0.13125,0.5,-0.5,0.5,0.5,
1,6,21.713,0,0,-0.13125,0.5,-0.5,0.5,0.5,
1,6,21.715,0,0,-0.13125,0.5,-0.5,0.5,0.5,
1,6,21.717,0,0,-0.13125,0.5,-0.5,0.5,0.5,
1,6,21.719,0,0,-0.13125,0.5,-0.5,0.5,0.5,
1,6,21.721,0,0,-0.13125,0.5,-0.5,0.5,0.5,
1,6,21.723,0,0,-0.13125,0.5,-0.5,0.5,0.5,
1,6,21.725,0,0,-0.13125,0.5,-0.5,0.5,0.5,
1,6,21.727,0,0,-0.13125,0.5,-0.5,0.5,0.5,
1,6,21.729,0,0,-0.13125,0.5,-0.5,0.5,0.5,
1,6,21.731,0,0,-0.13125,0.5,-0.5,0.5,0.5,
1,6,21.733,0,0,-0.13125,0.5,-0.5,0.5,0.5,
1,6,21.735,0,0,-0.13125,0.5,-0.5,0.5,0.5,
1,6,21.737,0,0,-0.13125,0.5,-0.5,0.5,0.5,
1,6,21.739,0,0,-0.13125,0.5,-0.5,0.5,0.5,
1,6,21.741,0,0,-0.13125,0.5,-0.5,0.5,0.5,
1,6,21.743,0,0,-0.13125,0.5,-0.5,0.5,0.5,
1,6,21.745,0,0,-0.13125,0.5,-0.5,0.5,0.5,
1,6,21.747,0,0,-0.13125,0.5,-0.5,0.5,0.5,
1,6,21.749,0,0,-0.13125,0.5,-0.5,0.5,0.5,
1,6,21.751,0,0,-0.13125,0.5,-0.5,0.5,0.5,
1,6,21.753,0,0,-0.13125,0.5,-0.5,0.5,0.5,
1,6,21.755,0,0,-0.13125,0.5,-0.5,0.5,0.5,
1,6,21.757,0,0,-0.13125,0.5,-0.5,0.5,0.5,
1,6,21.759,0,0,-0.13125,0.5,-0.5,0.5,0.5,
1,6,21.761,0,0,-0.13125,0.5,-0.5,0.5,0.5,
1,6,21.763,0,0,-0.13125,0.5,-0.5,0.5,0.5,
1,6,21.765,0,0,-0.13125,0.5,-0.5,0.5,0.5,
1,6,21.767,0,0,-0.13125,0.5,-0.5,0.5,0.5,
1,6,21.769,0,0,-0.13125,0.5,-0.5,0.5,0.5,
1,6,21.771,0,0,-0.13125,0.5,-0.5,0.5,0.5,
1,6,21.773,0,0,-0.13125,0.5,-0.5,0.5,0.5,
1,6,21.775,0,0,-0.13125,0.5,-0.5,0.5,0.5,
1,6,21.777,0,0,-0.13125,0.5,-0.5,0.5,0.5,
1,6,21.779,0,0,-0.13125,0.5,-0.5,0.5,0.5,
1,6,21.781,0,0,-0.13125,0.5,-0.5,0.5,0.5,
1,6,21.783,0,0,-0.13125,0.5,-0.5,0.5,0.5,
1,6,21.785,0,0,-0.13125,0.5,-0.5,0.5,0.5,
1,6,21.787,0,0,-0.13125,0.5,-0.5,0.5,0.5,
1,6,21.789,0,0,-0.13125,0.5,-0.5,0.5,0.5,
1,6,21.791,0,0,-0.13125,0.5,-0.5,0.5,0.5,
1,6,21.793,0,0,-0.13125,0.5,-0.5,0.5,0.5,
1,6,21.795,0,0,-0.13125,0.5,-0.5,0.5,0.5,
1,6,21.797,0,0,-0.13125,0.5,-0.5,0.5,0.5,
1,6,21.799,0,0,-0.13125,0.5,-0.5,0.5,0.5,
1,6,21.801,0,0,-0.13125,0.5,-0.5,0.5,0.5,
1,6,21.803,0,0,-0.13125,0.5,-0.5,0.5,0.5,
1,6,21.805,0,0,-0.13125,0.5,-0.5,0.5,0.5,
1,6,21.807,0,0,-0.13125,0.5,-0.5,0.5,0.5,
1,6,21.809,0,0,-0.13125,0.5,-0.5,0.5,0.5,
1,6,21.811,0,0,-0.13125,0.5,-0.5,0.5,0.5,
1,6,21.813,0,0,-0.13125,0.5,-0.5,0.5,0.5,
1,6,21.815,0,0,-0.13125,0.5,-0.5,0.5,0.5,
1,6,21.817,0,0,-0.13125,0.5,-0.5,0.5,0.5,
1,6,21.819,0,0,-0.13125,0.5,-0.5,0.5,0.5,
1,6,21.821,0,0,-0.13125,0.5,-0.5,0.5,0.5,
1,6,21.823,0,0,-0.13125,0.5,-0.5,0.5,0.5,
1,6,21.825,0,0,-0.13125,0.5,-0.5,0.5,0.5,
1,6,21.827,0,0,-0.13125,0.5,-0.5,0.5,0.5,
1,6,21.829,0,0,-0.13125,0.5,-0.5,0.5,0.5,
1,6,21.831,0,0,-0.13125,0.5,-0.5,0.5,0.5,
1,6,21.833,0,0,-0.13125,0.5,-0.5,0.5,0.5,
1,6,21.835,0,0,-0.13125,0.5,-0.5,0.5,0.5,
1,6,21.837,0,0,-0.13125,0.5,-0.5,0.5,0.5,
1,6,21.839,0,0,-0.13125,0.5,-0.5,0.5,0.5,
1,6,21.841,0,0,-0.13125,0.5,-0.5,0.5,0.5,
1,6,21.843,0,0,-0.13125,0.5,-0.5,0.5,0.5,
1,6,21.845,0,0,-0.13125,0.5,-0.5,0.5,0.5,
1,6,21.847,0,0,-0.13125,0.5,-0.5,0.5,0.5,
1,6,21.849,0,0,-0.13125,0.5,-0.5,0.5,0.5,
1,6,21.851,0,0,-0.13125,0.5,-0.5,0.5,0.5,
1,6,21.853,0,0,-0.13125,0.5,-0.5,0.5,0.5,
1,6,21.855,0,0,-0.13125,0.5,-0.5,0.5,0.5,
1,6,21.857,0,0,-0.13125,0.5,-0.5,0.5,0.5,
1,6,21.859,0,0,-0.13125,0.5,-0.5,0.5,0.5,
1,6,21.861,0,0,-0.13125,0.5,-0.5,0.5,0.5,
1,6,21.863,0,0,-0.13125,0.5,-0.5,0.5,0.5,
1,6,21.865,0,0,-0.13125,0.5,-0.5,0.5,0.5,
1,6,21.867,0,0,-0.13125,0.5,-0.5,0.5,0.5,
1,6,21.869,0,0,-0.13125,0.5,-0.5,0.5,0.5,
1,6,21.871,0,0,-0.13125,0.5,-0.5,0.5,0.5,
1,6,21.873,0,0,-0.13125,0.5,-0.5,0.5,0.5,
1,6,21.875,0,0,-0.13125,0.5,-0.5,0.5,0.5,
1,6,21.877,0,0,-0.13125,0.5,-0.5,0.5,0.5,
1,6,21.879,0,0,-0.13125,0.5,-0.5,0.5,0.5,
1,6,21.881,0,0,-0.13125,0.5,-0.5,0.5,0.5,
1,6,21.883,0,0,-0.13125,0.5,-0.5,0.5,0.5,
1,6,21.885,0,0,-0.13125,0.5,-0.5,0.5,0.5,
1,6,21.887,0,0,-0.13125,0.5,-0.5,0.5,0.5,
1,6,21.889,0,0,-0.13125,0.5,-0.5,0.5,0.5,
1,6,21.891,0,0,-0.13125,0.5,-0.5,0.5,0.5,
1,6,21.893,0,0,-0.13125,0.5,-0.5,0.5,0.5,
1,6,21.895,0,0,-0.13125,0.5,-0.5,0.5,0.5,
1,6,21.897,0,0,-0.13125,0.5,-0.5,0.5,0.5,
1,6,21.899,0,0,-0.13125,0.5,-0.5,0.5,0.5,
1,6,21.901,0,0,-0.13125,0.5,-0.5,0.5,0.5,
1,6,21.903,0,0,-0.13125,0.5,-0.5,0.5,0.5,
1,6,21.905,0,0,-0.13125,0.5,-0.5,0.5,0.5,
1,6,21.907,0,0,-0.13125,0.5,-0.5,0.5,0.5,
1,6,21.909,0,0,-0.13125,0.5,-0.5,0.5,0.5,
1,6,21.911,0,0,-0.13125,0.5,-0.5,0.5,0.5,
1,6,21.913,0,0,-0.13125,0.5,-0.5,0.5,0.5,
1,6,21.915,0,0,-0.13125,0.5,-0.5,0.5,0.5,
1,6,21.917,0,0,-0.13125,0.5,-0.5,0.5,0.5,
1,6,21.919,0,0,-0.13125,0.5,-0.5,0.5,0.5,
1,6,21.921,0,0,-0.13125,0.5,-0.5,0.5,0.5,
1,6,21.923,0,0,-0.13125,0.5,-0.5,0.5,0.5,
1,6,21.925,0,0,-0.13125,0.5,-0.5,0.5,0.5,
1,6,21.927,0,0,-0.13125,0.5,-0.5,0.5,0.5,
1,6,21.929,0,0,-0.13125,0.5,-0.5,0.5,0.5,
1,6,21.931,0,0,-0.13125,0.5,-0.5,0.5,0.5,
1,6,21.933,0,0,-0.13125,0.5,-0.5,0.5,0.5,
1,6,21.935,0,0,-0.13125,0.5,-0.5,0.5,0.5,
1,6,21.937,0,0,-0.13125,0.5,-0.5,0.5,0.5,
1,6,21.939,0,0,-0.13125,0.5,-0.5,0.5,0.5,
1,6,21.941,0,0,-0.13125,0.5,-0.5,0.5,0.5,
1,6,21.943,0,0,-0.13125,0.5,-0.5,0.5,0.5,
1,6,21.945,0,0,-0.13125,0.5,-0.5,0.5,0.5,
1,6,21.947,0,0,-0.13125,0.5,-0.5,0.5,0.5,
1,6,21.949,0,0,-0.13125,0.5,-0.5,0.5,0.5,
1,6,21.951,0,0,-0.13125,0.5,-0.5,0.5,0.5,
1,6,21.953,0,0,-0.13125,0.5,-0.5,0.5,0.5,
1,6,21.955,0,0,-0.13125,0.5,-0.5,0.5,0.5,
1,6,21.957,0,0,-0.13125,0.5,-0.5,0.5,0.5,
1,6,21.959,0,0,-0.13125,0.5,-0.5,0.5,0.5,
1,6,21.961,0,0,-0.13125,0.5,-0.5,0.5,0.5,
1,6,21.963,0,0,-0.13125,0.5,-0.5,0.5,0.5,
1,6,21.965,0,0,-0.13125,0.5,-0.5,0.5,0.5,
1,6,21.967,0,0,-0.13125,0.5,-0.5,0.5,0.5,
1,6,21.969,0,0,-0.13125,0.5,-0.5,0.5,0.5,
1,6,21.971,0,0,-0.13125,0.5,-0.5,0.5,0.5,
1,6,21.973,0,0,-0.13125,0.5,-0.5,0.5,0.5,
1,6,21.975,0,0,-0.13125,0.5,-0.5,0.5,0.5,
1,6,21.977,0,0,-0.13125,0.5,-0.5,0.5,0.5,
1,6,21.979,0,0,-0.13125,0.5,-0.5,0.5,0.5,
1,6,21.981,0,0,-0.13125,0.5,-0.5,0.5,0.5,
1,6,21.983,0,0,-0.13125,0.5,-0.5,0.5,0.5,
1,6,21.985,0,0,-0.13125,0.5,-0.5,0.5,0.5,
1,6,21.987,0,0,-0.13125,0.5,-0.5,0.5,0.5,
1,6,21.989,0,0,-0.13125,0.5,-0.5,0.5,0.5,
1,6,21.991,0,0,-0.13125,0.5,-0.5,0.5,0.5,
1,6,21.993,0,0,-0.13125,0.5,-0.5,0.5,0.5,
1,6,21.995,0,0,-0.13125,0.5,-0.5,0.5,0.5,
1,6,21.997,0,0,-0.13125,0.5,-0.5,0.5,0.5,
1,6,21.999,0,0,-0.13125,0.5,-0.5,0.5,0.5,
1,6,22.001,0,0,-0.13125,0.5,-0.5,0.5,0.5,
1,6,22.003,0,0,-0.13125,0.5,-0.5,0.5,0.5,
1,6,22.005,0,0,-0.13125,0.5,-0.5,0.5,0.5,
1,6,22.007,0,0,-0.13125,0.5,-0.5,0.5,0.5,
1,6,22.009,0,0,-0.13125,0.5,-0.5,0.5,0.5,
1,6,22.011,0,0,-0.13125,0.5,-0.5,0.5,0.5,
1,6,22.013,0,0,-0.13125,0.5,-0.5,0.5,0.5,
1,6,22.015,0,0,-0.13125,0.5,-0.5,0.5,0.5,
1,6,22.017,0,0,-0.13125,0.5,-0.5,0.5,0.5,
1,6,22.019,0,0,-0.13125,0.5,-0.5,0.5,0.5,
1,6,22.021,0,0,-0.13125,0.5,-0.5,0.5,0.5,
1,6,22.023,0,0,-0.13125,0.5,-0.5,0.5,0.5,
1,6,22.025,0,0,-0.13125,0.5,-0.5,0.5,0.5,
1,6,22.027,0,0,-0.13125,0.5,-0.5,0.5,0.5,
1,6,22.029,0,0,-0.13125,0.5,-0.5,0.5,0.5,
1,6,22.031,0,0,-0.13125,0.5,-0.5,0.5,0.5,
1,6,22.033,0,0,-0.13125,0.5,-0.5,0.5,0.5,
1,6,22.035,0,0,-0.13125,0.5,-0.5,0.5,0.5,
1,6,22.037,0,0,-0.13125,0.5,-0.5,0.5,0.5,
1,6,22.039,0,0,-0.13125,0.5,-0.5,0.5,0.5,
1,6,22.041,0,0,-0.13125,0.5,-0.5,0.5,0.5,
1,6,22.043,0,0,-0.13125,0.5,-0.5,0.5,0.5,
1,6,22.045,0,0,-0.13125,0.5,-0.5,0.5,0.5,
1,6,22.047,0,0,-0.13125,0.5,-0.5,0.5,0.5,
1,6,22.049,0,0,-0.13125,0.5,-0.5,0.5,0.5,
1,6,22.051,0,0,-0.13125,0.5,-0.5,0.5,0.5,
1,6,22.053,0,0,-0.13125,0.5,-0.5,0.5,0.5,
1,6,22.055,0,0,-0.13125,0.5,-0.5,0.5,0.5,
1,6,22.057,0,0,-0.13125,0.5,-0.5,0.5,0.5,
1,6,22.059,0,0,-0.13125,0.5,-0.5,0.5,0.5,
1,6,22.061,0,0,-0.13125,0.5,-0.5,0.5,0.5,
1,6,22.063,0,0,-0.13125,0.5,-0.5,0.5,0.5,
1,6,22.065,0,0,-0.13125,0.5,-0.5,0.5,0.5,
1,6,22.067,0,0,-0.13125,0.5,-0.5,0.5,0.5,
1,6,22.069,0,0,-0.13125,0.5,-0.5,0.5,0.5,
1,6,22.071,0,0,-0.13125,0.5,-0.5,0.5,0.5,
1,6,22.073,0,0,-0.13125,0.5,-0.5,0.5,0.5,
1,6,22.075,0,0,-0.13125,0.5,-0.5,0.5,0.5,
1,6,22.077,0,0,-0.13125,0.5,-0.5,0.5,0.5,
1,6,22.079,0,0,-0.13125,0.5,-0.5,0.5,0.5,
1,6,22.081,0,0,-0.13125,0.5,-0.5,0.5,0.5,
1,6,22.083,0,0,-0.13125,0.5,-0.5,0.5,0.5,
1,6,22.085,0,0,-0.13125,0.5,-0.5,0.5,0.5,
1,6,22.087,0,0,-0.13125,0.5,-0.5,0.5,0.5,
1,6,22.089,0,0,-0.13125,0.5,-0.5,0.5,0.5,
1,6,22.091,0,0,-0.13125,0.5,-0.5,0.5,0.5,
1,6,22.093,0,0,-0.13125,0.5,-0.5,0.5,0.5,
1,6,22.095,0,0,-0.13125,0.5,-0.5,0.5,0.5,
1,6,22.097,0,0,-0.13125,0.5,-0.5,0.5,0.5,
1,6,22.099,0,0,-0.13125,0.5,-0.5,0.5,0.5,
1,6,22.101,0,0,-0.13125,0.5,-0.5,0.5,0.5,
1,6,22.103,0,0,-0.13125,0.5,-0.5,0.5,0.5,
1,6,22.105,0,0,-0.13125,0.5,-0.5,0.5,0.5,
1,6,22.107,0,0,-0.13125,0.5,-0.5,0.5,0.5,
1,6,22.109,0,0,-0.13125,0.5,-0.5,0.5,0.5,
1,6,22.111,0,0,-0.13125,0.5,-0.5,0.5,0.5,
1,6,22.113,0,0,-0.13125,0.5,-0.5,0.5,0.5,
1,6,22.115,0,0,-0.13125,0.5,-0.5,0.5,0.5,
1,6,22.117,0,0,-0.13125,0.5,-0.5,0.5,0.5,
1,6,22.119,0,0,-0.13125,0.5,-0.5,0.5,0.5,
1,6,22.121,0,0,-0.13125,0.5,-0.5,0.5,0.5,
1,6,22.123,0,0,-0.13125,0.5,-0.5,0.5,0.5,
1,6,22.125,0,0,-0.13125,0.5,-0.5,0.5,0.5,
1,6,22.127,0,0,-0.13125,0.5,-0.5,0.5,0.5,
1,6,22.129,0,0,-0.13125,0.5,-0.5,0.5,0.5,
1,6,22.131,0,0,-0.13125,0.5,-0.5,0.5,0.5,
1,6,22.133,0,0,-0.13125,0.5,-0.5,0.5,0.5,
1,6,22.135,0,0,-0.13125,0.5,-0.5,0.5,0.5,
1,6,22.137,0,0,-0.13125,0.5,-0.5,0.5,0.5,
1,6,22.139,0,0,-0.13125,0.5,-0.5,0.5,0.5,
1,6,22.141,0,0,-0.13125,0.5,-0.5,0.5,0.5,
1,6,22.143,0,0,-0.13125,0.5,-0.5,0.5,0.5,
1,6,22.145,0,0,-0.13125,0.5,-0.5,0.5,0.5,
1,6,22.147,0,0,-0.13125,0.5,-0.5,0.5,0.5,
1,6,22.149,0,0,-0.13125,0.5,-0.5,0.5,0.5,
1,6,22.151,0,0,-0.13125,0.5,-0.5,0.5,0.5,
1,6,22.153,0,0,-0.13125,0.5,-0.5,0.5,0.5,
1,6,22.155,0,0,-0.13125,0.5,-0.5,0.5,0.5,
1,6,22.157,0,0,-0.13125,0.5,-0.5,0.5,0.5,
1,6,22.159,0,0,-0.13125,0.5,-0.5,0.5,0.5,
1,6,22.161,0,0,-0.13125,0.5,-0.5,0.5,0.5,
1,6,22.163,0,0,-0.13125,0.5,-0.5,0.5,0.5,
1,6,22.165,0,0,-0.13125,0.5,-0.5,0.5,0.5,
1,6,22.167,0,0,-0.13125,0.5,-0.5,0.5,0.5,
1,6,22.169,0,0,-0.13125,0.5,-0.5,0.5,0.5,
1,6,22.171,0,0,-0.13125,0.5,-0.5,0.5,0.5,
1,6,22.173,0,0,-0.13125,0.5,-0.5,0.5,0.5,
1,6,22.175,0,0,-0.13125,0.5,-0.5,0.5,0.5,
1,6,22.177,0,0,-0.13125,0.5,-0.5,0.5,0.5,
1,6,22.179,0,0,-0.13125,0.5,-0.5,0.5,0.5,
1,6,22.181,0,0,-0.13125,0.5,-0.5,0.5,0.5,
1,6,22.183,0,0,-0.13125,0.5,-0.5,0.5,0.5,
1,6,22.185,0,0,-0.13125,0.5,-0.5,0.5,0.5,
1,6,22.187,0,0,-0.13125,0.5,-0.5,0.5,0.5,
1,6,22.189,0,0,-0.13125,0.5,-0.5,0.5,0.5,
1,6,22.191,0,0,-0.13125,0.5,-0.5,0.5,0.5,
1,6,22.193,0,0,-0.13125,0.5,-0.5,0.5,0.5,
1,6,22.195,0,0,-0.13125,0.5,-0.5,0.5,0.5,
1,6,22.197,0,0,-0.13125,0.5,-0.5,0.5,0.5,
1,6,22.199,0,0,-0.13125,0.5,-0.5,0.5,0.5,
1,6,22.201,0,0,-0.13125,0.5,-0.5,0.5,0.5,
1,6,22.203,0,0,-0.13125,0.5,-0.5,0.5,0.5,
1,6,22.205,0,0,-0.13125,0.5,-0.5,0.5,0.5,
1,6,22.207,0,0,-0.13125,0.5,-0.5,0.5,0.5,
1,6,22.209,0,0,-0.13125,0.5,-0.5,0.5,0.5,
1,6,22.211,0,0,-0.13125,0.5,-0.5,0.5,0.5,
1,6,22.213,0,0,-0.13125,0.5,-0.5,0.5,0.5,
1,6,22.215,0,0,-0.13125,0.5,-0.5,0.5,0.5,
1,6,22.217,0,0,-0.13125,0.5,-0.5,0.5,0.5,
1,6,22.219,0,0,-0.13125,0.5,-0.5,0.5,0.5,
1,6,22.221,0,0,-0.13125,0.5,-0.5,0.5,0.5,
1,6,22.223,0,0,-0.13125,0.5,-0.5,0.5,0.5,
1,6,22.225,0,0,-0.13125,0.5,-0.5,0.5,0.5,
1,6,22.227,0,0,-0.13125,0.5,-0.5,0.5,0.5,
1,6,22.229,0,0,-0.13125,0.5,-0.5,0.5,0.5,
1,6,22.231,0,0,-0.13125,0.5,-0.5,0.5,0.5,
1,6,22.233,0,0,-0.13125,0.5,-0.5,0.5,0.5,
1,6,22.235,0,0,-0.13125,0.5,-0.5,0.5,0.5,
1,6,22.237,0,0,-0.13125,0.5,-0.5,0.5,0.5,
1,6,22.239,0,0,-0.13125,0.5,-0.5,0.5,0.5,
1,6,22.241,0,0,-0.13125,0.5,-0.5,0.5,0.5,
1,6,22.243,0,0,-0.13125,0.5,-0.5,0.5,0.5,
1,6,22.245,0,0,-0.13125,0.5,-0.5,0.5,0.5,
1,6,22.247,0,0,-0.13125,0.5,-0.5,0.5,0.5,
1,6,22.249,0,0,-0.13125,0.5,-0.5,0.5,0.5,
1,6,22.251,0,0,-0.13125,0.5,-0.5,0.5,0.5,
1,6,22.253,0,0,-0.13125,0.5,-0.5,0.5,0.5,
1,6,22.255,0,0,-0.13125,0.5,-0.5,0.5,0.5,
1,6,22.257,0,0,-0.13125,0.5,-0.5,0.5,0.5,
1,6,22.259,0,0,-0.13125,0.5,-0.5,0.5,0.5,
1,6,22.261,0,0,-0.13125,0.5,-0.5,0.5,0.5,
1,6,22.263,0,0,-0.13125,0.5,-0.5,0.5,0.5,
1,6,22.265,0,0,-0.13125,0.5,-0.5,0.5,0.5,
1,6,22.267,0,0,-0.13125,0.5,-0.5,0.5,0.5,
1,6,22.269,0,0,-0.13125,0.5,-0.5,0.5,0.5,
1,6,22.271,0,0,-0.13125,0.5,-0.5,0.5,0.5,
1,6,22.273,0,0,-0.13125,0.5,-0.5,0.5,0.5,
1,6,22.275,0,0,-0.13125,0.5,-0.5,0.5,0.5,
1,6,22.277,0,0,-0.13125,0.5,-0.5,0.5,0.5,
1,6,22.279,0,0,-0.13125,0.5,-0.5,0.5,0.5,
1,6,22.281,0,0,-0.13125,0.5,-0.5,0.5,0.5,
1,6,22.283,0,0,-0.13125,0.5,-0.5,0.5,0.5,
1,6,22.285,0,0,-0.13125,0.5,-0.5,0.5,0.5,
1,6,22.287,0,0,-0.13125,0.5,-0.5,0.5,0.5,
1,6,22.289,0,0,-0.13125,0.5,-0.5,0.5,0.5,
1,6,22.291,0,0,-0.13125,0.5,-0.5,0.5,0.5,
1,6,22.293,0,0,-0.13125,0.5,-0.5,0.5,0.5,
1,6,22.295,0,0,-0.13125,0.5,-0.5,0.5,0.5,
1,6,22.297,0,0,-0.13125,0.5,-0.5,0.5,0.5,
1,6,22.299,0,0,-0.13125,0.5,-0.5,0.5,0.5,
1,6,22.301,0,0,-0.13125,0.5,-0.5,0.5,0.5,
1,6,22.303,0,0,-0.13125,0.5,-0.5,0.5,0.5,
1,6,22.305,0,0,-0.13125,0.5,-0.5,0.5,0.5,
1,6,22.307,0,0,-0.13125,0.5,-0.5,0.5,0.5,
1,6,22.309,0,0,-0.13125,0.5,-0.5,0.5,0.5,
1,6,22.311,0,0,-0.13125,0.5,-0.5,0.5,0.5,
1,6,22.313,0,0,-0.13125,0.5,-0.5,0.5,0.5,
1,6,22.315,0,0,-0.13125,0.5,-0.5,0.5,0.5,
1,6,22.317,0,0,-0.13125,0.5,-0.5,0.5,0.5,
1,6,22.319,0,0,-0.13125,0.5,-0.5,0.5,0.5,
1,6,22.321,0,0,-0.13125,0.5,-0.5,0.5,0.5,
1,6,22.323,0,0,-0.13125,0.5,-0.5,0.5,0.5,
1,6,22.325,0,0,-0.13125,0.5,-0.5,0.5,0.5,
1,6,22.327,0,0,-0.13125,0.5,-0.5,0.5,0.5,
1,6,22.329,0,0,-0.13125,0.5,-0.5,0.5,0.5,
1,6,22.331,0,0,-0.13125,0.5,-0.5,0.5,0.5,
1,6,22.333,0,0,-0.13125,0.5,-0.5,0.5,0.5,
1,6,22.335,0,0,-0.13125,0.5,-0.5,0.5,0.5,
1,6,22.337,0,0,-0.13125,0.5,-0.5,0.5,0.5,
1,6,22.339,0,0,-0.13125,0.5,-0.5,0.5,0.5,
1,6,22.341,0,0,-0.13125,0.5,-0.5,0.5,0.5,
1,6,22.343,0,0,-0.13125,0.5,-0.5,0.5,0.5,
1,6,22.345,0,0,-0.13125,0.5,-0.5,0.5,0.5,
1,6,22.347,0,0,-0.13125,0.5,-0.5,0.5,0.5,
1,6,22.349,0,0,-0.13125,0.5,-0.5,0.5,0.5,
1,6,22.351,0,0,-0.13125,0.5,-0.5,0.5,0.5,
1,6,22.353,0,0,-0.13125,0.5,-0.5,0.5,0.5,
1,6,22.355,0,0,-0.13125,0.5,-0.5,0.5,0.5,
1,6,22.357,0,0,-0.13125,0.5,-0.5,0.5,0.5,
1,6,22.359,0,0,-0.13125,0.5,-0.5,0.5,0.5,
1,6,22.361,0,0,-0.13125,0.5,-0.5,0.5,0.5,
1,6,22.363,0,0,-0.13125,0.5,-0.5,0.5,0.5,CourtEnter
1,6,22.365,0,0,-0.13125,0.5,-0.5,0.5,0.5,
1,6,22.367,0,0,-0.13125,0.5,-0.5,0.5,0.5,
1,6,22.369,0,0,-0.13125,0.5,-0.5,0.5,0.5,CourtExit
1,6,22.371,0,0,-0.13125,0.5,-0.5,0.5,0.5,
1,6,22.373,0,0,-0.13125,0.5,-0.5,0.5,0.5,
1,6,22.375,0,0,-0.13125,0.5,-0.5,0.5,0.5,
1,6,22.377,0,0,-0.13125,0.5,-0.5,0.5,0.5,
1,6,22.379,0,0,-0.13125,0.5,-0.5,0.5,0.5,
1,6,22.381,0,0,-0.13125,0.5,-0.5,0.5,0.5,
1,6,22.383,0,0,-0.13125,0.5,-0.5,0.5,0.5,
1,6,22.385,0,0,-0.13125,0.5,-0.5,0.5,0.5,
1,6,22.387,0,0,-0.13125,0.5,-0.5,0.5,0.5,
1,6,22.389,0,0,-0.13125,0.5,-0.5,0.5,0.5,
1,6,22.391,0,0,-0.13125,0.5,-0.5,0.5,0.5,
1,6,22.393,0,0,-0.13125,0.5,-0.5,0.5,0.5,
1,6,22.395,0,0,-0.13125,0.5,-0.5,0.5,0.5,
1,6,22.397,0,0,-0.13125,0.5,-0.5,0.5,0.5,
1,6,22.399,0,0,-0.13125,0.5,-0.5,0.5,0.5,
1,6,22.401,0,0,-0.13125,0.5,-0.5,0.5,0.5,
1,6,22.403,0,0,-0.13125,0.5,-0.5,0.5,0.5,
1,6,22.405,0,0,-0.13125,0.5,-0.5,0.5,0.5,
1,6,22.407,0,0,-0.13125,0.5,-0.5,0.5,0.5,
1,6,22.409,0,0,-0.13125,0.5,-0.5,0.5,0.5,
1,6,22.411,0,0,-0.13125,0.5,-0.5,0.5,0.5,
1,6,22.413,0,0,-0.13125,0.5,-0.5,0.5,0.5,
1,6,22.415,0,0,-0.13125,0.5,-0.5,0.5,0.5,
1,6,22.417,0,0,-0.13125,0.5,-0.5,0.5,0.5,
1,6,22.419,0,0,-0.13125,0.5,-0.5,0.5,0.5,
1,6,22.421,0,0,-0.13125,0.5,-0.5,0.5,0.5,
1,6,22.423,0,0,-0.13125,0.5,-0.5,0.5,0.5,
1,6,22.425,0,0,-0.13125,0.5,-0.5,0.5,0.5,
1,6,22.427,0,0,-0.13125,0.5,-0.5,0.5,0.5,
1,6,22.429,0,0,-0.13125,0.5,-0.5,0.5,0.5,
1,6,22.431,0,0,-0.13125,0.5,-0.5,0.5,0.5,
1,6,22.433,0,0,-0.13125,0.5,-0.5,0.5,0.5,
1,6,22.435,0,0,-0.13125,0.5,-0.5,0.5,0.5,
1,6,22.437,0,0,-0.13125,0.5,-0.5,0.5,0.5,
1,6,22.439,0,0,-0.13125,0.5,-0.5,0.5,0.5,
1,6,22.441,0,0,-0.13125,0.5,-0.5,0.5,0.5,
1,6,22.443,0,0,-0.13125,0.5,-0.5,0.5,0.5,
1,6,22.445,0,0,-0.13125,0.5,-0.5,0.5,0.5,
1,6,22.447,0,0,-0.13125,0.5,-0.5,0.5,0.5,
1,6,22.449,0,0,-0.13125,0.5,-0.5,0.5,0.5,
1,6,22.451,0,0,-0.13125,0.5,-0.5,0.5,0.5,
1,6,22.453,0,0,-0.13125,0.5,-0.5,0.5,0.5,
1,6,22.455,0,0,-0.13125,0.5,-0.5,0.5,0.5,
1,6,22.457,0,0,-0.13125,0.5,-0.5,0.5,0.5,
1,6,22.459,0,0,-0.13125,0.5,-0.5,0.5,0.5,
1,6,22.461,0,0,-0.13125,0.5,-0.5,0.5,0.5,
1,6,22.463,0,0,-0.13125,0.5,-0.5,0.5,0.5,
1,6,22.465,0,0,-0.13125,0.5,-0.5,0.5,0.5,
1,6,22.467,0,0,-0.13125,0.5,-0.5,0.5,0.5,
1,6,22.469,0,0,-0.13125,0.5,-0.5,0.5,0.5,
1,6,22.471,0,0,-0.13125,0.5,-0.5,0.5,0.5,
1,6,22.473,0,0,-0.13125,0.5,-0.5,0.5,0.5,
1,6,22.475,0,0,-0.13125,0.5,-0.5,0.5,0.5,
1,6,22.477,0,0,-0.13125,0.5,-0.5,0.5,0.5,
1,6,22.479,0,0,-0.13125,0.5,-0.5,0.5,0.5,
1,6,22.481,0,0,-0.13125,0.5,-0.5,0.5,0.5,
1,6,22.483,0,0,-0.13125,0.5,-0.5,0.5,0.5,
1,6,22.485,0,0,-0.13125,0.5,-0.5,0.5,0.5,
1,6,22.487,0,0,-0.13125,0.5,-0.5,0.5,0.5,
1,6,22.489,0,0,-0.13125,0.5,-0.5,0.5,0.5,
1,6,22.491,0,0,-0.13125,0.5,-0.5,0.5,0.5,
1,6,22.493,0,0,-0.13125,0.5,-0.5,0.5,0.5,
1,6,22.495,0,0,-0.13125,0.5,-0.5,0.5,0.5,
1,6,22.497,0,0,-0.13125,0.5,-0.5,0.5,0.5,
1,6,22.499,0,0,-0.13125,0.5,-0.5,0.5,0.5,
1,6,22.501,0,0,-0.13125,0.5,-0.5,0.5,0.5,
1,6,22.503,0,0,-0.13125,0.5,-0.5,0.5,0.5,
1,6,22.505,0,0,-0.13125,0.5,-0.5,0.5,0.5,
1,6,22.507,0,0,-0.13125,0.5,-0.5,0.5,0.5,
1,6,22.509,0,0,-0.13125,0.5,-0.5,0.5,0.5,
1,6,22.511,0,0,-0.13125,0.5,-0.5,0.5,0.5,
1,6,22.513,0,0,-0.13125,0.5,-0.5,0.5,0.5,
1,6,22.515,0,0,-0.13125,0.5,-0.5,0.5,0.5,
1,6,22.517,0,0,-0.13125,0.5,-0.5,0.5,0.5,
1,6,22.519,0,0,-0.13125,0.5,-0.5,0.5,0.5,
1,6,22.521,0,0,-0.13125,0.5,-0.5,0.5,0.5,
1,6,22.523,0,0,-0.13125,0.5,-0.5,0.5,0.5,
1,6,22.525,0,0,-0.13125,0.5,-0.5,0.5,0.5,
1,6,22.527,0,0,-0.13125,0.5,-0.5,0.5,0.5,
1,6,22.529,0,0,-0.13125,0.5,-0.5,0.5,0.5,
1,6,22.531,0,0,-0.13125,0.5,-0.5,0.5,0.5,
1,6,22.533,0,0,-0.13125,0.5,-0.5,0.5,0.5,
1,6,22.535,0,0,-0.13125,0.5,-0.5,0.5,0.5,
1,6,22.537,0,0,-0.13125,0.5,-0.5,0.5,0.5,
1,6,22.539,0,0,-0.13125,0.5,-0.5,0.5,0.5,
1,6,22.541,0,0,-0.13125,0.5,-0.5,0.5,0.5,
1,6,22.543,0,0,-0.13125,0.5,-0.5,0.5,0.5,
1,6,22.545,0,0,-0.13125,0.5,-0.5,0.5,0.5,
1,6,22.547,0,0,-0.13125,0.5,-0.5,0.5,0.5,
1,6,22.549,0,0,-0.13125,0.5,-0.5,0.5,0.5,
1,6,22.551,0,0,-0.13125,0.5,-0.5,0.5,0.5,
1,6,22.553,0,0,-0.13125,0.5,-0.5,0.5,0.5,
1,6,22.555,0,0,-0.13125,0.5,-0.5,0.5,0.5,
1,6,22.557,0,0,-0.13125,0.5,-0.5,0.5,0.5,
1,6,22.559,0,0,-0.13125,0.5,-0.5,0.5,0.5,
1,6,22.561,0,0,-0.13125,0.5,-0.5,0.5,0.5,
1,6,22.563,0,0,-0.13125,0.5,-0.5,0.5,0.5,
1,6,22.565,0,0,-0.13125,0.5,-0.5,0.5,0.5,
1,6,22.567,0,0,-0.13125,0.5,-0.5,0.5,0.5,
1,6,22.569,0,0,-0.13125,0.5,-0.5,0.5,0.5,
1,6,22.571,0,0,-0.13125,0.5,-0.5,0.5,0.5,
1,6,22.573,0,0,-0.13125,0.5,-0.5,0.5,0.5,
1,6,22.575,0,0,-0.13125,0.5,-0.5,0.5,0.5,
1,6,22.577,0,0,-0.13125,0.5,-0.5,0.5,0.5,
1,6,22.579,0,0,-0.13125,0.5,-0.5,0.5,0.5,
1,6,22.581,0,0,-0.13125,0.5,-0.5,0.5,0.5,
1,6,22.583,0,0,-0.13125,0.5,-0.5,0.5,0.5,
1,6,22.585,0,0,-0.13125,0.5,-0.5,0.5,0.5,
1,6,22.587,0,0,-0.13125,0.5,-0.5,0.5,0.5,
1,6,22.589,0,0,-0.13125,0.5,-0.5,0.5,0.5,
1,6,22.591,0,0,-0.13125,0.5,-0.5,0.5,0.5,
1,6,22.593,0,0,-0.13125,0.5,-0.5,0.5,0.5,
1,6,22.595,0,0,-0.13125,0.5,-0.5,0.5,0.5,
1,6,22.597,0,0,-0.13125,0.5,-0.5,0.5,0.5,
1,6,22.599,0,0,-0.13125,0.5,-0.5,0.5,0.5,
1,6,22.601,0,0,-0.13125,0.5,-0.5,0.5,0.5,
1,6,22.603,0,0,-0.13125,0.5,-0.5,0.5,0.5,
1,6,22.605,0,0,-0.13125,0.5,-0.5,0.5,0.5,
1,6,22.607,0,0,-0.13125,0.5,-0.5,0.5,0.5,
1,6,22.609,0,0,-0.13125,0.5,-0.5,0.5,0.5,
1,6,22.611,0,0,-0.13125,0.5,-0.5,0.5,0.5,
1,6,22.613,0,0,-0.13125,0.5,-0.5,0.5,0.5,
1,6,22.615,0,0,-0.13125,0.5,-0.5,0.5,0.5,
1,6,22.617,0,0,-0.13125,0.5,-0.5,0.5,0.5,
1,6,22.619,0,0,-0.13125,0.5,-0.5,0.5,0.5,
1,6,22.621,0,0,-0.13125,0.5,-0.5,0.5,0.5,
1,6,22.623,0,0,-0.13125,0.5,-0.5,0.5,0.5,
1,6,22.625,0,0,-0.13125,0.5,-0.5,0.5,0.5,
1,6,22.627,0,0,-0.13125,0.5,-0.5,0.5,0.5,
1,6,22.629,0,0,-0.13125,0.5,-0.5,0.5,0.5,
1,6,22.631,0,0,-0.13125,0.5,-0.5,0.5,0.5,
1,6,22.633,0,0,-0.13125,0.5,-0.5,0.5,0.5,
1,6,22.635,0,0,-0.13125,0.5,-0.5,0.5,0.5,
1,6,22.637,0,0,-0.13125,0.5,-0.5,0.5,0.5,
1,6,22.639,0,0,-0.13125,0.5,-0.5,0.5,0.5,
1,6,22.641,0,0,-0.13125,0.5,-0.5,0.5,0.5,
1,6,22.643,0,0,-0.13125,0.5,-0.5,0.5,0.5,
1,6,22.645,0,0,-0.13125,0.5,-0.5,0.5,0.5,
1,6,22.647,0,0,-0.13125,0.5,-0.5,0.5,0.5,
1,6,22.649,0,0,-0.13125,0.5,-0.5,0.5,0.5,
1,6,22.651,0,0,-0.13125,0.5,-0.5,0.5,0.5,
1,6,22.653,0,0,-0.13125,0.5,-0.5,0.5,0.5,
1,6,22.655,0,0,-0.13125,0.5,-0.5,0.5,0.5,
1,6,22.657,0,0,-0.13125,0.5,-0.5,0.5,0.5,
1,6,22.659,0,0,-0.13125,0.5,-0.5,0.5,0.5,
1,6,22.661,0,0,-0.13125,0.5,-0.5,0.5,0.5,
1,6,22.663,0,0,-0.13125,0.5,-0.5,0.5,0.5,
1,6,22.665,0,0,-0.13125,0.5,-0.5,0.5,0.5,
1,6,22.667,0,0,-0.13125,0.5,-0.5,0.5,0.5,
1,6,22.669,0,0,-0.13125,0.5,-0.5,0.5,0.5,
1,6,22.671,0,0,-0.13125,0.5,-0.5,0.5,0.5,
1,6,22.673,0,0,-0.13125,0.5,-0.5,0.5,0.5,
1,6,22.675,0,0,-0.13125,0.5,-0.5,0.5,0.5,
1,6,22.677,0,0,-0.13125,0.5,-0.5,0.5,0.5,
1,6,22.679,0,0,-0.13125,0.5,-0.5,0.5,0.5,
1,6,22.681,0,0,-0.13125,0.5,-0.5,0.5,0.5,
1,6,22.683,0,0,-0.13125,0.5,-0.5,0.5,0.5,
1,6,22.685,0,0,-0.13125,0.5,-0.5,0.5,0.5,
1,6,22.687,0,0,-0.13125,0.5,-0.5,0.5,0.5,
1,6,22.689,0,0,-0.13125,0.5,-0.5,0.5,0.5,
1,6,22.691,0,0,-0.13125,0.5,-0.5,0.5,0.5,
1,6,22.693,0,0,-0.13125,0.5,-0.5,0.5,0.5,
1,6,22.695,0,0,-0.13125,0.5,-0.5,0.5,0.5,
1,6,22.697,0,0,-0.13125,0.5,-0.5,0.5,0.5,
1,6,22.699,0,0,-0.13125,0.5,-0.5,0.5,0.5,
1,6,22.701,0,0,-0.13125,0.5,-0.5,0.5,0.5,
1,6,22.703,0,0,-0.13125,0.5,-0.5,0.5,0.5,
1,6,22.705,0,0,-0.13125,0.5,-0.5,0.5,0.5,
1,6,22.707,0,0,-0.13125,0.5,-0.5,0.5,0.5,
1,6,22.709,0,0,-0.13125,0.5,-0.5,0.5,0.5,
1,6,22.711,0,0,-0.13125,0.5,-0.5,0.5,0.5,
1,6,22.713,0,0,-0.13125,0.5,-0.5,0.5,0.5,
1,6,22.715,0,0,-0.13125,0.5,-0.5,0.5,0.5,
1,6,22.717,0,0,-0.13125,0.5,-0.5,0.5,0.5,
1,6,22.719,0,0,-0.13125,0.5,-0.5,0.5,0.5,
1,6,22.721,0,0,-0.13125,0.5,-0.5,0.5,0.5,
1,6,22.723,0,0,-0.13125,0.5,-0.5,0.5,0.5,
1,6,22.725,0,0,-0.13125,0.5,-0.5,0.5,0.5,
1,6,22.727,0,0,-0.13125,0.5,-0.5,0.5,0.5,
1,6,22.729,0,0,-0.13125,0.5,-0.5,0.5,0.5,
1,6,22.731,0,0,-0.13125,0.5,-0.5,0.5,0.5,
1,6,22.733,0,0,-0.13125,0.5,-0.5,0.5,0.5,
1,6,22.735,0,0,-0.13125,0.5,-0.5,0.5,0.5,
1,6,22.737,0,0,-0.13125,0.5,-0.5,0.5,0.5,
1,6,22.739,0,0,-0.13125,0.5,-0.5,0.5,0.5,
1,6,22.741,0,0,-0.13125,0.5,-0.5,0.5,0.5,
1,6,22.743,0,0,-0.13125,0.5,-0.5,0.5,0.5,
1,6,22.745,0,0,-0.13125,0.5,-0.5,0.5,0.5,
1,6,22.747,0,0,-0.13125,0.5,-0.5,0.5,0.5,
1,6,22.749,0,0,-0.13125,0.5,-0.5,0.5,0.5,
1,6,22.751,0,0,-0.13125,0.5,-0.5,0.5,0.5,
1,6,22.753,0,0,-0.13125,0.5,-0.5,0.5,0.5,
1,6,22.755,0,0,-0.13125,0.5,-0.5,0.5,0.5,
1,6,22.757,0,0,-0.13125,0.5,-0.5,0.5,0.5,
1,6,22.759,0,0,-0.13125,0.5,-0.5,0.5,0.5,
1,6,22.761,0,0,-0.13125,0.5,-0.5,0.5,0.5,
1,6,22.763,0,0,-0.13125,0.5,-0.5,0.5,0.5,
1,6,22.765,0,0,-0.13125,0.5,-0.5,0.5,0.5,
1,6,22.767,0,0,-0.13125,0.5,-0.5,0.5,0.5,
1,6,22.769,0,0,-0.13125,0.5,-0.5,0.5,0.5,
1,6,22.771,0,0,-0.13125,0.5,-0.5,0.5,0.5,
1,6,22.773,0,0,-0.13125,0.5,-0.5,0.5,0.5,
1,6,22.775,0,0,-0.13125,0.5,-0.5,0.5,0.5,
1,6,22.777,0,0,-0.13125,0.5,-0.5,0.5,0.5,
1,6,22.779,0,0,-0.13125,0.5,-0.5,0.5,0.5,
1,6,22.781,0,0,-0.13125,0.5,-0.5,0.5,0.5,
1,6,22.783,0,0,-0.13125,0.5,-0.5,0.5,0.5,
1,6,22.785,0,0,-0.13125,0.5,-0.5,0.5,0.5,
1,6,22.787,0,0,-0.13125,0.5,-0.5,0.5,0.5,
1,6,22.789,0,0,-0.13125,0.5,-0.5,0.5,0.5,
1,6,22.791,0,0,-0.13125,0.5,-0.5,0.5,0.5,
1,6,22.793,0,0,-0.13125,0.5,-0.5,0.5,0.5,
1,6,22.795,0,0,-0.13125,0.5,-0.5,0.5,0.5,
1,6,22.797,0,0,-0.13125,0.5,-0.5,0.5,0.5,
1,6,22.799,0,0,-0.13125,0.5,-0.5,0.5,0.5,
1,6,22.801,0,0,-0.13125,0.5,-0.5,0.5,0.5,
1,6,22.803,0,0,-0.13125,0.5,-0.5,0.5,0.5,
1,6,22.805,0,0,-0.13125,0.5,-0.5,0.5,0.5,
1,6,22.807,0,0,-0.13125,0.5,-0.5,0.5,0.5,
1,6,22.809,0,0,-0.13125,0.5,-0.5,0.5,0.5,
1,6,22.811,0,0,-0.13125,0.5,-0.5,0.5,0.5,
1,6,22.813,0,0,-0.13125,0.5,-0.5,0.5,0.5,
1,6,22.815,0,0,-0.13125,0.5,-0.5,0.5,0.5,
1,6,22.817,0,0,-0.13125,0.5,-0.5,0.5,0.5,
1,6,22.819,0,0,-0.13125,0.5,-0.5,0.5,0.5,
1,6,22.821,0,0,-0.13125,0.5,-0.5,0.5,0.5,
1,6,22.823,0,0,-0.13125,0.5,-0.5,0.5,0.5,
1,6,22.825,0,0,-0.13125,0.5,-0.5,0.5,0.5,
1,6,22.827,0,0,-0.13125,0.5,-0.5,0.5,0.5,
1,6,22.829,0,0,-0.13125,0.5,-0.5,0.5,0.5,
1,6,22.831,0,0,-0.13125,0.5,-0.5,0.5,0.5,
1,6,22.833,0,0,-0.13125,0.5,-0.5,0.5,0.5,
1,6,22.835,0,0,-0.13125,0.5,-0.5,0.5,0.5,
1,6,22.837,0,0,-0.13125,0.5,-0.5,0.5,0.5,
1,6,22.839,0,0,-0.13125,0.5,-0.5,0.5,0.5,
1,6,22.841,0,0,-0.13125,0.5,-0.5,0.5,0.5,
1,6,22.843,0,0,-0.13125,0.5,-0.5,0.5,0.5,
1,6,22.845,0,0,-0.13125,0.5,-0.5,0.5,0.5,
1,6,22.847,0,0,-0.13125,0.5,-0.5,0.5,0.5,
1,6,22.849,0,0,-0.13125,0.5,-0.5,0.5,0.5,
1,6,22.851,0,0,-0.13125,0.5,-0.5,0.5,0.5,
1,6,22.853,0,0,-0.13125,0.5,-0.5,0.5,0.5,
1,6,22.855,0,0,-0.13125,0.5,-0.5,0.5,0.5,
1,6,22.857,0,0,-0.13125,0.5,-0.5,0.5,0.5,
1,6,22.859,0,0,-0.13125,0.5,-0.5,0.5,0.5,
1,6,22.861,0,0,-0.13125,0.5,-0.5,0.5,0.5,
1,6,22.863,0,0,-0.13125,0.5,-0.5,0.5,0.5,
1,6,22.865,0,0,-0.13125,0.5,-0.5,0.5,0.5,
1,6,22.867,0,0,-0.13125,0.5,-0.5,0.5,0.5,
1,6,22.869,0,0,-0.13125,0.5,-0.5,0.5,0.5,
1,6,22.871,0,0,-0.13125,0.5,-0.5,0.5,0.5,
1,6,22.873,0,0,-0.13125,0.5,-0.5,0.5,0.5,
1,6,22.875,0,0,-0.13125,0.5,-0.5,0.5,0.5,
1,6,22.877,0,0,-0.13125,0.5,-0.5,0.5,0.5,
1,6,22.879,0,0,-0.13125,0.5,-0.5,0.5,0.5,
1,6,22.881,0,0,-0.13125,0.5,-0.5,0.5,0.5,
1,6,22.883,0,0,-0.13125,0.5,-0.5,0.5,0.5,
1,6,22.885,0,0,-0.13125,0.5,-0.5,0.5,0.5,
1,6,22.887,0,0,-0.13125,0.5,-0.5,0.5,0.5,
1,6,22.889,0,0,-0.13125,0.5,-0.5,0.5,0.5,
1,6,22.891,0,0,-0.13125,0.5,-0.5,0.5,0.5,
1,6,22.893,0,0,-0.13125,0.5,-0.5,0.5,0.5,
1,6,22.895,0,0,-0.13125,0.5,-0.5,0.5,0.5,
1,6,22.897,0,0,-0.13125,0.5,-0.5,0.5,0.5,
1,6,22.899,0,0,-0.13125,0.5,-0.5,0.5,0.5,
1,6,22.901,0,0,-0.13125,0.5,-0.5,0.5,0.5,
1,6,22.903,0,0,-0.13125,0.5,-0.5,0.5,0.5,
1,6,22.905,0,0,-0.13125,0.5,-0.5,0.5,0.5,
1,6,22.907,0,0,-0.13125,0.5,-0.5,0.5,0.5,
1,6,22.909,0,0,-0.13125,0.5,-0.5,0.5,0.5,
1,6,22.911,0,0,-0.13125,0.5,-0.5,0.5,0.5,
1,6,22.913,0,0,-0.13125,0.5,-0.5,0.5,0.5,
1,6,22.915,0,0,-0.13125,0.5,-0.5,0.5,0.5,
1,6,22.917,0,0,-0.13125,0.5,-0.5,0.5,0.5,
1,6,22.919,0,0,-0.13125,0.5,-0.5,0.5,0.5,
1,6,22.921,0,0,-0.13125,0.5,-0.5,0.5,0.5,
1,6,22.923,0,0,-0.13125,0.5,-0.5,0.5,0.5,
1,6,22.925,0,0,-0.13125,0.5,-0.5,0.5,0.5,
1,6,22.927,0,0,-0.13125,0.5,-0.5,0.5,0.5,
1,6,22.929,0,0,-0.13125,0.5,-0.5,0.5,0.5,
1,6,22.931,0,0,-0.13125,0.5,-0.5,0.5,0.5,
1,6,22.933,0,0,-0.13125,0.5,-0.5,0.5,0.5,
1,6,22.935,0,0,-0.13125,0.5,-0.5,0.5,0.5,
1,6,22.937,0,0,-0.13125,0.5,-0.5,0.5,0.5,
1,6,22.939,0,0,-0.13125,0.5,-0.5,0.5,0.5,
1,6,22.941,0,0,-0.13125,0.5,-0.5,0.5,0.5,
1,6,22.943,0,0,-0.13125,0.5,-0.5,0.5,0.5,
1,6,22.945,0,0,-0.13125,0.5,-0.5,0.5,0.5,
1,6,22.947,0,0,-0.13125,0.5,-0.5,0.5,0.5,
1,6,22.949,0,0,-0.13125,0.5,-0.5,0.5,0.5,
1,6,22.951,0,0,-0.13125,0.5,-0.5,0.5,0.5,
1,6,22.953,0,0,-0.13125,0.5,-0.5,0.5,0.5,
1,6,22.955,0,0,-0.13125,0.5,-0.5,0.5,0.5,
1,6,22.957,0,0,-0.13125,0.5,-0.5,0.5,0.5,
1,6,22.959,0,0,-0.13125,0.5,-0.5,0.5,0.5,
1,6,22.961,0,0,-0.13125,0.5,-0.5,0.5,0.5,
1,6,22.963,0,0,-0.13125,0.5,-0.5,0.5,0.5,
1,6,22.965,0,0,-0.13125,0.5,-0.5,0.5,0.5,
1,6,22.967,0,0,-0.13125,0.5,-0.5,0.5,0.5,
1,6,22.969,0,0,-0.13125,0.5,-0.5,0.5,0.5,
1,6,22.971,0,0,-0.13125,0.5,-0.5,0.5,0.5,
1,6,22.973,0,0,-0.13125,0.5,-0.5,0.5,0.5,
1,6,22.975,0,0,-0.13125,0.5,-0.5,0.5,0.5,
1,6,22.977,0,0,-0.13125,0.5,-0.5,0.5,0.5,
1,6,22.979,0,0,-0.13125,0.5,-0.5,0.5,0.5,
1,6,22.981,0,0,-0.13125,0.5,-0.5,0.5,0.5,
1,6,22.983,0,0,-0.13125,0.5,-0.5,0.5,0.5,
1,6,22.985,0,0,-0.13125,0.5,-0.5,0.5,0.5,
1,6,22.987,0,0,-0.13125,0.5,-0.5,0.5,0.5,
1,6,22.989,0,0,-0.13125,0.5,-0.5,0.5,0.5,
1,6,22.991,0,0,-0.13125,0.5,-0.5,0.5,0.5,
1,6,22.993,0,0,-0.13125,0.5,-0.5,0.5,0.5,
1,6,22.995,0,0,-0.13125,0.5,-0.5,0.5,0.5,
1,6,22.997,0,0,-0.13125,0.5,-0.5,0.5,0.5,
1,6,22.999,0,0,-0.13125,0.5,-0.5,0.5,0.5,
1,6,23.001,0,0,-0.13125,0.5,-0.5,0.5,0.5,
1,6,23.003,0,0,-0.13125,0.5,-0.5,0.5,0.5,
1,6,23.005,0,0,-0.13125,0.5,-0.5,0.5,0.5,
1,6,23.007,0,0,-0.13125,0.5,-0.5,0.5,0.5,
1,6,23.009,0,0,-0.13125,0.5,-0.5,0.5,0.5,
1,6,23.011,0,0,-0.13125,0.5,-0.5,0.5,0.5,
1,6,23.013,0,0,-0.13125,0.5,-0.5,0.5,0.5,
1,6,23.015,0,0,-0.13125,0.5,-0.5,0.5,0.5,
1,6,23.017,0,0,-0.13125,0.5,-0.5,0.5,0.5,
1,6,23.019,0,0,-0.13125,0.5,-0.5,0.5,0.5,
1,6,23.021,0,0,-0.13125,0.5,-0.5,0.5,0.5,
1,6,23.023,0,0,-0.13125,0.5,-0.5,0.5,0.5,
1,6,23.025,0,0,-0.13125,0.5,-0.5,0.5,0.5,
1,6,23.027,0,0,-0.13125,0.5,-0.5,0.5,0.5,
1,6,23.029,0,0,-0.13125,0.5,-0.5,0.5,0.5,
1,6,23.031,0,0,-0.13125,0.5,-0.5,0.5,0.5,
1,6,23.033,0,0,-0.13125,0.5,-0.5,0.5,0.5,
1,6,23.035,0,0,-0.13125,0.5,-0.5,0.5,0.5,
1,6,23.037,0,0,-0.13125,0.5,-0.5,0.5,0.5,
1,6,23.039,0,0,-0.13125,0.5,-0.5,0.5,0.5,
1,6,23.041,0,0,-0.13125,0.5,-0.5,0.5,0.5,
1,6,23.043,0,0,-0.13125,0.5,-0.5,0.5,0.5,
1,6,23.045,0,0,-0.13125,0.5,-0.5,0.5,0.5,
1,6,23.047,0,0,-0.13125,0.5,-0.5,0.5,0.5,
1,6,23.049,0,0,-0.13125,0.5,-0.5,0.5,0.5,
1,6,23.051,0,0,-0.13125,0.5,-0.5,0.5,0.5,
1,6,23.053,0,0,-0.13125,0.5,-0.5,0.5,0.5,
1,6,23.055,0,0,-0.13125,0.5,-0.5,0.5,0.5,
1,6,23.057,0,0,-0.13125,0.5,-0.5,0.5,0.5,
1,6,23.059,0,0,-0.13125,0.5,-0.5,0.5,0.5,
1,6,23.061,0,0,-0.13125,0.5,-0.5,0.5,0.5,
1,6,23.063,0,0,-0.13125,0.5,-0.5,0.5,0.5,
1,6,23.065,0,0,-0.13125,0.5,-0.5,0.5,0.5,
1,6,23.067,0,0,-0.13125,0.5,-0.5,0.5,0.5,
1,6,23.069,0,0,-0.13125,0.5,-0.5,0.5,0.5,
1,6,23.071,0,0,-0.13125,0.5,-0.5,0.5,0.5,
1,6,23.073,0,0,-0.13125,0.5,-0.5,0.5,0.5,
1,6,23.075,0,0,-0.13125,0.5,-0.5,0.5,0.5,
1,6,23.077,0,0,-0.13125,0.5,-0.5,0.5,0.5,
1,6,23.079,0,0,-0.13125,0.5,-0.5,0.5,0.5,
1,6,23.081,0,0,-0.13125,0.5,-0.5,0.5,0.5,
1,6,23.083,0,0,-0.13125,0.5,-0.5,0.5,0.5,
1,6,23.085,0,0,-0.13125,0.5,-0.5,0.5,0.5,
1,6,23.087,0,0,-0.13125,0.5,-0.5,0.5,0.5,
1,6,23.089,0,0,-0.13125,0.5,-0.5,0.5,0.5,
1,6,23.091,0,0,-0.13125,0.5,-0.5,0.5,0.5,
1,6,23.093,0,0,-0.13125,0.5,-0.5,0.5,0.5,
1,6,23.095,0,0,-0.13125,0.5,-0.5,0.5,0.5,
1,6,23.097,0,0,-0.13125,0.5,-0.5,0.5,0.5,
1,6,23.099,0,0,-0.13125,0.5,-0.5,0.5,0.5,
1,6,23.101,0,0,-0.13125,0.5,-0.5,0.5,0.5,
1,6,23.103,0,0,-0.13125,0.5,-0.5,0.5,0.5,
1,6,23.105,0,0,-0.13125,0.5,-0.5,0.5,0.5,
1,6,23.107,0,0,-0.13125,0.5,-0.5,0.5,0.5,
1,6,23.109,0,0,-0.13125,0.5,-0.5,0.5,0.5,
1,6,23.111,0,0,-0.13125,0.5,-0.5,0.5,0.5,
1,6,23.113,0,0,-0.13125,0.5,-0.5,0.5,0.5,
1,6,23.115,0,0,-0.13125,0.5,-0.5,0.5,0.5,
1,6,23.117,0,0,-0.13125,0.5,-0.5,0.5,0.5,
1,6,23.119,0,0,-0.13125,0.5,-0.5,0.5,0.5,
1,6,23.121,0,0,-0.13125,0.5,-0.5,0.5,0.5,
1,6,23.123,0,0,-0.13125,0.5,-0.5,0.5,0.5,
1,6,23.125,0,0,-0.13125,0.5,-0.5,0.5,0.5,
1,6,23.127,0,0,-0.13125,0.5,-0.5,0.5,0.5,
1,6,23.129,0,0,-0.13125,0.5,-0.5,0.5,0.5,
1,6,23.131,0,0,-0.13125,0.5,-0.5,0.5,0.5,
1,6,23.133,0,0,-0.13125,0.5,-0.5,0.5,0.5,
1,6,23.135,0,0,-0.13125,0.5,-0.5,0.5,0.5,
1,6,23.137,0,0,-0.13125,0.5,-0.5,0.5,0.5,
1,6,23.139,0,0,-0.13125,0.5,-0.5,0.5,0.5,
1,6,23.141,0,0,-0.13125,0.5,-0.5,0.5,0.5,
1,6,23.143,0,0,-0.13125,0.5,-0.5,0.5,0.5,
1,6,23.145,0,0,-0.13125,0.5,-0.5,0.5,0.5,
1,6,23.147,0,0,-0.13125,0.5,-0.5,0.5,0.5,
1,6,23.149,0,0,-0.13125,0.5,-0.5,0.5,0.5,
1,6,23.151,0,0,-0.13125,0.5,-0.5,0.5,0.5,
1,6,23.153,0,0,-0.13125,0.5,-0.5,0.5,0.5,
1,6,23.155,0,0,-0.13125,0.5,-0.5,0.5,0.5,
1,6,23.157,0,0,-0.13125,0.5,-0.5,0.5,0.5,
1,6,23.159,0,0,-0.13125,0.5,-0.5,0.5,0.5,
1,6,23.161,0,0,-0.13125,0.5,-0.5,0.5,0.5,
1,6,23.163,0,0,-0.13125,0.5,-0.5,0.5,0.5,
1,6,23.165,0,0,-0.13125,0.5,-0.5,0.5,0.5,
1,6,23.167,0,0,-0.13125,0.5,-0.5,0.5,0.5,
1,6,23.169,0,0,-0.13125,0.5,-0.5,0.5,0.5,
1,6,23.171,0,0,-0.13125,0.5,-0.5,0.5,0.5,
1,6,23.173,0,0,-0.13125,0.5,-0.5,0.5,0.5,
1,6,23.175,0,0,-0.13125,0.5,-0.5,0.5,0.5,
1,6,23.177,0,0,-0.13125,0.5,-0.5,0.5,0.5,
1,6,23.179,0,0,-0.13125,0.5,-0.5,0.5,0.5,
1,6,23.181,0,0,-0.13125,0.5,-0.5,0.5,0.5,
1,6,23.183,0,0,-0.13125,0.5,-0.5,0.5,0.5,
1,6,23.185,0,0,-0.13125,0.5,-0.5,0.5,0.5,
1,6,23.187,0,0,-0.13125,0.5,-0.5,0.5,0.5,
1,6,23.189,0,0,-0.13125,0.5,-0.5,0.5,0.5,
1,6,23.191,0,0,-0.13125,0.5,-0.5,0.5,0.5,
1,6,23.193,0,0,-0.13125,0.5,-0.5,0.5,0.5,
1,6,23.195,0,0,-0.13125,0.5,-0.5,0.5,0.5,
1,6,23.197,0,0,-0.13125,0.5,-0.5,0.5,0.5,
1,6,23.199,0,0,-0.13125,0.5,-0.5,0.5,0.5,
1,6,23.201,0,0,-0.13125,0.5,-0.5,0.5,0.5,
1,6,23.203,0,0,-0.13125,0.5,-0.5,0.5,0.5,
1,6,23.205,0,0,-0.13125,0.5,-0.5,0.5,0.5,
1,6,23.207,0,0,-0.13125,0.5,-0.5,0.5,0.5,
1,6,23.209,0,0,-0.13125,0.5,-0.5,0.5,0.5,
1,6,23.211,0,0,-0.13125,0.5,-0.5,0.5,0.5,
1,6,23.213,0,0,-0.13125,0.5,-0.5,0.5,0.5,
1,6,23.215,0,0,-0.13125,0.5,-0.5,0.5,0.5,
1,6,23.217,0,0,-0.13125,0.5,-0.5,0.5,0.5,
1,6,23.219,0,0,-0.13125,0.5,-0.5,0.5,0.5,
1,6,23.221,0,0,-0.13125,0.5,-0.5,0.5,0.5,
1,6,23.223,0,0,-0.13125,0.5,-0.5,0.5,0.5,
1,6,23.225,0,0,-0.13125,0.5,-0.5,0.5,0.5,
1,6,23.227,0,0,-0.13125,0.5,-0.5,0.5,0.5,
1,6,23.229,0,0,-0.13125,0.5,-0.5,0.5,0.5,
1,6,23.231,0,0,-0.13125,0.5,-0.5,0.5,0.5,
1,6,23.233,0,0,-0.13125,0.5,-0.5,0.5,0.5,
1,6,23.235,0,0,-0.13125,0.5,-0.5,0.5,0.5,
1,6,23.237,0,0,-0.13125,0.5,-0.5,0.5,0.5,
1,6,23.239,0,0,-0.13125,0.5,-0.5,0.5,0.5,
1,6,23.241,0,0,-0.13125,0.5,-0.5,0.5,0.5,
1,6,23.243,0,0,-0.13125,0.5,-0.5,0.5,0.5,
1,6,23.245,0,0,-0.13125,0.5,-0.5,0.5,0.5,
1,6,23.247,0,0,-0.13125,0.5,-0.5,0.5,0.5,
1,6,23.249,0,0,-0.13125,0.5,-0.5,0.5,0.5,
1,6,23.251,0,0,-0.13125,0.5,-0.5,0.5,0.5,
1,6,23.253,0,0,-0.13125,0.5,-0.5,0.5,0.5,
1,6,23.255,0,0,-0.13125,0.5,-0.5,0.5,0.5,
1,6,23.257,0,0,-0.13125,0.5,-0.5,0.5,0.5,
1,6,23.259,0,0,-0.13125,0.5,-0.5,0.5,0.5,
1,6,23.261,0,0,-0.13125,0.5,-0.5,0.5,0.5,
1,6,23.263,0,0,-0.13125,0.5,-0.5,0.5,0.5,CourtEnter
1,6,23.265,0,0,-0.13125,0.5,-0.5,0.5,0.5,
1,6,23.267,0,0,-0.13125,0.5,-0.5,0.5,0.5,
1,6,23.269,0,0,-0.13125,0.5,-0.5,0.5,0.5,
1,6,23.271,0,0,-0.13125,0.5,-0.5,0.5,0.5,
1,6,23.273,0,0,-0.13125,0.5,-0.5,0.5,0.5,CourtExit
1,6,23.275,0,0,-0.13125,0.5,-0.5,0.5,0.5,
1,6,23.277,0,0,-0.13125,0.5,-0.5,0.5,0.5,
1,6,23.279,0,0,-0.13125,0.5,-0.5,0.5,0.5,
1,6,23.281,0,0,-0.13125,0.5,-0.5,0.5,0.5,
1,6,23.283,0,0,-0.13125,0.5,-0.5,0.5,0.5,
1,6,23.285,0,0,-0.13125,0.5,-0.5,0.5,0.5,
1,6,23.287,0,0,-0.13125,0.5,-0.5,0.5,0.5,
1,6,23.289,0,0,-0.13125,0.5,-0.5,0.5,0.5,
1,6,23.291,0,0,-0.13125,0.5,-0.5,0.5,0.5,
1,6,23.293,0,0,-0.13125,0.5,-0.5,0.5,0.5,
1,6,23.295,0,0,-0.13125,0.5,-0.5,0.5,0.5,
1,6,23.297,0,0,-0.13125,0.5,-0.5,0.5,0.5,
1,6,23.299,0,0,-0.13125,0.5,-0.5,0.5,0.5,
1,6,23.301,0,0,-0.13125,0.5,-0.5,0.5,0.5,
1,6,23.303,0,0,-0.13125,0.5,-0.5,0.5,0.5,
1,6,23.305,0,0,-0.13125,0.5,-0.5,0.5,0.5,
1,6,23.307,0,0,-0.13125,0.5,-0.5,0.5,0.5,
1,6,23.309,0,0,-0.13125,0.5,-0.5,0.5,0.5,
1,6,23.311,0,0,-0.13125,0.5,-0.5,0.5,0.5,
1,6,23.313,0,0,-0.13125,0.5,-0.5,0.5,0.5,
1,6,23.315,0,0,-0.13125,0.5,-0.5,0.5,0.5,
1,6,23.317,0,0,-0.13125,0.5,-0.5,0.5,0.5,
1,6,23.319,0,0,-0.13125,0.5,-0.5,0.5,0.5,
1,6,23.321,0,0,-0.13125,0.5,-0.5,0.5,0.5,
1,6,23.323,0,0,-0.13125,0.5,-0.5,0.5,0.5,
1,6,23.325,0,0,-0.13125,0.5,-0.5,0.5,0.5,
1,6,23.327,0,0,-0.13125,0.5,-0.5,0.5,0.5,
1,6,23.329,0,0,-0.13125,0.5,-0.5,0.5,0.5,
1,6,23.331,0,0,-0.13125,0.5,-0.5,0.5,0.5,
1,6,23.333,0,0,-0.13125,0.5,-0.5,0.5,0.5,
1,6,23.335,0,0,-0.13125,0.5,-0.5,0.5,0.5,
1,6,23.337,0,0,-0.13125,0.5,-0.5,0.5,0.5,
1,6,23.339,0,0,-0.13125,0.5,-0.5,0.5,0.5,
1,6,23.341,0,0,-0.13125,0.5,-0.5,0.5,0.5,
1,6,23.343,0,0,-0.13125,0.5,-0.5,0.5,0.5,
1,6,23.345,0,0,-0.13125,0.5,-0.5,0.5,0.5,
1,6,23.347,0,0,-0.13125,0.5,-0.5,0.5,0.5,
1,6,23.349,0,0,-0.13125,0.5,-0.5,0.5,0.5,
1,6,23.351,0,0,-0.13125,0.5,-0.5,0.5,0.5,
1,6,23.353,0,0,-0.13125,0.5,-0.5,0.5,0.5,
1,6,23.355,0,0,-0.13125,0.5,-0.5,0.5,0.5,
1,6,23.357,0,0,-0.13125,0.5,-0.5,0.5,0.5,
1,6,23.359,0,0,-0.13125,0.5,-0.5,0.5,0.5,
1,6,23.361,0,0,-0.13125,0.5,-0.5,0.5,0.5,
1,6,23.363,0,0,-0.13125,0.5,-0.5,0.5,0.5,
1,6,23.365,0,0,-0.13125,0.5,-0.5,0.5,0.5,
1,6,23.367,0,0,-0.13125,0.5,-0.5,0.5,0.5,
1,6,23.369,0,0,-0.13125,0.5,-0.5,0.5,0.5,
1,6,23.371,0,0,-0.13125,0.5,-0.5,0.5,0.5,
1,6,23.373,0,0,-0.13125,0.5,-0.5,0.5,0.5,
1,6,23.375,0,0,-0.13125,0.5,-0.5,0.5,0.5,
1,6,23.377,0,0,-0.13125,0.5,-0.5,0.5,0.5,
1,6,23.379,0,0,-0.13125,0.5,-0.5,0.5,0.5,
1,6,23.381,0,0,-0.13125,0.5,-0.5,0.5,0.5,
1,6,23.383,0,0,-0.13125,0.5,-0.5,0.5,0.5,
1,6,23.385,0,0,-0.13125,0.5,-0.5,0.5,0.5,
1,6,23.387,0,0,-0.13125,0.5,-0.5,0.5,0.5,
1,6,23.389,0,0,-0.13125,0.5,-0.5,0.5,0.5,
1,6,23.391,0,0,-0.13125,0.5,-0.5,0.5,0.5,
1,6,23.393,0,0,-0.13125,0.5,-0.5,0.5,0.5,
1,6,23.395,0,0,-0.13125,0.5,-0.5,0.5,0.5,
1,6,23.397,0,0,-0.13125,0.5,-0.5,0.5,0.5,
1,6,23.399,0,0,-0.13125,0.5,-0.5,0.5,0.5,
1,6,23.401,0,0,-0.13125,0.5,-0.5,0.5,0.5,
1,6,23.403,0,0,-0.13125,0.5,-0.5,0.5,0.5,
1,6,23.405,0,0,-0.13125,0.5,-0.5,0.5,0.5,
1,6,23.407,0,0,-0.13125,0.5,-0.5,0.5,0.5,
1,6,23.409,0,0,-0.13125,0.5,-0.5,0.5,0.5,
1,6,23.411,0,0,-0.13125,0.5,-0.5,0.5,0.5,
1,6,23.413,0,0,-0.13125,0.5,-0.5,0.5,0.5,
1,6,23.415,0,0,-0.13125,0.5,-0.5,0.5,0.5,
1,6,23.417,0,0,-0.13125,0.5,-0.5,0.5,0.5,
1,6,23.419,0,0,-0.13125,0.5,-0.5,0.5,0.5,
1,6,23.421,0,0,-0.13125,0.5,-0.5,0.5,0.5,
1,6,23.423,0,0,-0.13125,0.5,-0.5,0.5,0.5,
1,6,23.425,0,0,-0.13125,0.5,-0.5,0.5,0.5,
1,6,23.427,0,0,-0.13125,0.5,-0.5,0.5,0.5,
1,6,23.429,0,0,-0.13125,0.5,-0.5,0.5,0.5,
1,6,23.431,0,0,-0.13125,0.5,-0.5,0.5,0.5,
1,6,23.433,0,0,-0.13125,0.5,-0.5,0.5,0.5,
1,6,23.435,0,0,-0.13125,0.5,-0.5,0.5,0.5,
1,6,23.437,0,0,-0.13125,0.5,-0.5,0.5,0.5,
1,6,23.439,0,0,-0.13125,0.5,-0.5,0.5,0.5,
1,6,23.441,0,0,-0.13125,0.5,-0.5,0.5,0.5,
1,6,23.443,0,0,-0.13125,0.5,-0.5,0.5,0.5,
1,6,23.445,0,0,-0.13125,0.5,-0.5,0.5,0.5,
1,6,23.447,0,0,-0.13125,0.5,-0.5,0.5,0.5,
1,6,23.449,0,0,-0.13125,0.5,-0.5,0.5,0.5,
1,6,23.451,0,0,-0.13125,0.5,-0.5,0.5,0.5,
1,6,23.453,0,0,-0.13125,0.5,-0.5,0.5,0.5,
1,6,23.455,0,0,-0.13125,0.5,-0.5,0.5,0.5,
1,6,23.457,0,0,-0.13125,0.5,-0.5,0.5,0.5,
1,6,23.459,0,0,-0.13125,0.5,-0.5,0.5,0.5,
1,6,23.461,0,0,-0.13125,0.5,-0.5,0.5,0.5,
1,6,23.463,0,0,-0.13125,0.5,-0.5,0.5,0.5,
1,6,23.465,0,0,-0.13125,0.5,-0.5,0.5,0.5,
1,6,23.467,0,0,-0.13125,0.5,-0.5,0.5,0.5,
1,6,23.469,0,0,-0.13125,0.5,-0.5,0.5,0.5,
1,6,23.471,0,0,-0.13125,0.5,-0.5,0.5,0.5,
1,6,23.473,0,0,-0.13125,0.5,-0.5,0.5,0.5,
1,6,23.475,0,0,-0.13125,0.5,-0.5,0.5,0.5,
1,6,23.477,0,0,-0.13125,0.5,-0.5,0.5,0.5,
1,6,23.479,0,0,-0.13125,0.5,-0.5,0.5,0.5,
1,6,23.481,0,0,-0.13125,0.5,-0.5,0.5,0.5,
1,6,23.483,0,0,-0.13125,0.5,-0.5,0.5,0.5,
1,6,23.485,0,0,-0.13125,0.5,-0.5,0.5,0.5,
1,6,23.487,0,0,-0.13125,0.5,-0.5,0.5,0.5,
1,6,23.489,0,0,-0.13125,0.5,-0.5,0.5,0.5,
1,6,23.491,0,0,-0.13125,0.5,-0.5,0.5,0.5,
1,6,23.493,0,0,-0.13125,0.5,-0.5,0.5,0.5,
1,6,23.495,0,0,-0.13125,0.5,-0.5,0.5,0.5,
1,6,23.497,0,0,-0.13125,0.5,-0.5,0.5,0.5,
1,6,23.499,0,0,-0.13125,0.5,-0.5,0.5,0.5,
1,6,23.501,0,0,-0.13125,0.5,-0.5,0.5,0.5,
1,6,23.503,0,0,-0.13125,0.5,-0.5,0.5,0.5,
1,6,23.505,0,0,-0.13125,0.5,-0.5,0.5,0.5,
1,6,23.507,0,0,-0.13125,0.5,-0.5,0.5,0.5,
1,6,23.509,0,0,-0.13125,0.5,-0.5,0.5,0.5,
1,6,23.511,0,0,-0.13125,0.5,-0.5,0.5,0.5,
1,6,23.513,0,0,-0.13125,0.5,-0.5,0.5,0.5,
1,6,23.515,0,0,-0.13125,0.5,-0.5,0.5,0.5,
1,6,23.517,0,0,-0.13125,0.5,-0.5,0.5,0.5,
1,6,23.519,0,0,-0.13125,0.5,-0.5,0.5,0.5,
1,6,23.521,0,0,-0.13125,0.5,-0.5,0.5,0.5,
1,6,23.523,0,0,-0.13125,0.5,-0.5,0.5,0.5,
1,6,23.525,0,0,-0.13125,0.5,-0.5,0.5,0.5,
1,6,23.527,0,0,-0.13125,0.5,-0.5,0.5,0.5,
1,6,23.529,0,0,-0.13125,0.5,-0.5,0.5,0.5,
1,6,23.531,0,0,-0.13125,0.5,-0.5,0.5,0.5,
1,6,23.533,0,0,-0.13125,0.5,-0.5,0.5,0.5,
1,6,23.535,0,0,-0.13125,0.5,-0.5,0.5,0.5,
1,6,23.537,0,0,-0.13125,0.5,-0.5,0.5,0.5,
1,6,23.539,0,0,-0.13125,0.5,-0.5,0.5,0.5,
1,6,23.541,0,0,-0.13125,0.5,-0.5,0.5,0.5,
1,6,23.543,0,0,-0.13125,0.5,-0.5,0.5,0.5,
1,6,23.545,0,0,-0.13125,0.5,-0.5,0.5,0.5,
1,6,23.547,0,0,-0.13125,0.5,-0.5,0.5,0.5,
1,6,23.549,0,0,-0.13125,0.5,-0.5,0.5,0.5,
1,6,23.551,0,0,-0.13125,0.5,-0.5,0.5,0.5,
1,6,23.553,0,0,-0.13125,0.5,-0.5,0.5,0.5,
1,6,23.555,0,0,-0.13125,0.5,-0.5,0.5,0.5,
1,6,23.557,0,0,-0.13125,0.5,-0.5,0.5,0.5,
1,6,23.559,0,0,-0.13125,0.5,-0.5,0.5,0.5,
1,6,23.561,0,0,-0.13125,0.5,-0.5,0.5,0.5,
1,6,23.563,0,0,-0.13125,0.5,-0.5,0.5,0.5,
1,6,23.565,0,0,-0.13125,0.5,-0.5,0.5,0.5,
1,6,23.567,0,0,-0.13125,0.5,-0.5,0.5,0.5,
1,6,23.569,0,0,-0.13125,0.5,-0.5,0.5,0.5,
1,6,23.571,0,0,-0.13125,0.5,-0.5,0.5,0.5,
1,6,23.573,0,0,-0.13125,0.5,-0.5,0.5,0.5,
1,6,23.575,0,0,-0.13125,0.5,-0.5,0.5,0.5,
1,6,23.577,0,0,-0.13125,0.5,-0.5,0.5,0.5,
1,6,23.579,0,0,-0.13125,0.5,-0.5,0.5,0.5,
1,6,23.581,0,0,-0.13125,0.5,-0.5,0.5,0.5,
1,6,23.583,0,0,-0.13125,0.5,-0.5,0.5,0.5,
1,6,23.585,0,0,-0.13125,0.5,-0.5,0.5,0.5,
1,6,23.587,0,0,-0.13125,0.5,-0.5,0.5,0.5,
1,6,23.589,0,0,-0.13125,0.5,-0.5,0.5,0.5,
1,6,23.591,0,0,-0.13125,0.5,-0.5,0.5,0.5,
1,6,23.593,0,0,-0.13125,0.5,-0.5,0.5,0.5,
1,6,23.595,0,0,-0.13125,0.5,-0.5,0.5,0.5,
1,6,23.597,0,0,-0.13125,0.5,-0.5,0.5,0.5,
1,6,23.599,0,0,-0.13125,0.5,-0.5,0.5,0.5,
1,6,23.601,0,0,-0.13125,0.5,-0.5,0.5,0.5,
1,6,23.603,0,0,-0.13125,0.5,-0.5,0.5,0.5,
1,6,23.605,0,0,-0.13125,0.5,-0.5,0.5,0.5,
1,6,23.607,0,0,-0.13125,0.5,-0.5,0.5,0.5,
1,6,23.609,0,0,-0.13125,0.5,-0.5,0.5,0.5,
1,6,23.611,0,0,-0.13125,0.5,-0.5,0.5,0.5,
1,6,23.613,0,0,-0.13125,0.5,-0.5,0.5,0.5,
1,6,23.615,0,0,-0.13125,0.5,-0.5,0.5,0.5,
1,6,23.617,0,0,-0.13125,0.5,-0.5,0.5,0.5,
1,6,23.619,0,0,-0.13125,0.5,-0.5,0.5,0.5,
1,6,23.621,0,0,-0.13125,0.5,-0.5,0.5,0.5,
1,6,23.623,0,0,-0.13125,0.5,-0.5,0.5,0.5,
1,6,23.625,0,0,-0.13125,0.5,-0.5,0.5,0.5,
1,6,23.627,0,0,-0.13125,0.5,-0.5,0.5,0.5,
1,6,23.629,0,0,-0.13125,0.5,-0.5,0.5,0.5,
1,6,23.631,0,0,-0.13125,0.5,-0.5,0.5,0.5,
1,6,23.633,0,0,-0.13125,0.5,-0.5,0.5,0.5,
1,6,23.635,0,0,-0.13125,0.5,-0.5,0.5,0.5,
1,6,23.637,0,0,-0.13125,0.5,-0.5,0.5,0.5,
1,6,23.639,0,0,-0.13125,0.5,-0.5,0.5,0.5,
1,6,23.641,0,0,-0.13125,0.5,-0.5,0.5,0.5,
1,6,23.643,0,0,-0.13125,0.5,-0.5,0.5,0.5,
1,6,23.645,0,0,-0.13125,0.5,-0.5,0.5,0.5,
1,6,23.647,0,0,-0.13125,0.5,-0.5,0.5,0.5,
1,6,23.649,0,0,-0.13125,0.5,-0.5,0.5,0.5,
1,6,23.651,0,0,-0.13125,0.5,-0.5,0.5,0.5,
1,6,23.653,0,0,-0.13125,0.5,-0.5,0.5,0.5,
1,6,23.655,0,0,-0.13125,0.5,-0.5,0.5,0.5,
1,6,23.657,0,0,-0.13125,0.5,-0.5,0.5,0.5,
1,6,23.659,0,0,-0.13125,0.5,-0.5,0.5,0.5,
1,6,23.661,0,0,-0.13125,0.5,-0.5,0.5,0.5,
1,6,23.663,0,0,-0.13125,0.5,-0.5,0.5,0.5,
1,6,23.665,0,0,-0.13125,0.5,-0.5,0.5,0.5,
1,6,23.667,0,0,-0.13125,0.5,-0.5,0.5,0.5,
1,6,23.669,0,0,-0.13125,0.5,-0.5,0.5,0.5,
1,6,23.671,0,0,-0.13125,0.5,-0.5,0.5,0.5,
1,6,23.673,0,0,-0.13125,0.5,-0.5,0.5,0.5,
1,6,23.675,0,0,-0.13125,0.5,-0.5,0.5,0.5,
1,6,23.677,0,0,-0.13125,0.5,-0.5,0.5,0.5,
1,6,23.679,0,0,-0.13125,0.5,-0.5,0.5,0.5,
1,6,23.681,0,0,-0.13125,0.5,-0.5,0.5,0.5,
1,6,23.683,0,0,-0.13125,0.5,-0.5,0.5,0.5,
1,6,23.685,0,0,-0.13125,0.5,-0.5,0.5,0.5,
1,6,23.687,0,0,-0.13125,0.5,-0.5,0.5,0.5,
1,6,23.689,0,0,-0.13125,0.5,-0.5,0.5,0.5,
1,6,23.691,0,0,-0.13125,0.5,-0.5,0.5,0.5,
1,6,23.693,0,0,-0.13125,0.5,-0.5,0.5,0.5,
1,6,23.695,0,0,-0.13125,0.5,-0.5,0.5,0.5,
1,6,23.697,0,0,-0.13125,0.5,-0.5,0.5,0.5,
1,6,23.699,0,0,-0.13125,0.5,-0.5,0.5,0.5,
1,6,23.701,0,0,-0.13125,0.5,-0.5,0.5,0.5,
1,6,23.703,0,0,-0.13125,0.5,-0.5,0.5,0.5,
1,6,23.705,0,0,-0.13125,0.5,-0.5,0.5,0.5,
1,6,23.707,0,0,-0.13125,0.5,-0.5,0.5,0.5,
1,6,23.709,0,0,-0.13125,0.5,-0.5,0.5,0.5,
1,6,23.711,0,0,-0.13125,0.5,-0.5,0.5,0.5,
1,6,23.713,0,0,-0.13125,0.5,-0.5,0.5,0.5,
1,6,23.715,0,0,-0.13125,0.5,-0.5,0.5,0.5,
1,6,23.717,0,0,-0.13125,0.5,-0.5,0.5,0.5,
1,6,23.719,0,0,-0.13125,0.5,-0.5,0.5,0.5,
1,6,23.721,0,0,-0.13125,0.5,-0.5,0.5,0.5,
1,6,23.723,0,0,-0.13125,0.5,-0.5,0.5,0.5,
1,6,23.725,0,0,-0.13125,0.5,-0.5,0.5,0.5,
1,6,23.727,0,0,-0.13125,0.5,-0.5,0.5,0.5,
1,6,23.729,0,0,-0.13125,0.5,-0.5,0.5,0.5,
1,6,23.731,0,0,-0.13125,0.5,-0.5,0.5,0.5,
1,6,23.733,0,0,-0.13125,0.5,-0.5,0.5,0.5,
1,6,23.735,0,0,-0.13125,0.5,-0.5,0.5,0.5,
1,6,23.737,0,0,-0.13125,0.5,-0.5,0.5,0.5,
1,6,23.739,0,0,-0.13125,0.5,-0.5,0.5,0.5,
1,6,23.741,0,0,-0.13125,0.5,-0.5,0.5,0.5,
1,6,23.743,0,0,-0.13125,0.5,-0.5,0.5,0.5,
1,6,23.745,0,0,-0.13125,0.5,-0.5,0.5,0.5,
1,6,23.747,0,0,-0.13125,0.5,-0.5,0.5,0.5,
1,6,23.749,0,0,-0.13125,0.5,-0.5,0.5,0.5,
1,6,23.751,0,0,-0.13125,0.5,-0.5,0.5,0.5,
1,6,23.753,0,0,-0.13125,0.5,-0.5,0.5,0.5,
1,6,23.755,0,0,-0.13125,0.5,-0.5,0.5,0.5,
1,6,23.757,0,0,-0.13125,0.5,-0.5,0.5,0.5,
1,6,23.759,0,0,-0.13125,0.5,-0.5,0.5,0.5,
1,6,23.761,0,0,-0.13125,0.5,-0.5,0.5,0.5,
1,6,23.763,0,0,-0.13125,0.5,-0.5,0.5,0.5,
1,6,23.765,0,0,-0.13125,0.5,-0.5,0.5,0.5,
1,6,23.767,0,0,-0.13125,0.5,-0.5,0.5,0.5,
1,6,23.769,0,0,-0.13125,0.5,-0.5,0.5,0.5,
1,6,23.771,0,0,-0.13125,0.5,-0.5,0.5,0.5,
1,6,23.773,0,0,-0.13125,0.5,-0.5,0.5,0.5,
1,6,23.775,0,0,-0.13125,0.5,-0.5,0.5,0.5,
1,6,23.777,0,0,-0.13125,0.5,-0.5,0.5,0.5,
1,6,23.779,0,0,-0.13125,0.5,-0.5,0.5,0.5,
1,6,23.781,0,0,-0.13125,0.5,-0.5,0.5,0.5,
1,6,23.783,0,0,-0.13125,0.5,-0.5,0.5,0.5,
1,6,23.785,0,0,-0.13125,0.5,-0.5,0.5,0.5,
1,6,23.787,0,0,-0.13125,0.5,-0.5,0.5,0.5,
1,6,23.789,0,0,-0.13125,0.5,-0.5,0.5,0.5,
1,6,23.791,0,0,-0.13125,0.5,-0.5,0.5,0.5,
1,6,23.793,0,0,-0.13125,0.5,-0.5,0.5,0.5,
1,6,23.795,0,0,-0.13125,0.5,-0.5,0.5,0.5,
1,6,23.797,0,0,-0.13125,0.5,-0.5,0.5,0.5,
1,6,23.799,0,0,-0.13125,0.5,-0.5,0.5,0.5,
1,6,23.801,0,0,-0.13125,0.5,-0.5,0.5,0.5,
1,6,23.803,0,0,-0.13125,0.5,-0.5,0.5,0.5,
1,6,23.805,0,0,-0.13125,0.5,-0.5,0.5,0.5,
1,6,23.807,0,0,-0.13125,0.5,-0.5,0.5,0.5,
1,6,23.809,0,0,-0.13125,0.5,-0.5,0.5,0.5,
1,6,23.811,0,0,-0.13125,0.5,-0.5,0.5,0.5,
1,6,23.813,0,0,-0.13125,0.5,-0.5,0.5,0.5,
1,6,23.815,0,0,-0.13125,0.5,-0.5,0.5,0.5,
1,6,23.817,0,0,-0.13125,0.5,-0.5,0.5,0.5,
1,6,23.819,0,0,-0.13125,0.5,-0.5,0.5,0.5,
1,6,23.821,0,0,-0.13125,0.5,-0.5,0.5,0.5,
1,6,23.823,0,0,-0.13125,0.5,-0.5,0.5,0.5,
1,6,23.825,0,0,-0.13125,0.5,-0.5,0.5,0.5,
1,6,23.827,0,0,-0.13125,0.5,-0.5,0.5,0.5,
1,6,23.829,0,0,-0.13125,0.5,-0.5,0.5,0.5,
1,6,23.831,0,0,-0.13125,0.5,-0.5,0.5,0.5,
1,6,23.833,0,0,-0.13125,0.5,-0.5,0.5,0.5,
1,6,23.835,0,0,-0.13125,0.5,-0.5,0.5,0.5,
1,6,23.837,0,0,-0.13125,0.5,-0.5,0.5,0.5,
1,6,23.839,0,0,-0.13125,0.5,-0.5,0.5,0.5,
1,6,23.841,0,0,-0.13125,0.5,-0.5,0.5,0.5,
1,6,23.843,0,0,-0.13125,0.5,-0.5,0.5,0.5,
1,6,23.845,0,0,-0.13125,0.5,-0.5,0.5,0.5,
1,6,23.847,0,0,-0.13125,0.5,-0.5,0.5,0.5,
1,6,23.849,0,0,-0.13125,0.5,-0.5,0.5,0.5,
1,6,23.851,0,0,-0.13125,0.5,-0.5,0.5,0.5,
1,6,23.853,0,0,-0.13125,0.5,-0.5,0.5,0.5,
1,6,23.855,0,0,-0.13125,0.5,-0.5,0.5,0.5,
1,6,23.857,0,0,-0.13125,0.5,-0.5,0.5,0.5,
1,6,23.859,0,0,-0.13125,0.5,-0.5,0.5,0.5,
1,6,23.861,0,0,-0.13125,0.5,-0.5,0.5,0.5,
1,6,23.863,0,0,-0.13125,0.5,-0.5,0.5,0.5,
1,6,23.865,0,0,-0.13125,0.5,-0.5,0.5,0.5,
1,6,23.867,0,0,-0.13125,0.5,-0.5,0.5,0.5,
1,6,23.869,0,0,-0.13125,0.5,-0.5,0.5,0.5,
1,6,23.871,0,0,-0.13125,0.5,-0.5,0.5,0.5,
1,6,23.873,0,0,-0.13125,0.5,-0.5,0.5,0.5,
1,6,23.875,0,0,-0.13125,0.5,-0.5,0.5,0.5,
1,6,23.877,0,0,-0.13125,0.5,-0.5,0.5,0.5,
1,6,23.879,0,0,-0.13125,0.5,-0.5,0.5,0.5,
1,6,23.881,0,0,-0.13125,0.5,-0.5,0.5,0.5,
1,6,23.883,0,0,-0.13125,0.5,-0.5,0.5,0.5,
1,6,23.885,0,0,-0.13125,0.5,-0.5,0.5,0.5,
1,6,23.887,0,0,-0.13125,0.5,-0.5,0.5,0.5,
1,6,23.889,0,0,-0.13125,0.5,-0.5,0.5,0.5,
1,6,23.891,0,0,-0.13125,0.5,-0.5,0.5,0.5,
1,6,23.893,0,0,-0.13125,0.5,-0.5,0.5,0.5,
1,6,23.895,0,0,-0.13125,0.5,-0.5,0.5,0.5,
1,6,23.897,0,0,-0.13125,0.5,-0.5,0.5,0.5,
1,6,23.899,0,0,-0.13125,0.5,-0.5,0.5,0.5,
1,6,23.901,0,0,-0.13125,0.5,-0.5,0.5,0.5,
1,6,23.903,0,0,-0.13125,0.5,-0.5,0.5,0.5,
1,6,23.905,0,0,-0.13125,0.5,-0.5,0.5,0.5,
1,6,23.907,0,0,-0.13125,0.5,-0.5,0.5,0.5,
1,6,23.909,0,0,-0.13125,0.5,-0.5,0.5,0.5,
1,6,23.911,0,0,-0.13125,0.5,-0.5,0.5,0.5,
1,6,23.913,0,0,-0.13125,0.5,-0.5,0.5,0.5,
1,6,23.915,0,0,-0.13125,0.5,-0.5,0.5,0.5,
1,6,23.917,0,0,-0.13125,0.5,-0.5,0.5,0.5,
1,6,23.919,0,0,-0.13125,0.5,-0.5,0.5,0.5,
1,6,23.921,0,0,-0.13125,0.5,-0.5,0.5,0.5,
1,6,23.923,0,0,-0.13125,0.5,-0.5,0.5,0.5,
1,6,23.925,0,0,-0.13125,0.5,-0.5,0.5,0.5,
1,6,23.927,0,0,-0.13125,0.5,-0.5,0.5,0.5,
1,6,23.929,0,0,-0.13125,0.5,-0.5,0.5,0.5,
1,6,23.931,0,0,-0.13125,0.5,-0.5,0.5,0.5,
1,6,23.933,0,0,-0.13125,0.5,-0.5,0.5,0.5,
1,6,23.935,0,0,-0.13125,0.5,-0.5,0.5,0.5,CourtEnter
1,6,23.937,0,0,-0.13125,0.5,-0.5,0.5,0.5,
1,6,23.939,0,0,-0.13125,0.5,-0.5,0.5,0.5,
1,6,23.941,0,0,-0.13125,0.5,-0.5,0.5,0.5,
1,6,23.943,0,0,-0.13125,0.5,-0.5,0.5,0.5,
1,6,23.945,0,0,-0.13125,0.5,-0.5,0.5,0.5,
1,6,23.947,0,0,-0.13125,0.5,-0.5,0.5,0.5,
1,6,23.949,0,0,-0.13125,0.5,-0.5,0.5,0.5,CourtExit
1,6,23.951,0,0,-0.13125,0.5,-0.5,0.5,0.5,
1,6,23.953,0,0,-0.13125,0.5,-0.5,0.5,0.5,
1,6,23.955,0,0,-0.13125,0.5,-0.5,0.5,0.5,
1,6,23.957,0,0,-0.13125,0.5,-0.5,0.5,0.5,
1,6,23.959,0,0,-0.13125,0.5,-0.5,0.5,0.5,
1,6,23.961,0,0,-0.13125,0.5,-0.5,0.5,0.5,
1,6,23.963,0,0,-0.13125,0.5,-0.5,0.5,0.5,
1,6,23.965,0,0,-0.13125,0.5,-0.5,0.5,0.5,
1,6,23.967,0,0,-0.13125,0.5,-0.5,0.5,0.5,
1,6,23.969,0,0,-0.13125,0.5,-0.5,0.5,0.5,
1,6,23.971,0,0,-0.13125,0.5,-0.5,0.5,0.5,
1,6,23.973,0,0,-0.13125,0.5,-0.5,0.5,0.5,
1,6,23.975,0,0,-0.13125,0.5,-0.5,0.5,0.5,
1,6,23.977,0,0,-0.13125,0.5,-0.5,0.5,0.5,
1,6,23.979,0,0,-0.13125,0.5,-0.5,0.5,0.5,
1,6,23.981,0,0,-0.13125,0.5,-0.5,0.5,0.5,
1,6,23.983,0,0,-0.13125,0.5,-0.5,0.5,0.5,
1,6,23.985,0,0,-0.13125,0.5,-0.5,0.5,0.5,
1,6,23.987,0,0,-0.13125,0.5,-0.5,0.5,0.5,
1,6,23.989,0,0,-0.13125,0.5,-0.5,0.5,0.5,
1,6,23.991,0,0,-0.13125,0.5,-0.5,0.5,0.5,
1,6,23.993,0,0,-0.13125,0.5,-0.5,0.5,0.5,
1,6,23.995,0,0,-0.13125,0.5,-0.5,0.5,0.5,
1,6,23.997,0,0,-0.13125,0.5,-0.5,0.5,0.5,
1,6,23.999,0,0,-0.13125,0.5,-0.5,0.5,0.5,
1,6,24.001,0,0,-0.13125,0.5,-0.5,0.5,0.5,
1,6,24.003,0,0,-0.13125,0.5,-0.5,0.5,0.5,
1,6,24.005,0,0,-0.13125,0.5,-0.5,0.5,0.5,
1,6,24.007,0,0,-0.13125,0.5,-0.5,0.5,0.5,
1,6,24.009,0,0,-0.13125,0.5,-0.5,0.5,0.5,
1,6,24.011,0,0,-0.13125,0.5,-0.5,0.5,0.5,
1,6,24.013,0,0,-0.13125,0.5,-0.5,0.5,0.5,
1,6,24.015,0,0,-0.13125,0.5,-0.5,0.5,0.5,
1,6,24.017,0,0,-0.13125,0.5,-0.5,0.5,0.5,
1,6,24.019,0,0,-0.13125,0.5,-0.5,0.5,0.5,
1,6,24.021,0,0,-0.13125,0.5,-0.5,0.5,0.5,
1,6,24.023,0,0,-0.13125,0.5,-0.5,0.5,0.5,
1,6,24.025,0,0,-0.13125,0.5,-0.5,0.5,0.5,
1,6,24.027,0,0,-0.13125,0.5,-0.5,0.5,0.5,
1,6,24.029,0,0,-0.13125,0.5,-0.5,0.5,0.5,
1,6,24.031,0,0,-0.13125,0.5,-0.5,0.5,0.5,
1,6,24.033,0,0,-0.13125,0.5,-0.5,0.5,0.5,
1,6,24.035,0,0,-0.13125,0.5,-0.5,0.5,0.5,
1,6,24.037,0,0,-0.13125,0.5,-0.5,0.5,0.5,
1,6,24.039,0,0,-0.13125,0.5,-0.5,0.5,0.5,
1,6,24.041,0,0,-0.13125,0.5,-0.5,0.5,0.5,
1,6,24.043,0,0,-0.13125,0.5,-0.5,0.5,0.5,
1,6,24.045,0,0,-0.13125,0.5,-0.5,0.5,0.5,
1,6,24.047,0,0,-0.13125,0.5,-0.5,0.5,0.5,
1,6,24.049,0,0,-0.13125,0.5,-0.5,0.5,0.5,
1,6,24.051,0,0,-0.13125,0.5,-0.5,0.5,0.5,
1,6,24.053,0,0,-0.13125,0.5,-0.5,0.5,0.5,
1,6,24.055,0,0,-0.13125,0.5,-0.5,0.5,0.5,
1,6,24.057,0,0,-0.13125,0.5,-0.5,0.5,0.5,
1,6,24.059,0,0,-0.13125,0.5,-0.5,0.5,0.5,
1,6,24.061,0,0,-0.13125,0.5,-0.5,0.5,0.5,
1,6,24.063,0,0,-0.13125,0.5,-0.5,0.5,0.5,
1,6,24.065,0,0,-0.13125,0.5,-0.5,0.5,0.5,
1,6,24.067,0,0,-0.13125,0.5,-0.5,0.5,0.5,
1,6,24.069,0,0,-0.13125,0.5,-0.5,0.5,0.5,
1,6,24.071,0,0,-0.13125,0.5,-0.5,0.5,0.5,
1,6,24.073,0,0,-0.13125,0.5,-0.5,0.5,0.5,
1,6,24.075,0,0,-0.13125,0.5,-0.5,0.5,0.5,
1,6,24.077,0,0,-0.13125,0.5,-0.5,0.5,0.5,
1,6,24.079,0,0,-0.13125,0.5,-0.5,0.5,0.5,
1,6,24.081,0,0,-0.13125,0.5,-0.5,0.5,0.5,
1,6,24.083,0,0,-0.13125,0.5,-0.5,0.5,0.5,
1,6,24.085,0,0,-0.13125,0.5,-0.5,0.5,0.5,
1,6,24.087,0,0,-0.13125,0.5,-0.5,0.5,0.5,
1,6,24.089,0,0,-0.13125,0.5,-0.5,0.5,0.5,
1,6,24.091,0,0,-0.13125,0.5,-0.5,0.5,0.5,
1,6,24.093,0,0,-0.13125,0.5,-0.5,0.5,0.5,
1,6,24.095,0,0,-0.13125,0.5,-0.5,0.5,0.5,
1,6,24.097,0,0,-0.13125,0.5,-0.5,0.5,0.5,
1,6,24.099,0,0,-0.13125,0.5,-0.5,0.5,0.5,
1,6,24.101,0,0,-0.13125,0.5,-0.5,0.5,0.5,
1,6,24.103,0,0,-0.13125,0.5,-0.5,0.5,0.5,
1,6,24.105,0,0,-0.13125,0.5,-0.5,0.5,0.5,
1,6,24.107,0,0,-0.13125,0.5,-0.5,0.5,0.5,
1,6,24.109,0,0,-0.13125,0.5,-0.5,0.5,0.5,
1,6,24.111,0,0,-0.13125,0.5,-0.5,0.5,0.5,
1,6,24.113,0,0,-0.13125,0.5,-0.5,0.5,0.5,
1,6,24.115,0,0,-0.13125,0.5,-0.5,0.5,0.5,
1,6,24.117,0,0,-0.13125,0.5,-0.5,0.5,0.5,
1,6,24.119,0,0,-0.13125,0.5,-0.5,0.5,0.5,
1,6,24.121,0,0,-0.13125,0.5,-0.5,0.5,0.5,
1,6,24.123,0,0,-0.13125,0.5,-0.5,0.5,0.5,
1,6,24.125,0,0,-0.13125,0.5,-0.5,0.5,0.5,
1,6,24.127,0,0,-0.13125,0.5,-0.5,0.5,0.5,
1,6,24.129,0,0,-0.13125,0.5,-0.5,0.5,0.5,
1,6,24.131,0,0,-0.13125,0.5,-0.5,0.5,0.5,
1,6,24.133,0,0,-0.13125,0.5,-0.5,0.5,0.5,
1,6,24.135,0,0,-0.13125,0.5,-0.5,0.5,0.5,
1,6,24.137,0,0,-0.13125,0.5,-0.5,0.5,0.5,
1,6,24.139,0,0,-0.13125,0.5,-0.5,0.5,0.5,
1,6,24.141,0,0,-0.13125,0.5,-0.5,0.5,0.5,
1,6,24.143,0,0,-0.13125,0.5,-0.5,0.5,0.5,
1,6,24.145,0,0,-0.13125,0.5,-0.5,0.5,0.5,
1,6,24.147,0,0,-0.13125,0.5,-0.5,0.5,0.5,
1,6,24.149,0,0,-0.13125,0.5,-0.5,0.5,0.5,
1,6,24.151,0,0,-0.13125,0.5,-0.5,0.5,0.5,
1,6,24.153,0,0,-0.13125,0.5,-0.5,0.5,0.5,
1,6,24.155,0,0,-0.13125,0.5,-0.5,0.5,0.5,
1,6,24.157,0,0,-0.13125,0.5,-0.5,0.5,0.5,
1,6,24.159,0,0,-0.13125,0.5,-0.5,0.5,0.5,
1,6,24.161,0,0,-0.13125,0.5,-0.5,0.5,0.5,
1,6,24.163,0,0,-0.13125,0.5,-0.5,0.5,0.5,
1,6,24.165,0,0,-0.13125,0.5,-0.5,0.5,0.5,
1,6,24.167,0,0,-0.13125,0.5,-0.5,0.5,0.5,
1,6,24.169,0,0,-0.13125,0.5,-0.5,0.5,0.5,
1,6,24.171,0,0,-0.13125,0.5,-0.5,0.5,0.5,
1,6,24.173,0,0,-0.13125,0.5,-0.5,0.5,0.5,
1,6,24.175,0,0,-0.13125,0.5,-0.5,0.5,0.5,
1,6,24.177,0,0,-0.13125,0.5,-0.5,0.5,0.5,
1,6,24.179,0,0,-0.13125,0.5,-0.5,0.5,0.5,
1,6,24.181,0,0,-0.13125,0.5,-0.5,0.5,0.5,
1,6,24.183,0,0,-0.13125,0.5,-0.5,0.5,0.5,
1,6,24.185,0,0,-0.13125,0.5,-0.5,0.5,0.5,
1,6,24.187,0,0,-0.13125,0.5,-0.5,0.5,0.5,
1,6,24.189,0,0,-0.13125,0.5,-0.5,0.5,0.5,
1,6,24.191,0,0,-0.13125,0.5,-0.5,0.5,0.5,
1,6,24.193,0,0,-0.13125,0.5,-0.5,0.5,0.5,
1,6,24.195,0,0,-0.13125,0.5,-0.5,0.5,0.5,
1,6,24.197,0,0,-0.13125,0.5,-0.5,0.5,0.5,
1,6,24.199,0,0,-0.13125,0.5,-0.5,0.5,0.5,
1,6,24.201,0,0,-0.13125,0.5,-0.5,0.5,0.5,
1,6,24.203,0,0,-0.13125,0.5,-0.5,0.5,0.5,
1,6,24.205,0,0,-0.13125,0.5,-0.5,0.5,0.5,
1,6,24.207,0,0,-0.13125,0.5,-0.5,0.5,0.5,
1,6,24.209,0,0,-0.13125,0.5,-0.5,0.5,0.5,
1,6,24.211,0,0,-0.13125,0.5,-0.5,0.5,0.5,
1,6,24.213,0,0,-0.13125,0.5,-0.5,0.5,0.5,
1,6,24.215,0,0,-0.13125,0.5,-0.5,0.5,0.5,
1,6,24.217,0,0,-0.13125,0.5,-0.5,0.5,0.5,
1,6,24.219,0,0,-0.13125,0.5,-0.5,0.5,0.5,
1,6,24.221,0,0,-0.13125,0.5,-0.5,0.5,0.5,
1,6,24.223,0,0,-0.13125,0.5,-0.5,0.5,0.5,
1,6,24.225,0,0,-0.13125,0.5,-0.5,0.5,0.5,
1,6,24.227,0,0,-0.13125,0.5,-0.5,0.5,0.5,
1,6,24.229,0,0,-0.13125,0.5,-0.5,0.5,0.5,
1,6,24.231,0,0,-0.13125,0.5,-0.5,0.5,0.5,
1,6,24.233,0,0,-0.13125,0.5,-0.5,0.5,0.5,
1,6,24.235,0,0,-0.13125,0.5,-0.5,0.5,0.5,
1,6,24.237,0,0,-0.13125,0.5,-0.5,0.5,0.5,
1,6,24.239,0,0,-0.13125,0.5,-0.5,0.5,0.5,
1,6,24.241,0,0,-0.13125,0.5,-0.5,0.5,0.5,
1,6,24.243,0,0,-0.13125,0.5,-0.5,0.5,0.5,
1,6,24.245,0,0,-0.13125,0.5,-0.5,0.5,0.5,
1,6,24.247,0,0,-0.13125,0.5,-0.5,0.5,0.5,
1,6,24.249,0,0,-0.13125,0.5,-0.5,0.5,0.5,
1,6,24.251,0,0,-0.13125,0.5,-0.5,0.5,0.5,
1,6,24.253,0,0,-0.13125,0.5,-0.5,0.5,0.5,
1,6,24.255,0,0,-0.13125,0.5,-0.5,0.5,0.5,
1,6,24.257,0,0,-0.13125,0.5,-0.5,0.5,0.5,
1,6,24.259,0,0,-0.13125,0.5,-0.5,0.5,0.5,
1,6,24.261,0,0,-0.13125,0.5,-0.5,0.5,0.5,
1,6,24.263,0,0,-0.13125,0.5,-0.5,0.5,0.5,
1,6,24.265,0,0,-0.13125,0.5,-0.5,0.5,0.5,
1,6,24.267,0,0,-0.13125,0.5,-0.5,0.5,0.5,
1,6,24.269,0,0,-0.13125,0.5,-0.5,0.5,0.5,
1,6,24.271,0,0,-0.13125,0.5,-0.5,0.5,0.5,
1,6,24.273,0,0,-0.13125,0.5,-0.5,0.5,0.5,
1,6,24.275,0,0,-0.13125,0.5,-0.5,0.5,0.5,
1,6,24.277,0,0,-0.13125,0.5,-0.5,0.5,0.5,
1,6,24.279,0,0,-0.13125,0.5,-0.5,0.5,0.5,
1,6,24.281,0,0,-0.13125,0.5,-0.5,0.5,0.5,
1,6,24.283,0,0,-0.13125,0.5,-0.5,0.5,0.5,
1,6,24.285,0,0,-0.13125,0.5,-0.5,0.5,0.5,
1,6,24.287,0,0,-0.13125,0.5,-0.5,0.5,0.5,
1,6,24.289,0,0,-0.13125,0.5,-0.5,0.5,0.5,
1,6,24.291,0,0,-0.13125,0.5,-0.5,0.5,0.5,
1,6,24.293,0,0,-0.13125,0.5,-0.5,0.5,0.5,
1,6,24.295,0,0,-0.13125,0.5,-0.5,0.5,0.5,
1,6,24.297,0,0,-0.13125,0.5,-0.5,0.5,0.5,
1,6,24.299,0,0,-0.13125,0.5,-0.5,0.5,0.5,
1,6,24.301,0,0,-0.13125,0.5,-0.5,0.5,0.5,
1,6,24.303,0,0,-0.13125,0.5,-0.5,0.5,0.5,
1,6,24.305,0,0,-0.13125,0.5,-0.5,0.5,0.5,
1,6,24.307,0,0,-0.13125,0.5,-0.5,0.5,0.5,
1,6,24.309,0,0,-0.13125,0.5,-0.5,0.5,0.5,
1,6,24.311,0,0,-0.13125,0.5,-0.5,0.5,0.5,
1,6,24.313,0,0,-0.13125,0.5,-0.5,0.5,0.5,
1,6,24.315,0,0,-0.13125,0.5,-0.5,0.5,0.5,
1,6,24.317,0,0,-0.13125,0.5,-0.5,0.5,0.5,
1,6,24.319,0,0,-0.13125,0.5,-0.5,0.5,0.5,
1,6,24.321,0,0,-0.13125,0.5,-0.5,0.5,0.5,
