stage,trial,time,position.x,position.y,position.z,rotation.x,rotation.y,rotation.z,rotation.w,event
1,1,0.001,0.9998605,0.5056118,9.992974,-0.00330913,-0.9435973,-0.3309444,0.009434998,TrialStart
1,1,0.003,0.9995795,0.516802,9.978925,-0.00330913,-0.9435973,-0.3309444,0.009434998,
1,1,0.005,0.9992987,0.5279477,9.964882,-0.00330913,-0.9435973,-0.3309444,0.009434998,
1,1,0.007,0.999018,0.5390489,9.950846,-0.00330913,-0.9435973,-0.3309444,0.009434998,
1,1,0.009,0.9987373,0.5501058,9.936815,-0.00330913,-0.9435973,-0.3309444,0.009434998,
1,1,0.011,0.9984568,0.5611183,9.922791,-0.00330913,-0.9435973,-0.3309444,0.009434998,
1,1,0.013,0.9981765,0.5720865,9.908774,-0.00330913,-0.9435973,-0.3309444,0.009434998,
1,1,0.015,0.9978963,0.5830103,9.894763,-0.00330913,-0.9435973,-0.3309444,0.009434998,
1,1,0.017,0.9976162,0.5938898,9.880758,-0.00330913,-0.9435973,-0.3309444,0.009434998,
1,1,0.019,0.9973363,0.6047251,9.86676,-0.00330913,-0.9435973,-0.3309444,0.009434998,
1,1,0.021,0.9970564,0.6155162,9.852768,-0.00330913,-0.9435973,-0.3309444,0.009434998,
1,1,0.023,0.9967767,0.6262631,9.838782,-0.00330913,-0.9435973,-0.3309444,0.009434998,
1,1,0.025,0.9964971,0.6369658,9.824802,-0.00330913,-0.9435973,-0.3309444,0.009434998,
1,1,0.027,0.9962176,0.6476243,9.810829,-0.00330913,-0.9435973,-0.3309444,0.009434998,
1,1,0.029,0.9959382,0.6582388,9.796862,-0.00330913,-0.9435973,-0.3309444,0.009434998,
1,1,0.031,0.995659,0.6688091,9.782901,-0.00330913,-0.9435973,-0.3309444,0.009434998,
1,1,0.033,0.9953799,0.6793354,9.768946,-0.00330913,-0.9435973,-0.3309444,0.009434998,
1,1,0.035,0.995101,0.6898176,9.754997,-0.00330913,-0.9435973,-0.3309444,0.009434998,
1,1,0.037,0.9948221,0.7002559,9.741055,-0.00330913,-0.9435973,-0.3309444,0.009434998,
1,1,0.039,0.9945434,0.7106501,9.727118,-0.00330913,-0.9435973,-0.3309444,0.009434998,
1,1,0.041,0.9942648,0.7210005,9.713188,-0.00330913,-0.9435973,-0.3309444,0.009434998,
1,1,0.043,0.9939864,0.7313069,9.699265,-0.00330913,-0.9435973,-0.3309444,0.009434998,
1,1,0.045,0.993708,0.7415693,9.685347,-0.00330913,-0.9435973,-0.3309444,0.009434998,
1,1,0.047,0.9934298,0.751788,9.671434,-0.00330913,-0.9435973,-0.3309444,0.009434998,
1,1,0.049,0.9931517,0.7619627,9.657529,-0.00330913,-0.9435973,-0.3309444,0.009434998,
1,1,0.051,0.9928737,0.7720937,9.643629,-0.00330913,-0.9435973,-0.3309444,0.009434998,
1,1,0.053,0.9925958,0.7821809,9.629736,-0.00330913,-0.9435973,-0.3309444,0.009434998,
1,1,0.055,0.992318,0.7922243,9.615849,-0.00330913,-0.9435973,-0.3309444,0.009434998,
1,1,0.057,0.9920404,0.802224,9.601967,-0.00330913,-0.9435973,-0.3309444,0.009434998,
1,1,0.059,0.9917629,0.81218,9.588091,-0.00330913,-0.9435973,-0.3309444,0.009434998,
1,1,0.061,0.9914855,0.8220924,9.574222,-0.00330913,-0.9435973,-0.3309444,0.009434998,
1,1,0.063,0.9912082,0.831961,9.560358,-0.00330913,-0.9435973,-0.3309444,0.009434998,
1,1,0.065,0.990931,0.8417861,9.5465,-0.00330913,-0.9435973,-0.3309444,0.009434998,
1,1,0.067,0.990654,0.8515675,9.532649,-0.00330913,-0.9435973,-0.3309444,0.009434998,
1,1,0.069,0.9903771,0.8613054,9.518804,-0.00330913,-0.9435973,-0.3309444,0.009434998,
1,1,0.071,0.9901003,0.8709996,9.504964,-0.00330913,-0.9435973,-0.3309444,0.009434998,
1,1,0.073,0.9898236,0.8806504,9.49113,-0.00330913,-0.9435973,-0.3309444,0.009434998,
1,1,0.075,0.989547,0.8902577,9.477302,-0.00330913,-0.9435973,-0.3309444,0.009434998,
1,1,0.077,0.9892706,0.8998215,9.46348,-0.00330913,-0.9435973,-0.3309444,0.009434998,
1,1,0.079,0.9889942,0.9093419,9.449664,-0.00330913,-0.9435973,-0.3309444,0.009434998,
1,1,0.081,0.988718,0.9188188,9.435854,-0.00330913,-0.9435973,-0.3309444,0.009434998,
1,1,0.083,0.9884419,0.9282523,9.42205,-0.00330913,-0.9435973,-0.3309444,0.009434998,
1,1,0.085,0.988166,0.9376426,9.408251,-0.00330913,-0.9435973,-0.3309444,0.009434998,
1,1,0.087,0.9878901,0.9469894,9.394458,-0.00330913,-0.9435973,-0.3309444,0.009434998,
1,1,0.089,0.9876144,0.9562929,9.380671,-0.00330913,-0.9435973,-0.3309444,0.009434998,
1,1,0.091,0.9873388,0.9655532,9.36689,-0.00330913,-0.9435973,-0.3309444,0.009434998,
1,1,0.093,0.9870633,0.9747701,9.353115,-0.00330913,-0.9435973,-0.3309444,0.009434998,
1,1,0.095,0.9867879,0.9839438,9.339346,-0.00330913,-0.9435973,-0.3309444,0.009434998,
1,1,0.097,0.9865127,0.9930744,9.325583,-0.00330913,-0.9435973,-0.3309444,0.009434998,
1,1,0.099,0.9862375,1.002162,9.311825,-0.00330913,-0.9435973,-0.3309444,0.009434998,
1,1,0.101,0.9859625,1.011206,9.298073,-0.00330913,-0.9435973,-0.3309444,0.009434998,
1,1,0.103,0.9856876,1.020207,9.284327,-0.00330913,-0.9435973,-0.3309444,0.009434998,
1,1,0.105,0.9854128,1.029165,9.270586,-0.00330913,-0.9435973,-0.3309444,0.009434998,
1,1,0.107,0.9851381,1.038079,9.256851,-0.00330913,-0.9435973,-0.3309444,0.009434998,
1,1,0.109,0.9848635,1.046951,9.243122,-0.00330913,-0.9435973,-0.3309444,0.009434998,
1,1,0.111,0.984589,1.05578,9.229399,-0.00330913,-0.9435973,-0.3309444,0.009434998,
1,1,0.113,0.9843146,1.064565,9.215681,-0.00330913,-0.9435973,-0.3309444,0.009434998,
1,1,0.115,0.9840404,1.073308,9.201969,-0.00330913,-0.9435973,-0.3309444,0.009434998,
1,1,0.117,0.9837663,1.082008,9.188263,-0.00330913,-0.9435973,-0.3309444,0.009434998,
1,1,0.119,0.9834923,1.090664,9.174562,-0.00330913,-0.9435973,-0.3309444,0.009434998,
1,1,0.121,0.9832184,1.099278,9.160866,-0.00330913,-0.9435973,-0.3309444,0.009434998,
1,1,0.123,0.9829445,1.107849,9.147176,-0.00330913,-0.9435973,-0.3309444,0.009434998,
1,1,0.125,0.9826708,1.116377,9.133492,-0.00330913,-0.9435973,-0.3309444,0.009434998,
1,1,0.127,0.9823973,1.124862,9.119813,-0.00330913,-0.9435973,-0.3309444,0.009434998,
1,1,0.129,0.9821238,1.133304,9.10614,-0.00330913,-0.9435973,-0.3309444,0.009434998,
1,1,0.131,0.9818504,1.141704,9.092473,-0.00330913,-0.9435973,-0.3309444,0.009434998,
1,1,0.133,0.9815772,1.150061,9.078812,-0.00330913,-0.9435973,-0.3309444,0.009434998,
1,1,0.135,0.9813041,1.158374,9.065155,-0.00330913,-0.9435973,-0.3309444,0.009434998,
1,1,0.137,0.9810311,1.166646,9.051504,-0.00330913,-0.9435973,-0.3309444,0.009434998,
1,1,0.139,0.9807582,1.174874,9.037859,-0.00330913,-0.9435973,-0.3309444,0.009434998,
1,1,0.141,0.9804854,1.18306,9.02422,-0.00330913,-0.9435973,-0.3309444,0.009434998,
1,1,0.143,0.9802127,1.191203,9.010585,-0.00330913,-0.9435973,-0.3309444,0.009434998,
1,1,0.145,0.9799401,1.199303,8.996956,-0.00330913,-0.9435973,-0.3309444,0.009434998,
1,1,0.147,0.9796677,1.207361,8.983333,-0.00330913,-0.9435973,-0.3309444,0.009434998,
1,1,0.149,0.9793953,1.215376,8.969715,-0.00330913,-0.9435973,-0.3309444,0.009434998,
1,1,0.151,0.9791231,1.223349,8.956103,-0.00330913,-0.9435973,-0.3309444,0.009434998,
1,1,0.153,0.9788509,1.231279,8.942496,-0.00330913,-0.9435973,-0.3309444,0.009434998,
1,1,0.155,0.9785789,1.239166,8.928895,-0.00330913,-0.9435973,-0.3309444,0.009434998,
1,1,0.157,0.9783069,1.247012,8.915299,-0.00330913,-0.9435973,-0.3309444,0.009434998,
1,1,0.159,0.9780352,1.254814,8.901709,-0.00330913,-0.9435973,-0.3309444,0.009434998,
1,1,0.161,0.9777635,1.262574,8.888124,-0.00330913,-0.9435973,-0.3309444,0.009434998,
1,1,0.163,0.9774919,1.270292,8.874544,-0.00330913,-0.9435973,-0.3309444,0.009434998,
1,1,0.165,0.9772204,1.277967,8.86097,-0.00330913,-0.9435973,-0.3309444,0.009434998,
1,1,0.167,0.976949,1.285599,8.847401,-0.00330913,-0.9435973,-0.3309444,0.009434998,
1,1,0.169,0.9766777,1.29319,8.833837,-0.00330913,-0.9435973,-0.3309444,0.009434998,
1,1,0.171,0.9764066,1.300738,8.820278,-0.00330913,-0.9435973,-0.3309444,0.009434998,
1,1,0.173,0.9761355,1.308243,8.806726,-0.00330913,-0.9435973,-0.3309444,0.009434998,
1,1,0.175,0.9758645,1.315707,8.793178,-0.00330913,-0.9435973,-0.3309444,0.009434998,
1,1,0.177,0.9755937,1.323128,8.779635,-0.00330913,-0.9435973,-0.3309444,0.009434998,
1,1,0.179,0.975323,1.330506,8.766098,-0.00330913,-0.9435973,-0.3309444,0.009434998,
1,1,0.181,0.9750524,1.337843,8.752566,-0.00330913,-0.9435973,-0.3309444,0.009434998,
1,1,0.183,0.9747818,1.345137,8.73904,-0.00330913,-0.9435973,-0.3309444,0.009434998,
1,1,0.185,0.9745114,1.352389,8.725519,-0.00330913,-0.9435973,-0.3309444,0.009434998,
1,1,0.187,0.9742411,1.359599,8.712003,-0.00330913,-0.9435973,-0.3309444,0.009434998,
1,1,0.189,0.9739709,1.366767,8.698492,-0.00330913,-0.9435973,-0.3309444,0.009434998,
1,1,0.191,0.9737008,1.373892,8.684987,-0.00330913,-0.9435973,-0.3309444,0.009434998,
1,1,0.193,0.9734308,1.380976,8.671487,-0.00330913,-0.9435973,-0.3309444,0.009434998,
1,1,0.195,0.9731609,1.388017,8.657991,-0.00330913,-0.9435973,-0.3309444,0.009434998,
1,1,0.197,0.9728911,1.395016,8.644502,-0.00330913,-0.9435973,-0.3309444,0.009434998,
1,1,0.199,0.9726214,1.401973,8.631018,-0.00330913,-0.9435973,-0.3309444,0.009434998,
1,1,0.201,0.9723518,1.408888,8.617538,-0.00330913,-0.9435973,-0.3309444,0.009434998,
1,1,0.203,0.9720823,1.415761,8.604064,-0.00330913,-0.9435973,-0.3309444,0.009434998,
1,1,0.205,0.971813,1.422592,8.590595,-0.00330913,-0.9435973,-0.3309444,0.009434998,
1,1,0.207,0.9715437,1.429381,8.577131,-0.00330913,-0.9435973,-0.3309444,0.009434998,
1,1,0.209,0.9712745,1.436128,8.563672,-0.00330913,-0.9435973,-0.3309444,0.009434998,
1,1,0.211,0.9710054,1.442833,8.550219,-0.00330913,-0.9435973,-0.3309444,0.009434998,
1,1,0.213,0.9707365,1.449496,8.53677,-0.00330913,-0.9435973,-0.3309444,0.009434998,
1,1,0.215,0.9704676,1.456118,8.523327,-0.00330913,-0.9435973,-0.3309444,0.009434998,
1,1,0.217,0.9701989,1.462697,8.509889,-0.00330913,-0.9435973,-0.3309444,0.009434998,
1,1,0.219,0.9699302,1.469234,8.496456,-0.00330913,-0.9435973,-0.3309444,0.009434998,
1,1,0.221,0.9696617,1.47573,8.483028,-0.00330913,-0.9435973,-0.3309444,0.009434998,
1,1,0.223,0.9693932,1.482184,8.469605,-0.00330913,-0.9435973,-0.3309444,0.009434998,
1,1,0.225,0.9691249,1.488596,8.456188,-0.00330913,-0.9435973,-0.3309444,0.009434998,
1,1,0.227,0.9688566,1.494966,8.442776,-0.00330913,-0.9435973,-0.3309444,0.009434998,
1,1,0.229,0.9685885,1.501294,8.429368,-0.00330913,-0.9435973,-0.3309444,0.009434998,
1,1,0.231,0.9683204,1.507581,8.415965,-0.00330913,-0.9435973,-0.3309444,0.009434998,
1,1,0.233,0.9680524,1.513826,8.402567,-0.00330913,-0.9435973,-0.3309444,0.009434998,
1,1,0.235,0.9677846,1.520029,8.389174,-0.00330913,-0.9435973,-0.3309444,0.009434998,
1,1,0.237,0.9675168,1.526191,8.375787,-0.00330913,-0.9435973,-0.3309444,0.009434998,
1,1,0.239,0.9672492,1.532311,8.362404,-0.00330913,-0.9435973,-0.3309444,0.009434998,
1,1,0.241,0.9669816,1.538389,8.349027,-0.00330913,-0.9435973,-0.3309444,0.009434998,
1,1,0.243,0.9667142,1.544425,8.335654,-0.00330913,-0.9435973,-0.3309444,0.009434998,
1,1,0.245,0.9664469,1.55042,8.322287,-0.00330913,-0.9435973,-0.3309444,0.009434998,
1,1,0.247,0.9661796,1.556373,8.308924,-0.00330913,-0.9435973,-0.3309444,0.009434998,
1,1,0.249,0.9659125,1.562285,8.295566,-0.00330913,-0.9435973,-0.3309444,0.009434998,
1,1,0.251,0.9656454,1.568155,8.282213,-0.00330913,-0.9435973,-0.3309444,0.009434998,
1,1,0.253,0.9653785,1.573984,8.268866,-0.00330913,-0.9435973,-0.3309444,0.009434998,
1,1,0.255,0.9651116,1.579771,8.255523,-0.00330913,-0.9435973,-0.3309444,0.009434998,
1,1,0.257,0.9648448,1.585517,8.242185,-0.00330913,-0.9435973,-0.3309444,0.009434998,
1,1,0.259,0.9645782,1.591221,8.228851,-0.00330913,-0.9435973,-0.3309444,0.009434998,
1,1,0.261,0.9643116,1.596883,8.215524,-0.00330913,-0.9435973,-0.3309444,0.009434998,
1,1,0.263,0.9640452,1.602504,8.2022,-0.00330913,-0.9435973,-0.3309444,0.009434998,
1,1,0.265,0.9637788,1.608084,8.188882,-0.00330913,-0.9435973,-0.3309444,0.009434998,
1,1,0.267,0.9635125,1.613623,8.175569,-0.00330913,-0.9435973,-0.3309444,0.009434998,
1,1,0.269,0.9632463,1.619119,8.16226,-0.00330913,-0.9435973,-0.3309444,0.009434998,
1,1,0.271,0.9629803,1.624575,8.148956,-0.00330913,-0.9435973,-0.3309444,0.009434998,
1,1,0.273,0.9627143,1.629989,8.135657,-0.00330913,-0.9435973,-0.3309444,0.009434998,
1,1,0.275,0.9624484,1.635362,8.122363,-0.00330913,-0.9435973,-0.3309444,0.009434998,
1,1,0.277,0.9621826,1.640694,8.109074,-0.00330913,-0.9435973,-0.3309444,0.009434998,
1,1,0.279,0.9619169,1.645984,8.09579,-0.00330913,-0.9435973,-0.3309444,0.009434998,
1,1,0.281,0.9616513,1.651233,8.08251,-0.00330913,-0.9435973,-0.3309444,0.009434998,
1,1,0.283,0.9613858,1.65644,8.069236,-0.00330913,-0.9435973,-0.3309444,0.009434998,
1,1,0.285,0.9611204,1.661607,8.055965,-0.00330913,-0.9435973,-0.3309444,0.009434998,
1,1,0.287,0.9608551,1.666732,8.042701,-0.00330913,-0.9435973,-0.3309444,0.009434998,
1,1,0.289,0.9605899,1.671816,8.02944,-0.00330913,-0.9435973,-0.3309444,0.009434998,
1,1,0.291,0.9603248,1.676858,8.016185,-0.00330913,-0.9435973,-0.3309444,0.009434998,
1,1,0.293,0.9600598,1.68186,8.002934,-0.00330913,-0.9435973,-0.3309444,0.009434998,
1,1,0.295,0.9597949,1.68682,7.989687,-0.00330913,-0.9435973,-0.3309444,0.009434998,
1,1,0.297,0.9595301,1.691739,7.976446,-0.00330913,-0.9435973,-0.3309444,0.009434998,
1,1,0.299,0.9592654,1.696617,7.96321,-0.00330913,-0.9435973,-0.3309444,0.009434998,
1,1,0.301,0.9590008,1.701454,7.949978,-0.00330913,-0.9435973,-0.3309444,0.009434998,
1,1,0.303,0.9587362,1.70625,7.936751,-0.00330913,-0.9435973,-0.3309444,0.009434998,
1,1,0.305,0.9584718,1.711005,7.923529,-0.00330913,-0.9435973,-0.3309444,0.009434998,
1,1,0.307,0.9582074,1.715719,7.910311,-0.00330913,-0.9435973,-0.3309444,0.009434998,
1,1,0.309,0.9579431,1.720391,7.897099,-0.00330913,-0.9435973,-0.3309444,0.009434998,
1,1,0.311,0.957679,1.725023,7.883891,-0.00330913,-0.9435973,-0.3309444,0.009434998,
1,1,0.313,0.9574149,1.729613,7.870687,-0.00330913,-0.9435973,-0.3309444,0.009434998,
1,1,0.315,0.9571509,1.734163,7.857488,-0.00330913,-0.9435973,-0.3309444,0.009434998,
1,1,0.317,0.9568871,1.738671,7.844294,-0.00330913,-0.9435973,-0.3309444,0.009434998,
1,1,0.319,0.9566233,1.743139,7.831105,-0.00330913,-0.9435973,-0.3309444,0.009434998,
1,1,0.321,0.9563596,1.747565,7.81792,-0.00330913,-0.9435973,-0.3309444,0.009434998,
1,1,0.323,0.956096,1.751951,7.80474,-0.00330913,-0.9435973,-0.3309444,0.009434998,
1,1,0.325,0.9558325,1.756296,7.791565,-0.00330913,-0.9435973,-0.3309444,0.009434998,
1,1,0.327,0.9555691,1.7606,7.778394,-0.00330913,-0.9435973,-0.3309444,0.009434998,
1,1,0.329,0.9553058,1.764863,7.765228,-0.00330913,-0.9435973,-0.3309444,0.009434998,
1,1,0.331,0.9550425,1.769085,7.752067,-0.00330913,-0.9435973,-0.3309444,0.009434998,
1,1,0.333,0.9547794,1.773266,7.73891,-0.00330913,-0.9435973,-0.3309444,0.009434998,
1,1,0.335,0.9545164,1.777406,7.725758,-0.00330913,-0.9435973,-0.3309444,0.009434998,
1,1,0.337,0.9542534,1.781506,7.71261,-0.00330913,-0.9435973,-0.3309444,0.009434998,
1,1,0.339,0.9539905,1.785565,7.699467,-0.00330913,-0.9435973,-0.3309444,0.009434998,
1,1,0.341,0.9537278,1.789583,7.686328,-0.00330913,-0.9435973,-0.3309444,0.009434998,
1,1,0.343,0.9534651,1.79356,7.673194,-0.00330913,-0.9435973,-0.3309444,0.009434998,
1,1,0.345,0.9532025,1.797497,7.660065,-0.00330913,-0.9435973,-0.3309444,0.009434998,
1,1,0.347,0.95294,1.801392,7.646941,-0.00330913,-0.9435973,-0.3309444,0.009434998,
1,1,0.349,0.9526776,1.805247,7.633821,-0.00330913,-0.9435973,-0.3309444,0.009434998,
1,1,0.351,0.9524153,1.809062,7.620705,-0.00330913,-0.9435973,-0.3309444,0.009434998,
1,1,0.353,0.9521531,1.812835,7.607594,-0.00330913,-0.9435973,-0.3309444,0.009434998,
1,1,0.355,0.9518909,1.816568,7.594487,-0.00330913,-0.9435973,-0.3309444,0.009434998,
1,1,0.357,0.9516289,1.82026,7.581385,-0.00330913,-0.9435973,-0.3309444,0.009434998,
1,1,0.359,0.951367,1.823912,7.568288,-0.00330913,-0.9435973,-0.3309444,0.009434998,
1,1,0.361,0.9511051,1.827523,7.555195,-0.00330913,-0.9435973,-0.3309444,0.009434998,
1,1,0.363,0.9508433,1.831093,7.542107,-0.00330913,-0.9435973,-0.3309444,0.009434998,
1,1,0.365,0.9505817,1.834623,7.529023,-0.00330913,-0.9435973,-0.3309444,0.009434998,
1,1,0.367,0.9503201,1.838112,7.515943,-0.00330913,-0.9435973,-0.3309444,0.009434998,
1,1,0.369,0.9500586,1.841561,7.502868,-0.00330913,-0.9435973,-0.3309444,0.009434998,
1,1,0.371,0.9497972,1.844969,7.489798,-0.00330913,-0.9435973,-0.3309444,0.009434998,
1,1,0.373,0.9495358,1.848336,7.476732,-0.00330913,-0.9435973,-0.3309444,0.009434998,
1,1,0.375,0.9492746,1.851663,7.463671,-0.00330913,-0.9435973,-0.3309444,0.009434998,
1,1,0.377,0.9490135,1.85495,7.450614,-0.00330913,-0.9435973,-0.3309444,0.009434998,
1,1,0.379,0.9487524,1.858196,7.437562,-0.00330913,-0.9435973,-0.3309444,0.009434998,
1,1,0.381,0.9484915,1.861401,7.424513,-0.00330913,-0.9435973,-0.3309444,0.009434998,
1,1,0.383,0.9482306,1.864566,7.41147,-0.00330913,-0.9435973,-0.3309444,0.009434998,
1,1,0.385,0.9479698,1.867691,7.398431,-0.00330913,-0.9435973,-0.3309444,0.009434998,
1,1,0.387,0.9477091,1.870775,7.385396,-0.00330913,-0.9435973,-0.3309444,0.009434998,
1,1,0.389,0.9474485,1.873819,7.372366,-0.00330913,-0.9435973,-0.3309444,0.009434998,
1,1,0.391,0.947188,1.876822,7.35934,-0.00330913,-0.9435973,-0.3309444,0.009434998,
1,1,0.393,0.9469275,1.879785,7.346319,-0.00330913,-0.9435973,-0.3309444,0.009434998,
1,1,0.395,0.9466672,1.882707,7.333302,-0.00330913,-0.9435973,-0.3309444,0.009434998,
1,1,0.397,0.946407,1.885589,7.32029,-0.00330913,-0.9435973,-0.3309444,0.009434998,
1,1,0.399,0.9461468,1.888431,7.307281,-0.00330913,-0.9435973,-0.3309444,0.009434998,
1,1,0.401,0.9458867,1.891233,7.294278,-0.00330913,-0.9435973,-0.3309444,0.009434998,
1,1,0.403,0.9456267,1.893994,7.281278,-0.00330913,-0.9435973,-0.3309444,0.009434998,
1,1,0.405,0.9453669,1.896715,7.268283,-0.00330913,-0.9435973,-0.3309444,0.009434998,
1,1,0.407,0.945107,1.899395,7.255293,-0.00330913,-0.9435973,-0.3309444,0.009434998,
1,1,0.409,0.9448473,1.902035,7.242307,-0.00330913,-0.9435973,-0.3309444,0.009434998,
1,1,0.411,0.9445876,1.904635,7.229325,-0.00330913,-0.9435973,-0.3309444,0.009434998,
1,1,0.413,0.9443281,1.907195,7.216347,-0.00330913,-0.9435973,-0.3309444,0.009434998,
1,1,0.415,0.9440687,1.909715,7.203374,-0.00330913,-0.9435973,-0.3309444,0.009434998,
1,1,0.417,0.9438093,1.912194,7.190405,-0.00330913,-0.9435973,-0.3309444,0.009434998,
1,1,0.419,0.94355,1.914633,7.177441,-0.00330913,-0.9435973,-0.3309444,0.009434998,
1,1,0.421,0.9432908,1.917032,7.164481,-0.00330913,-0.9435973,-0.3309444,0.009434998,
1,1,0.423,0.9430317,1.919391,7.151525,-0.00330913,-0.9435973,-0.3309444,0.009434998,
1,1,0.425,0.9427726,1.921709,7.138574,-0.00330913,-0.9435973,-0.3309444,0.009434998,
1,1,0.427,0.9425137,1.923988,7.125627,-0.00330913,-0.9435973,-0.3309444,0.009434998,
1,1,0.429,0.9422548,1.926226,7.112684,-0.00330913,-0.9435973,-0.3309444,0.009434998,
1,1,0.431,0.941996,1.928424,7.099746,-0.00330913,-0.9435973,-0.3309444,0.009434998,
1,1,0.433,0.9417374,1.930582,7.086812,-0.00330913,-0.9435973,-0.3309444,0.009434998,
1,1,0.435,0.9414788,1.9327,7.073882,-0.00330913,-0.9435973,-0.3309444,0.009434998,
1,1,0.437,0.9412203,1.934778,7.060957,-0.00330913,-0.9435973,-0.3309444,0.009434998,
1,1,0.439,0.9409618,1.936816,7.048036,-0.00330913,-0.9435973,-0.3309444,0.009434998,
1,1,0.441,0.9407035,1.938813,7.035119,-0.00330913,-0.9435973,-0.3309444,0.009434998,
1,1,0.443,0.9404452,1.940771,7.022206,-0.00330913,-0.9435973,-0.3309444,0.009434998,
1,1,0.445,0.9401871,1.942689,7.009298,-0.00330913,-0.9435973,-0.3309444,0.009434998,
1,1,0.447,0.939929,1.944566,6.996394,-0.00330913,-0.9435973,-0.3309444,0.009434998,
1,1,0.449,0.939671,1.946404,6.983495,-0.00330913,-0.9435973,-0.3309444,0.009434998,
1,1,0.451,0.9394131,1.948202,6.970599,-0.00330913,-0.9435973,-0.3309444,0.009434998,
1,1,0.453,0.9391553,1.94996,6.957708,-0.00330913,-0.9435973,-0.3309444,0.009434998,
1,1,0.455,0.9388976,1.951677,6.944821,-0.00330913,-0.9435973,-0.3309444,0.009434998,
1,1,0.457,0.9386399,1.953355,6.931939,-0.00330913,-0.9435973,-0.3309444,0.009434998,
1,1,0.459,0.9383823,1.954993,6.91906,-0.00330913,-0.9435973,-0.3309444,0.009434998,
1,1,0.461,0.9381248,1.956591,6.906186,-0.00330913,-0.9435973,-0.3309444,0.009434998,
1,1,0.463,0.9378675,1.958149,6.893316,-0.00330913,-0.9435973,-0.3309444,0.009434998,
1,1,0.465,0.9376101,1.959667,6.88045,-0.00330913,-0.9435973,-0.3309444,0.009434998,
1,1,0.467,0.9373529,1.961146,6.867589,-0.00330913,-0.9435973,-0.3309444,0.009434998,
1,1,0.469,0.9370958,1.962584,6.854732,-0.00330913,-0.9435973,-0.3309444,0.009434998,
1,1,0.471,0.9368387,1.963983,6.841879,-0.00330913,-0.9435973,-0.3309444,0.009434998,
1,1,0.473,0.9365817,1.965342,6.82903,-0.00330913,-0.9435973,-0.3309444,0.009434998,
1,1,0.475,0.9363248,1.966661,6.816185,-0.00330913,-0.9435973,-0.3309444,0.009434998,
1,1,0.477,0.9360681,1.96794,6.803345,-0.00330913,-0.9435973,-0.3309444,0.009434998,
1,1,0.479,0.9358113,1.96918,6.790509,-0.00330913,-0.9435973,-0.3309444,0.009434998,
1,1,0.481,0.9355547,1.970379,6.777677,-0.00330913,-0.9435973,-0.3309444,0.009434998,
1,1,0.483,0.9352981,1.971539,6.764849,-0.00330913,-0.9435973,-0.3309444,0.009434998,
1,1,0.485,0.9350417,1.972659,6.752026,-0.00330913,-0.9435973,-0.3309444,0.009434998,
1,1,0.487,0.9347852,1.973739,6.739207,-0.00330913,-0.9435973,-0.3309444,0.009434998,
1,1,0.489,0.9345289,1.97478,6.726392,-0.00330913,-0.9435973,-0.3309444,0.009434998,
1,1,0.491,0.9342728,1.975781,6.713581,-0.00330913,-0.9435973,-0.3309444,0.009434998,
1,1,0.493,0.9340166,1.976742,6.700774,-0.00330913,-0.9435973,-0.3309444,0.009434998,
1,1,0.495,0.9337606,1.977664,6.687972,-0.00330913,-0.9435973,-0.3309444,0.009434998,
1,1,0.497,0.9335046,1.978546,6.675173,-0.00330913,-0.9435973,-0.3309444,0.009434998,
1,1,0.499,0.9332488,1.979388,6.662379,-0.00330913,-0.9435973,-0.3309444,0.009434998,
1,1,0.501,0.9329929,1.98019,6.649589,-0.00330913,-0.9435973,-0.3309444,0.009434998,
1,1,0.503,0.9327372,1.980953,6.636803,-0.00330913,-0.9435973,-0.3309444,0.009434998,
1,1,0.505,0.9324816,1.981676,6.624022,-0.00330913,-0.9435973,-0.3309444,0.009434998,
1,1,0.507,0.932226,1.98236,6.611244,-0.00330913,-0.9435973,-0.3309444,0.009434998,
1,1,0.509,0.9319705,1.983004,6.598471,-0.00330913,-0.9435973,-0.3309444,0.009434998,
1,1,0.511,0.9317152,1.983609,6.585701,-0.00330913,-0.9435973,-0.3309444,0.009434998,
1,1,0.513,0.9314599,1.984174,6.572937,-0.00330913,-0.9435973,-0.3309444,0.009434998,
1,1,0.515,0.9312047,1.984699,6.560175,-0.00330913,-0.9435973,-0.3309444,0.009434998,
1,1,0.517,0.9309496,1.985185,6.547419,-0.00330913,-0.9435973,-0.3309444,0.009434998,
1,1,0.519,0.9306945,1.985631,6.534666,-0.00330913,-0.9435973,-0.3309444,0.009434998,
1,1,0.521,0.9304395,1.986038,6.521917,-0.00330913,-0.9435973,-0.3309444,0.009434998,
1,1,0.523,0.9301847,1.986405,6.509173,-0.00330913,-0.9435973,-0.3309444,0.009434998,
1,1,0.525,0.9299299,1.986733,6.496433,-0.00330913,-0.9435973,-0.3309444,0.009434998,
1,1,0.527,0.9296751,1.987021,6.483696,-0.00330913,-0.9435973,-0.3309444,0.009434998,
1,1,0.529,0.9294205,1.98727,6.470964,-0.00330913,-0.9435973,-0.3309444,0.009434998,
1,1,0.531,0.9291659,1.987479,6.458237,-0.00330913,-0.9435973,-0.3309444,0.009434998,
1,1,0.533,0.9289114,1.987649,6.445513,-0.00330913,-0.9435973,-0.3309444,0.009434998,
1,1,0.535,0.928657,1.98778,6.432793,-0.00330913,-0.9435973,-0.3309444,0.009434998,
1,1,0.537,0.9284027,1.987871,6.420078,-0.00330913,-0.9435973,-0.3309444,0.009434998,
1,1,0.539,0.9281485,1.987923,6.407366,-0.00330913,-0.9435973,-0.3309444,0.009434998,
1,1,0.541,0.9278944,1.987935,6.394659,-0.00330913,-0.9435973,-0.3309444,0.009434998,
1,1,0.543,0.9276403,1.987908,6.381956,-0.00330913,-0.9435973,-0.3309444,0.009434998,
1,1,0.545,0.9273863,1.987841,6.369257,-0.00330913,-0.9435973,-0.3309444,0.009434998,
1,1,0.547,0.9271324,1.987736,6.356562,-0.00330913,-0.9435973,-0.3309444,0.009434998,
1,1,0.549,0.9268786,1.987591,6.343871,-0.00330913,-0.9435973,-0.3309444,0.009434998,
1,1,0.551,0.9266249,1.987406,6.331184,-0.00330913,-0.9435973,-0.3309444,0.009434998,
1,1,0.553,0.9263712,1.987182,6.318501,-0.00330913,-0.9435973,-0.3309444,0.009434998,
1,1,0.555,0.9261177,1.986919,6.305823,-0.00330913,-0.9435973,-0.3309444,0.009434998,
1,1,0.557,0.9258642,1.986617,6.293149,-0.00330913,-0.9435973,-0.3309444,0.009434998,
1,1,0.559,0.9256107,1.986275,6.280478,-0.00330913,-0.9435973,-0.3309444,0.009434998,
1,1,0.561,0.9253574,1.985895,6.267811,-0.00330913,-0.9435973,-0.3309444,0.009434998,
1,1,0.563,0.9251041,1.985474,6.255149,-0.00330913,-0.9435973,-0.3309444,0.009434998,
1,1,0.565,0.9248509,1.985015,6.242491,-0.00330913,-0.9435973,-0.3309444,0.009434998,
1,1,0.567,0.9245979,1.984517,6.229837,-0.00330913,-0.9435973,-0.3309444,0.009434998,
1,1,0.569,0.9243449,1.983979,6.217187,-0.00330913,-0.9435973,-0.3309444,0.009434998,
1,1,0.571,0.924092,1.983402,6.204541,-0.00330913,-0.9435973,-0.3309444,0.009434998,
1,1,0.573,0.9238392,1.982785,6.191899,-0.00330913,-0.9435973,-0.3309444,0.009434998,
1,1,0.575,0.9235864,1.98213,6.179261,-0.00330913,-0.9435973,-0.3309444,0.009434998,
1,1,0.577,0.9233338,1.981436,6.166628,-0.00330913,-0.9435973,-0.3309444,0.009434998,
1,1,0.579,0.9230812,1.980702,6.153998,-0.00330913,-0.9435973,-0.3309444,0.009434998,
1,1,0.581,0.9228287,1.979929,6.141373,-0.00330913,-0.9435973,-0.3309444,0.009434998,
1,1,0.583,0.9225762,1.979117,6.128751,-0.00330913,-0.9435973,-0.3309444,0.009434998,
1,1,0.585,0.9223239,1.978266,6.116134,-0.00330913,-0.9435973,-0.3309444,0.009434998,
1,1,0.587,0.9220716,1.977376,6.10352,-0.00330913,-0.9435973,-0.3309444,0.009434998,
1,1,0.589,0.9218194,1.976446,6.090911,-0.00330913,-0.9435973,-0.3309444,0.009434998,
1,1,0.591,0.9215673,1.975478,6.078305,-0.00330913,-0.9435973,-0.3309444,0.009434998,
1,1,0.593,0.9213153,1.974471,6.065704,-0.00330913,-0.9435973,-0.3309444,0.009434998,
1,1,0.595,0.9210634,1.973424,6.053107,-0.00330913,-0.9435973,-0.3309444,0.009434998,
1,1,0.597,0.9208115,1.972339,6.040514,-0.00330913,-0.9435973,-0.3309444,0.009434998,
1,1,0.599,0.9205597,1.971214,6.027925,-0.00330913,-0.9435973,-0.3309444,0.009434998,
1,1,0.601,0.920308,1.970051,6.01534,-0.00330913,-0.9435973,-0.3309444,0.009434998,
1,1,0.603,0.9200563,1.968848,6.002759,-0.00330913,-0.9435973,-0.3309444,0.009434998,
1,1,0.605,0.9198048,1.967607,5.990182,-0.00330913,-0.9435973,-0.3309444,0.009434998,
1,1,0.607,0.9195533,1.966326,5.977609,-0.00330913,-0.9435973,-0.3309444,0.009434998,
1,1,0.609,0.9193019,1.965007,5.96504,-0.00330913,-0.9435973,-0.3309444,0.009434998,
1,1,0.611,0.9190506,1.963648,5.952476,-0.00330913,-0.9435973,-0.3309444,0.009434998,
1,1,0.613,0.9187994,1.962251,5.939915,-0.00330913,-0.9435973,-0.3309444,0.009434998,
1,1,0.615,0.9185483,1.960815,5.927358,-0.00330913,-0.9435973,-0.3309444,0.009434998,
1,1,0.617,0.9182972,1.95934,5.914805,-0.00330913,-0.9435973,-0.3309444,0.009434998,
1,1,0.619,0.9180463,1.957826,5.902256,-0.00330913,-0.9435973,-0.3309444,0.009434998,
1,1,0.621,0.9177954,1.956273,5.889712,-0.00330913,-0.9435973,-0.3309444,0.009434998,
1,1,0.623,0.9175446,1.954681,5.877171,-0.00330913,-0.9435973,-0.3309444,0.009434998,
1,1,0.625,0.9172939,1.95305,5.864634,-0.00330913,-0.9435973,-0.3309444,0.009434998,
1,1,0.627,0.9170433,1.951381,5.852102,-0.00330913,-0.9435973,-0.3309444,0.009434998,
1,1,0.629,0.9167927,1.949672,5.839573,-0.00330913,-0.9435973,-0.3309444,0.009434998,
1,1,0.631,0.9165422,1.947925,5.827049,-0.00330913,-0.9435973,-0.3309444,0.009434998,
1,1,0.633,0.9162918,1.946139,5.814528,-0.00330913,-0.9435973,-0.3309444,0.009434998,
1,1,0.635,0.9160415,1.944314,5.802011,-0.00330913,-0.9435973,-0.3309444,0.009434998,
1,1,0.637,0.9157913,1.942451,5.789499,-0.00330913,-0.9435973,-0.3309444,0.009434998,
1,1,0.639,0.9155411,1.940548,5.776991,-0.00330913,-0.9435973,-0.3309444,0.009434998,
1,1,0.641,0.915291,1.938607,5.764486,-0.00330913,-0.9435973,-0.3309444,0.009434998,
1,1,0.643,0.915041,1.936627,5.751986,-0.00330913,-0.9435973,-0.3309444,0.009434998,
1,1,0.645,0.9147911,1.934609,5.73949,-0.00330913,-0.9435973,-0.3309444,0.009434998,
1,1,0.647,0.9145412,1.932551,5.726997,-0.00330913,-0.9435973,-0.3309444,0.009434998,
1,1,0.649,0.9142915,1.930455,5.714509,-0.00330913,-0.9435973,-0.3309444,0.009434998,
1,1,0.651,0.9140418,1.928321,5.702024,-0.00330913,-0.9435973,-0.3309444,0.009434998,
1,1,0.653,0.9137922,1.926147,5.689544,-0.00330913,-0.9435973,-0.3309444,0.009434998,
1,1,0.655,0.9135427,1.923935,5.677068,-0.00330913,-0.9435973,-0.3309444,0.009434998,
1,1,0.657,0.9132932,1.921684,5.664596,-0.00330913,-0.9435973,-0.3309444,0.009434998,
1,1,0.659,0.9130439,1.919395,5.652128,-0.00330913,-0.9435973,-0.3309444,0.009434998,
1,1,0.661,0.9127946,1.917067,5.639663,-0.00330913,-0.9435973,-0.3309444,0.009434998,
1,1,0.663,0.9125454,1.9147,5.627203,-0.00330913,-0.9435973,-0.3309444,0.009434998,
1,1,0.665,0.9122962,1.912295,5.614748,-0.00330913,-0.9435973,-0.3309444,0.009434998,
1,1,0.667,0.9120472,1.909851,5.602295,-0.00330913,-0.9435973,-0.3309444,0.009434998,
1,1,0.669,0.9117982,1.907368,5.589847,-0.00330913,-0.9435973,-0.3309444,0.009434998,
1,1,0.671,0.9115493,1.904847,5.577403,-0.00330913,-0.9435973,-0.3309444,0.009434998,
1,1,0.673,0.9113005,1.902288,5.564963,-0.00330913,-0.9435973,-0.3309444,0.009434998,
1,1,0.675,0.9110518,1.89969,5.552527,-0.00330913,-0.9435973,-0.3309444,0.009434998,
1,1,0.677,0.9108031,1.897053,5.540095,-0.00330913,-0.9435973,-0.3309444,0.009434998,
1,1,0.679,0.9105546,1.894378,5.527667,-0.00330913,-0.9435973,-0.3309444,0.009434998,
1,1,0.681,0.9103061,1.891664,5.515243,-0.00330913,-0.9435973,-0.3309444,0.009434998,
1,1,0.683,0.9100577,1.888912,5.502823,-0.00330913,-0.9435973,-0.3309444,0.009434998,
1,1,0.685,0.9098094,1.886121,5.490407,-0.00330913,-0.9435973,-0.3309444,0.009434998,
1,1,0.687,0.9095611,1.883292,5.477995,-0.00330913,-0.9435973,-0.3309444,0.009434998,
1,1,0.689,0.9093129,1.880424,5.465587,-0.00330913,-0.9435973,-0.3309444,0.009434998,
1,1,0.691,0.9090648,1.877518,5.453183,-0.00330913,-0.9435973,-0.3309444,0.009434998,
1,1,0.693,0.9088168,1.874574,5.440784,-0.00330913,-0.9435973,-0.3309444,0.009434998,
1,1,0.695,0.9085689,1.871591,5.428388,-0.00330913,-0.9435973,-0.3309444,0.009434998,
1,1,0.697,0.908321,1.86857,5.415996,-0.00330913,-0.9435973,-0.3309444,0.009434998,
1,1,0.699,0.9080733,1.86551,5.403607,-0.00330913,-0.9435973,-0.3309444,0.009434998,
1,1,0.701,0.9078256,1.862412,5.391224,-0.00330913,-0.9435973,-0.3309444,0.009434998,
1,1,0.703,0.9075781,1.859276,5.378844,-0.00330913,-0.9435973,-0.3309444,0.009434998,
1,1,0.705,0.9073306,1.856101,5.366468,-0.00330913,-0.9435973,-0.3309444,0.009434998,
1,1,0.707,0.9070832,1.852888,5.354096,-0.00330913,-0.9435973,-0.3309444,0.009434998,
1,1,0.709,0.9068358,1.849636,5.341729,-0.00330913,-0.9435973,-0.3309444,0.009434998,
1,1,0.711,0.9065886,1.846346,5.329365,-0.00330913,-0.9435973,-0.3309444,0.009434998,
1,1,0.713,0.9063414,1.843018,5.317006,-0.00330913,-0.9435973,-0.3309444,0.009434998,
1,1,0.715,0.9060943,1.839652,5.30465,-0.00330913,-0.9435973,-0.3309444,0.009434998,
1,1,0.717,0.9058473,1.836247,5.292298,-0.00330913,-0.9435973,-0.3309444,0.009434998,
1,1,0.719,0.9056003,1.832804,5.279951,-0.00330913,-0.9435973,-0.3309444,0.009434998,
1,1,0.721,0.9053534,1.829323,5.267607,-0.00330913,-0.9435973,-0.3309444,0.009434998,
1,1,0.723,0.9051067,1.825804,5.255268,-0.00330913,-0.9435973,-0.3309444,0.009434998,
1,1,0.725,0.90486,1.822246,5.242932,-0.00330913,-0.9435973,-0.3309444,0.009434998,
1,1,0.727,0.9046133,1.81865,5.2306,-0.00330913,-0.9435973,-0.3309444,0.009434998,
1,1,0.729,0.9043668,1.815016,5.218273,-0.00330913,-0.9435973,-0.3309444,0.009434998,
1,1,0.731,0.9041203,1.811344,5.20595,-0.00330913,-0.9435973,-0.3309444,0.009434998,
1,1,0.733,0.9038739,1.807634,5.19363,-0.00330913,-0.9435973,-0.3309444,0.009434998,
1,1,0.735,0.9036276,1.803885,5.181314,-0.00330913,-0.9435973,-0.3309444,0.009434998,
1,1,0.737,0.9033814,1.800098,5.169003,-0.00330913,-0.9435973,-0.3309444,0.009434998,
1,1,0.739,0.9031352,1.796273,5.156696,-0.00330913,-0.9435973,-0.3309444,0.009434998,
1,1,0.741,0.9028892,1.79241,5.144393,-0.00330913,-0.9435973,-0.3309444,0.009434998,
1,1,0.743,0.9026432,1.788509,5.132093,-0.00330913,-0.9435973,-0.3309444,0.009434998,
1,1,0.745,0.9023973,1.78457,5.119798,-0.00330913,-0.9435973,-0.3309444,0.009434998,
1,1,0.747,0.9021515,1.780593,5.107507,-0.00330913,-0.9435973,-0.3309444,0.009434998,
1,1,0.749,0.9019057,1.776578,5.09522,-0.00330913,-0.9435973,-0.3309444,0.009434998,
1,1,0.751,0.90166,1.772524,5.082937,-0.00330913,-0.9435973,-0.3309444,0.009434998,
1,1,0.753,0.9014145,1.768433,5.070658,-0.00330913,-0.9435973,-0.3309444,0.009434998,
1,1,0.755,0.9011689,1.764304,5.058383,-0.00330913,-0.9435973,-0.3309444,0.009434998,
1,1,0.757,0.9009235,1.760136,5.046112,-0.00330913,-0.9435973,-0.3309444,0.009434998,
1,1,0.759,0.9006782,1.755931,5.033845,-0.00330913,-0.9435973,-0.3309444,0.009434998,
1,1,0.761,0.9004329,1.751687,5.021582,-0.00330913,-0.9435973,-0.3309444,0.009434998,
1,1,0.763,0.9001877,1.747406,5.009324,-0.00330913,-0.9435973,-0.3309444,0.009434998,
1,1,0.765,0.8999426,1.743087,4.997069,-0.00330913,-0.9435973,-0.3309444,0.009434998,
1,1,0.767,0.8996976,1.738729,4.984818,-0.00330913,-0.9435973,-0.3309444,0.009434998,
1,1,0.769,0.8994527,1.734334,4.972571,-0.00330913,-0.9435973,-0.3309444,0.009434998,
1,1,0.771,0.8992078,1.729901,4.960329,-0.00330913,-0.9435973,-0.3309444,0.009434998,
1,1,0.773,0.8989631,1.72543,4.94809,-0.00330913,-0.9435973,-0.3309444,0.009434998,
1,1,0.775,0.8987184,1.720921,4.935855,-0.00330913,-0.9435973,-0.3309444,0.009434998,
1,1,0.777,0.8984738,1.716374,4.923625,-0.00330913,-0.9435973,-0.3309444,0.009434998,
1,1,0.779,0.8982293,1.711789,4.911398,-0.00330913,-0.9435973,-0.3309444,0.009434998,
1,1,0.781,0.8979849,1.707167,4.899176,-0.00330913,-0.9435973,-0.3309444,0.009434998,
1,1,0.783,0.8977405,1.702507,4.886958,-0.00330913,-0.9435973,-0.3309444,0.009434998,
1,1,0.785,0.8974962,1.697808,4.874743,-0.00330913,-0.9435973,-0.3309444,0.009434998,
1,1,0.787,0.897252,1.693072,4.862534,-0.00330913,-0.9435973,-0.3309444,0.009434998,
1,1,0.789,0.8970079,1.688299,4.850327,-0.00330913,-0.9435973,-0.3309444,0.009434998,
1,1,0.791,0.8967639,1.683487,4.838125,-0.00330913,-0.9435973,-0.3309444,0.009434998,
1,1,0.793,0.8965199,1.678638,4.825927,-0.00330913,-0.9435973,-0.3309444,0.009434998,
1,1,0.795,0.896276,1.673751,4.813734,-0.00330913,-0.9435973,-0.3309444,0.009434998,
1,1,0.797,0.8960322,1.668826,4.801544,-0.00330913,-0.9435973,-0.3309444,0.009434998,
1,1,0.799,0.8957885,1.663863,4.789358,-0.00330913,-0.9435973,-0.3309444,0.009434998,
1,1,0.801,0.8955448,1.658863,4.777176,-0.00330913,-0.9435973,-0.3309444,0.009434998,
1,1,0.803,0.8953013,1.653825,4.764999,-0.00330913,-0.9435973,-0.3309444,0.009434998,
1,1,0.805,0.8950578,1.648749,4.752825,-0.00330913,-0.9435973,-0.3309444,0.009434998,
1,1,0.807,0.8948144,1.643636,4.740656,-0.00330913,-0.9435973,-0.3309444,0.009434998,
1,1,0.809,0.8945711,1.638485,4.728491,-0.00330913,-0.9435973,-0.3309444,0.009434998,
1,1,0.811,0.8943279,1.633297,4.71633,-0.00330913,-0.9435973,-0.3309444,0.009434998,
1,1,0.813,0.8940848,1.62807,4.704172,-0.00330913,-0.9435973,-0.3309444,0.009434998,
1,1,0.815,0.8938417,1.622806,4.692019,-0.00330913,-0.9435973,-0.3309444,0.009434998,
1,1,0.817,0.8935987,1.617505,4.679871,-0.00330913,-0.9435973,-0.3309444,0.009434998,
1,1,0.819,0.8933558,1.612166,4.667726,-0.00330913,-0.9435973,-0.3309444,0.009434998,
1,1,0.821,0.893113,1.606789,4.655585,-0.00330913,-0.9435973,-0.3309444,0.009434998,
1,1,0.823,0.8928703,1.601375,4.643448,-0.00330913,-0.9435973,-0.3309444,0.009434998,
1,1,0.825,0.8926277,1.595923,4.631316,-0.00330913,-0.9435973,-0.3309444,0.009434998,
1,1,0.827,0.8923851,1.590434,4.619187,-0.00330913,-0.9435973,-0.3309444,0.009434998,
1,1,0.829,0.8921426,1.584907,4.607063,-0.00330913,-0.9435973,-0.3309444,0.009434998,
1,1,0.831,0.8919002,1.579343,4.594943,-0.00330913,-0.9435973,-0.3309444,0.009434998,
1,1,0.833,0.8916578,1.573741,4.582826,-0.00330913,-0.9435973,-0.3309444,0.009434998,
1,1,0.835,0.8914156,1.568102,4.570714,-0.00330913,-0.9435973,-0.3309444,0.009434998,
1,1,0.837,0.8911734,1.562425,4.558607,-0.00330913,-0.9435973,-0.3309444,0.009434998,
1,1,0.839,0.8909313,1.556711,4.546503,-0.00330913,-0.9435973,-0.3309444,0.009434998,
1,1,0.841,0.8906893,1.550959,4.534403,-0.00330913,-0.9435973,-0.3309444,0.009434998,
1,1,0.843,0.8904474,1.54517,4.522307,-0.00330913,-0.9435973,-0.3309444,0.009434998,
1,1,0.845,0.8902056,1.539344,4.510216,-0.00330913,-0.9435973,-0.3309444,0.009434998,
1,1,0.847,0.8899639,1.53348,4.498128,-0.00330913,-0.9435973,-0.3309444,0.009434998,
1,1,0.849,0.8897222,1.527579,4.486045,-0.00330913,-0.9435973,-0.3309444,0.009434998,
1,1,0.851,0.8894807,1.521641,4.473966,-0.00330913,-0.9435973,-0.3309444,0.009434998,
1,1,0.853,0.8892391,1.515665,4.461891,-0.00330913,-0.9435973,-0.3309444,0.009434998,
1,1,0.855,0.8889977,1.509652,4.449821,-0.00330913,-0.9435973,-0.3309444,0.009434998,
1,1,0.857,0.8887564,1.503601,4.437754,-0.00330913,-0.9435973,-0.3309444,0.009434998,
1,1,0.859,0.8885151,1.497513,4.425691,-0.00330913,-0.9435973,-0.3309444,0.009434998,
1,1,0.861,0.888274,1.491388,4.413633,-0.00330913,-0.9435973,-0.3309444,0.009434998,
1,1,0.863,0.8880329,1.485226,4.401578,-0.00330913,-0.9435973,-0.3309444,0.009434998,
1,1,0.865,0.8877919,1.479026,4.389528,-0.00330913,-0.9435973,-0.3309444,0.009434998,
1,1,0.867,0.887551,1.47279,4.377482,-0.00330913,-0.9435973,-0.3309444,0.009434998,
1,1,0.869,0.8873101,1.466516,4.36544,-0.00330913,-0.9435973,-0.3309444,0.009434998,
1,1,0.871,0.8870694,1.460204,4.353403,-0.00330913,-0.9435973,-0.3309444,0.009434998,
1,1,0.873,0.8868287,1.453856,4.34137,-0.00330913,-0.9435973,-0.3309444,0.009434998,
1,1,0.875,0.8865882,1.447471,4.32934,-0.00330913,-0.9435973,-0.3309444,0.009434998,
1,1,0.877,0.8863477,1.441048,4.317315,-0.00330913,-0.9435973,-0.3309444,0.009434998,
1,1,0.879,0.8861072,1.434588,4.305294,-0.00330913,-0.9435973,-0.3309444,0.009434998,
1,1,0.881,0.8858669,1.428091,4.293277,-0.00330913,-0.9435973,-0.3309444,0.009434998,
1,1,0.883,0.8856266,1.421557,4.281265,-0.00330913,-0.9435973,-0.3309444,0.009434998,
1,1,0.885,0.8853864,1.414985,4.269256,-0.00330913,-0.9435973,-0.3309444,0.009434998,
1,1,0.887,0.8851463,1.408377,4.257252,-0.00330913,-0.9435973,-0.3309444,0.009434998,
1,1,0.889,0.8849064,1.401731,4.245252,-0.00330913,-0.9435973,-0.3309444,0.009434998,
1,1,0.891,0.8846664,1.395049,4.233256,-0.00330913,-0.9435973,-0.3309444,0.009434998,
1,1,0.893,0.8844266,1.388329,4.221264,-0.00330913,-0.9435973,-0.3309444,0.009434998,
1,1,0.895,0.8841869,1.381573,4.209277,-0.00330913,-0.9435973,-0.3309444,0.009434998,
1,1,0.897,0.8839472,1.374779,4.197293,-0.00330913,-0.9435973,-0.3309444,0.009434998,
1,1,0.899,0.8837076,1.367949,4.185314,-0.00330913,-0.9435973,-0.3309444,0.009434998,
1,1,0.901,0.8834681,1.361081,4.173339,-0.00330913,-0.9435973,-0.3309444,0.009434998,
1,1,0.903,0.8832287,1.354177,4.161368,-0.00330913,-0.9435973,-0.3309444,0.009434998,
1,1,0.905,0.8829893,1.347235,4.149402,-0.00330913,-0.9435973,-0.3309444,0.009434998,
1,1,0.907,0.8827501,1.340257,4.137439,-0.00330913,-0.9435973,-0.3309444,0.009434998,
1,1,0.909,0.882511,1.333242,4.125481,-0.00330913,-0.9435973,-0.3309444,0.009434998,
1,1,0.911,0.8822719,1.326189,4.113527,-0.00330913,-0.9435973,-0.3309444,0.009434998,
1,1,0.913,0.8820329,1.3191,4.101578,-0.00330913,-0.9435973,-0.3309444,0.009434998,
1,1,0.915,0.881794,1.311974,4.089632,-0.00330913,-0.9435973,-0.3309444,0.009434998,
1,1,0.917,0.8815551,1.304812,4.077691,-0.00330913,-0.9435973,-0.3309444,0.009434998,
1,1,0.919,0.8813164,1.297612,4.065754,-0.00330913,-0.9435973,-0.3309444,0.009434998,
1,1,0.921,0.8810777,1.290375,4.053821,-0.00330913,-0.9435973,-0.3309444,0.009434998,
1,1,0.923,0.8808392,1.283102,4.041893,-0.00330913,-0.9435973,-0.3309444,0.009434998,
1,1,0.925,0.8806007,1.275792,4.029968,-0.00330913,-0.9435973,-0.3309444,0.009434998,
1,1,0.927,0.8803623,1.268445,4.018048,-0.00330913,-0.9435973,-0.3309444,0.009434998,
1,1,0.929,0.880124,1.261062,4.006132,-0.00330913,-0.9435973,-0.3309444,0.009434998,
1,1,0.931,0.8798857,1.253641,3.994221,-0.00330913,-0.9435973,-0.3309444,0.009434998,
1,1,0.933,0.8796476,1.246184,3.982313,-0.00330913,-0.9435973,-0.3309444,0.009434998,
1,1,0.935,0.8794095,1.23869,3.97041,-0.00330913,-0.9435973,-0.3309444,0.009434998,
1,1,0.937,0.8791716,1.23116,3.958512,-0.00330913,-0.9435973,-0.3309444,0.009434998,
1,1,0.939,0.8789337,1.223593,3.946617,-0.00330913,-0.9435973,-0.3309444,0.009434998,
1,1,0.941,0.8786958,1.215989,3.934726,-0.00330913,-0.9435973,-0.3309444,0.009434998,
1,1,0.943,0.8784581,1.208348,3.92284,-0.00330913,-0.9435973,-0.3309444,0.009434998,
1,1,0.945,0.8782205,1.200671,3.910959,-0.00330913,-0.9435973,-0.3309444,0.009434998,
1,1,0.947,0.8779829,1.192958,3.899081,-0.00330913,-0.9435973,-0.3309444,0.009434998,
1,1,0.949,0.8777454,1.185207,3.887208,-0.00330913,-0.9435973,-0.3309444,0.009434998,
1,1,0.951,0.8775081,1.17742,3.875339,-0.00330913,-0.9435973,-0.3309444,0.009434998,
1,1,0.953,0.8772708,1.169597,3.863474,-0.00330913,-0.9435973,-0.3309444,0.009434998,
1,1,0.955,0.8770336,1.161737,3.851614,-0.00330913,-0.9435973,-0.3309444,0.009434998,
1,1,0.957,0.8767965,1.15384,3.839758,-0.00330913,-0.9435973,-0.3309444,0.009434998,
1,1,0.959,0.8765594,1.145907,3.827906,-0.00330913,-0.9435973,-0.3309444,0.009434998,
1,1,0.961,0.8763224,1.137938,3.816058,-0.00330913,-0.9435973,-0.3309444,0.009434998,
1,1,0.963,0.8760856,1.129932,3.804215,-0.00330913,-0.9435973,-0.3309444,0.009434998,
1,1,0.965,0.8758488,1.121889,3.792376,-0.00330913,-0.9435973,-0.3309444,0.009434998,
1,1,0.967,0.8756121,1.113811,3.780542,-0.00330913,-0.9435973,-0.3309444,0.009434998,
1,1,0.969,0.8753755,1.105695,3.768711,-0.00330913,-0.9435973,-0.3309444,0.009434998,
1,1,0.971,0.875139,1.097543,3.756885,-0.00330913,-0.9435973,-0.3309444,0.009434998,
1,1,0.973,0.8749025,1.089355,3.745064,-0.00330913,-0.9435973,-0.3309444,0.009434998,
1,1,0.975,0.8746662,1.081131,3.733246,-0.00330913,-0.9435973,-0.3309444,0.009434998,
1,1,0.977,0.8744299,1.07287,3.721433,-0.00330913,-0.9435973,-0.3309444,0.009434998,
1,1,0.979,0.8741938,1.064572,3.709624,-0.00330913,-0.9435973,-0.3309444,0.009434998,
1,1,0.981,0.8739577,1.056239,3.69782,-0.00330913,-0.9435973,-0.3309444,0.009434998,
1,1,0.983,0.8737217,1.047869,3.68602,-0.00330913,-0.9435973,-0.3309444,0.009434998,
1,1,0.985,0.8734857,1.039463,3.674224,-0.00330913,-0.9435973,-0.3309444,0.009434998,
1,1,0.987,0.8732499,1.03102,3.662433,-0.00330913,-0.9435973,-0.3309444,0.009434998,
1,1,0.989,0.8730142,1.022542,3.650645,-0.00330913,-0.9435973,-0.3309444,0.009434998,
1,1,0.991,0.8727785,1.014026,3.638863,-0.00330913,-0.9435973,-0.3309444,0.009434998,
1,1,0.993,0.872543,1.005475,3.627084,-0.00330913,-0.9435973,-0.3309444,0.009434998,
1,1,0.995,0.8723075,0.9968879,3.61531,-0.00330913,-0.9435973,-0.3309444,0.009434998,
1,1,0.997,0.8720721,0.9882643,3.603541,-0.00330913,-0.9435973,-0.3309444,0.009434998,
1,1,0.999,0.8718368,0.9796044,3.591776,-0.00330913,-0.9435973,-0.3309444,0.009434998,
1,1,1.001,0.8716016,0.9709085,3.580015,-0.00330913,-0.9435973,-0.3309444,0.009434998,
1,1,1.003,0.8713664,0.9621763,3.568258,-0.00330913,-0.9435973,-0.3309444,0.009434998,
1,1,1.005,0.8711314,0.9534081,3.556506,-0.00330913,-0.9435973,-0.3309444,0.009434998,
1,1,1.007,0.8708965,0.9446037,3.544758,-0.00330913,-0.9435973,-0.3309444,0.009434998,
1,1,1.009,0.8706616,0.9357632,3.533015,-0.00330913,-0.9435973,-0.3309444,0.009434998,
1,1,1.011,0.8704268,0.9268867,3.521276,-0.00330913,-0.9435973,-0.3309444,0.009434998,
1,1,1.013,0.8701921,0.9179742,3.509541,-0.00330913,-0.9435973,-0.3309444,0.009434998,
1,1,1.015,0.8699575,0.9090255,3.497811,-0.00330913,-0.9435973,-0.3309444,0.009434998,
1,1,1.017,0.869723,0.9000409,3.486085,-0.00330913,-0.9435973,-0.3309444,0.009434998,
1,1,1.019,0.8694886,0.8910203,3.474364,-0.00330913,-0.9435973,-0.3309444,0.009434998,
1,1,1.021,0.8692542,0.8819637,3.462646,-0.00330913,-0.9435973,-0.3309444,0.009434998,
1,1,1.023,0.86902,0.8728711,3.450934,-0.00330913,-0.9435973,-0.3309444,0.009434998,
1,1,1.025,0.8687859,0.8637426,3.439225,-0.00330913,-0.9435973,-0.3309444,0.009434998,
1,1,1.027,0.8685518,0.8545781,3.427522,-0.00330913,-0.9435973,-0.3309444,0.009434998,
1,1,1.029,0.8683178,0.8453777,3.415822,-0.00330913,-0.9435973,-0.3309444,0.009434998,
1,1,1.031,0.8680839,0.8361415,3.404127,-0.00330913,-0.9435973,-0.3309444,0.009434998,
1,1,1.033,0.8678501,0.8268693,3.392437,-0.00330913,-0.9435973,-0.3309444,0.009434998,
1,1,1.035,0.8676164,0.8175613,3.380751,-0.00330913,-0.9435973,-0.3309444,0.009434998,
1,1,1.037,0.8673827,0.8082175,3.369069,-0.00330913,-0.9435973,-0.3309444,0.009434998,
1,1,1.039,0.8671492,0.7988378,3.357392,-0.00330913,-0.9435973,-0.3309444,0.009434998,
1,1,1.041,0.8669157,0.7894223,3.345719,-0.00330913,-0.9435973,-0.3309444,0.009434998,
1,1,1.043,0.8666824,0.7799711,3.33405,-0.00330913,-0.9435973,-0.3309444,0.009434998,
1,1,1.045,0.8664491,0.770484,3.322387,-0.00330913,-0.9435973,-0.3309444,0.009434998,
1,1,1.047,0.8662159,0.7609612,3.310727,-0.00330913,-0.9435973,-0.3309444,0.009434998,
1,1,1.049,0.8659828,0.7514027,3.299072,-0.00330913,-0.9435973,-0.3309444,0.009434998,
1,1,1.051,0.8657498,0.7418085,3.287421,-0.00330913,-0.9435973,-0.3309444,0.009434998,
1,1,1.053,0.8655168,0.7321786,3.275775,-0.00330913,-0.9435973,-0.3309444,0.009434998,
1,1,1.055,0.865284,0.722513,3.264134,-0.00330913,-0.9435973,-0.3309444,0.009434998,
1,1,1.057,0.8650513,0.7128118,3.252496,-0.00330913,-0.9435973,-0.3309444,0.009434998,
1,1,1.059,0.8648186,0.7030749,3.240864,-0.00330913,-0.9435973,-0.3309444,0.009434998,
1,1,1.061,0.8645861,0.6933024,3.229236,-0.00330913,-0.9435973,-0.3309444,0.009434998,
1,1,1.063,0.8643536,0.6834943,3.217612,-0.00330913,-0.9435973,-0.3309444,0.009434998,
1,1,1.065,0.8641212,0.6736506,3.205993,-0.00330913,-0.9435973,-0.3309444,0.009434998,
1,1,1.067,0.8638889,0.6637713,3.194378,-0.00330913,-0.9435973,-0.3309444,0.009434998,
1,1,1.069,0.8636567,0.6538565,3.182768,-0.00330913,-0.9435973,-0.3309444,0.009434998,
1,1,1.071,0.8634246,0.6439061,3.171162,-0.00330913,-0.9435973,-0.3309444,0.009434998,
1,1,1.073,0.8631926,0.6339203,3.159561,-0.00330913,-0.9435973,-0.3309444,0.009434998,
1,1,1.075,0.8629606,0.6238989,3.147964,-0.00330913,-0.9435973,-0.3309444,0.009434998,
1,1,1.077,0.8627288,0.6138421,3.136372,-0.00330913,-0.9435973,-0.3309444,0.009434998,
1,1,1.079,0.862497,0.6037498,3.124784,-0.00330913,-0.9435973,-0.3309444,0.009434998,
1,1,1.081,0.8622653,0.5936221,3.113201,-0.00330913,-0.9435973,-0.3309444,0.009434998,
1,1,1.083,0.8620338,0.583459,3.101622,-0.00330913,-0.9435973,-0.3309444,0.009434998,
1,1,1.085,0.8618023,0.5732604,3.090048,-0.00330913,-0.9435973,-0.3309444,0.009434998,
1,1,1.087,0.8615709,0.5630265,3.078479,-0.00330913,-0.9435973,-0.3309444,0.009434998,
1,1,1.089,0.8613396,0.5527573,3.066914,-0.00330913,-0.9435973,-0.3309444,0.009434998,
1,1,1.091,0.8611084,0.5424527,3.055353,-0.00330913,-0.9435973,-0.3309444,0.009434998,
1,1,1.093,0.8608773,0.5321127,3.043797,-0.00330913,-0.9435973,-0.3309444,0.009434998,
1,1,1.095,0.8606462,0.5217375,3.032246,-0.00330913,-0.9435973,-0.3309444,0.009434998,
1,1,1.097,0.8604153,0.5113269,3.020699,-0.00330913,-0.9435973,-0.3309444,0.009434998,
1,1,1.099,0.8601845,0.5008811,3.009156,-0.00330913,-0.9435973,-0.3309444,0.009434998,
1,1,1.101,0.8599537,0.4904,2.997619,-0.00330913,-0.9435973,-0.3309444,0.009434998,
1,1,1.103,0.859723,0.4798838,2.986086,-0.00330913,-0.9435973,-0.3309444,0.009434998,
1,1,1.105,0.8594925,0.4693323,2.974557,-0.00330913,-0.9435973,-0.3309444,0.009434998,
1,1,1.107,0.859262,0.4587457,2.963033,-0.00330913,-0.9435973,-0.3309444,0.009434998,
1,1,1.109,0.8590316,0.4481239,2.951514,-0.00330913,-0.9435973,-0.3309444,0.009434998,
1,1,1.111,0.8588013,0.4374669,2.939999,-0.00330913,-0.9435973,-0.3309444,0.009434998,
1,1,1.113,0.8585711,0.4267748,2.928488,-0.00330913,-0.9435973,-0.3309444,0.009434998,
1,1,1.115,0.858341,0.4160476,2.916983,-0.00330913,-0.9435973,-0.3309444,0.009434998,
1,1,1.117,0.858111,0.4052853,2.905482,-0.00330913,-0.9435973,-0.3309444,0.009434998,
1,1,1.119,0.857881,0.3944879,2.893985,-0.00330913,-0.9435973,-0.3309444,0.009434998,
1,1,1.121,0.8576512,0.3836555,2.882493,-0.00330913,-0.9435973,-0.3309444,0.009434998,
1,1,1.123,0.8574215,0.3727881,2.871006,-0.00330913,-0.9435973,-0.3309444,0.009434998,
1,1,1.125,0.8571918,0.3618856,2.859523,-0.00330913,-0.9435973,-0.3309444,0.009434998,
1,1,1.127,0.8569622,0.3509482,2.848045,-0.00330913,-0.9435973,-0.3309444,0.009434998,
1,1,1.129,0.8567327,0.3399757,2.836571,-0.00330913,-0.9435973,-0.3309444,0.009434998,
1,1,1.131,0.8565034,0.3289684,2.825103,-0.00330913,-0.9435973,-0.3309444,0.009434998,
1,1,1.133,0.8562741,0.317926,2.813638,-0.00330913,-0.9435973,-0.3309444,0.009434998,
1,1,1.135,0.8560449,0.3068489,2.802179,-0.00330913,-0.9435973,-0.3309444,0.009434998,
1,1,1.137,0.8558158,0.2957368,2.790724,-0.00330913,-0.9435973,-0.3309444,0.009434998,
1,1,1.139,0.8555868,0.2845898,2.779274,-0.00330913,-0.9435973,-0.3309444,0.009434998,
1,1,1.141,0.8553579,0.273408,2.767828,-0.00330913,-0.9435973,-0.3309444,0.009434998,
1,1,1.143,0.8551291,0.2621913,2.756387,-0.00330913,-0.9435973,-0.3309444,0.009434998,
1,1,1.145,0.8549003,0.2509399,2.744951,-0.00330913,-0.9435973,-0.3309444,0.009434998,
1,1,1.147,0.8546717,0.2396536,2.733519,-0.00330913,-0.9435973,-0.3309444,0.009434998,
1,1,1.149,0.8544431,0.2283326,2.722092,-0.00330913,-0.9435973,-0.3309444,0.009434998,
1,1,1.151,0.8542147,0.2169768,2.71067,-0.00330913,-0.9435973,-0.3309444,0.009434998,
1,1,1.153,0.8539863,0.2055863,2.699252,-0.00330913,-0.9435973,-0.3309444,0.009434998,
1,1,1.155,0.853758,0.194161,2.687839,-0.00330913,-0.9435973,-0.3309444,0.009434998,
1,1,1.157,0.8535299,0.1827011,2.67643,-0.00330913,-0.9435973,-0.3309444,0.009434998,
1,1,1.159,0.8533018,0.1712065,2.665027,-0.00330913,-0.9435973,-0.3309444,0.009434998,
1,1,1.161,0.8530738,0.1596773,2.653628,-0.00330913,-0.9435973,-0.3309444,0.009434998,
1,1,1.163,0.852846,0.1481134,2.642233,-0.00330913,-0.9435973,-0.3309444,0.009434998,
1,1,1.165,0.8526182,0.1365149,2.630844,-0.00330913,-0.9435973,-0.3309444,0.009434998,
1,1,1.167,0.8523905,0.1248818,2.619459,-0.00330913,-0.9435973,-0.3309444,0.009434998,
1,1,1.169,0.8521629,0.1132142,2.608079,-0.00330913,-0.9435973,-0.3309444,0.009434998,
1,1,1.171,0.8519354,0.101512,2.596703,-0.00330913,-0.9435973,-0.3309444,0.009434998,
1,1,1.173,0.8517079,0.08977529,2.585332,-0.00330913,-0.9435973,-0.3309444,0.009434998,
1,1,1.175,0.8514806,0.07800406,2.573966,-0.00330913,-0.9435973,-0.3309444,0.009434998,
1,1,1.177,0.8512534,0.06619835,2.562605,-0.00330913,-0.9435973,-0.3309444,0.009434998,
1,1,1.179,0.8510262,0.05435817,2.551248,-0.00330913,-0.9435973,-0.3309444,0.009434998,
1,1,1.181,0.8508046,0.04248362,2.539891,-0.00330913,-0.9435973,-0.3309444,0.009434998,CourtEnter
1,1,1.183,0.8506169,0.03858824,2.529997,-0.002757177,-0.9610925,-0.2760458,0.009610741,
1,1,1.185,0.8504626,0.04773405,2.521599,-0.001631525,-0.9864731,-0.1636181,0.009864531,
1,1,1.187,0.8503082,0.05683548,2.513201,-0.0004842811,-0.9987475,-0.04902511,0.009987261,
1,1,1.189,0.8501397,0.06589453,2.504781,0.0006693118,-0.9977556,0.06621067,0.009977331,CourtExit
1,1,1.191,0.8499712,0.07491062,2.496364,0.001813931,-0.9835135,0.1805586,0.009834902,
1,1,1.193,0.8498028,0.08388377,2.487948,0.00293438,-0.956213,0.2925007,0.009561893,
1,1,1.195,0.8496345,0.09281401,2.479535,0.00401579,-0.9162198,0.4005512,0.009161958,
1,1,1.197,0.8494661,0.1017014,2.471123,0.005043814,-0.8640674,0.5032767,0.008640438,
1,1,1.199,0.8492978,0.1105459,2.462714,0.006004819,-0.8004507,0.5993151,0.008004275,
1,1,1.201,0.8491296,0.1193475,2.454307,0.006886067,-0.7262164,0.6873933,0.007261941,
1,1,1.203,0.8489614,0.1281063,2.445901,0.007675886,-0.642352,0.7663444,0.006423308,
1,1,1.205,0.8487932,0.1368223,2.437498,0.008363815,-0.5499721,0.8351231,0.005499523,
1,1,1.207,0.8486251,0.1454956,2.429097,0.008940754,-0.4503036,0.8928194,0.004502858,
1,1,1.209,0.848457,0.1541261,2.420697,0.009399073,-0.3446703,0.9386705,0.003446545,
1,1,1.211,0.848289,0.1627139,2.4123,0.009732723,-0.234474,0.9720709,0.002344606,
1,1,1.213,0.848121,0.1712589,2.403905,0.009937305,-0.1211769,0.9925804,0.001211662,
1,1,1.215,0.847953,0.1797613,2.395512,0.01001014,-0.006281484,0.9999302,6.27368E-05,
1,1,1.217,0.8477851,0.188221,2.387121,0.009950276,0.108689,0.9940255,-0.001086936,
1,1,1.219,0.8476172,0.1966381,2.378732,0.009758551,0.2222109,0.9749473,-0.002222121,
1,1,1.221,0.8474494,0.2050126,2.370345,0.009437529,0.3327802,0.9429514,-0.003327779,
1,1,1.223,0.8472815,0.2133444,2.361959,0.00899149,0.4389325,0.8984644,-0.004389267,
1,1,1.225,0.8471138,0.2216337,2.353576,0.008426371,0.5392627,0.8420783,-0.005392533,
1,1,1.227,0.8469461,0.2298805,2.345195,0.007749679,0.6324429,0.7745425,-0.0063243,
1,1,1.229,0.8467783,0.2380847,2.336816,0.006970404,0.7172407,0.6967538,-0.007172244,
1,1,1.231,0.8466107,0.2462463,2.328439,0.006098887,0.792535,0.6097445,-0.007925156,
1,1,1.233,0.8464431,0.2543655,2.320064,0.005146681,0.857331,0.5146684,-0.008573085,
1,1,1.235,0.8462755,0.2624423,2.311691,0.004126411,0.9107733,0.4127858,-0.00910748,
1,1,1.237,0.846108,0.2704765,2.303319,0.003051593,0.9521567,0.3054466,-0.009521287,
1,1,1.239,0.8459405,0.2784684,2.29495,0.001936463,0.9809363,0.1940724,-0.00980906,
1,1,1.241,0.845773,0.2864179,2.286583,0.0007957851,0.9967337,0.08013763,-0.009967015,
1,1,1.243,0.8456057,0.2943249,2.278218,-0.0003553429,0.9993426,-0.03484954,-0.009993087,
1,1,1.245,0.8454383,0.3021896,2.269855,-0.001501691,0.9887312,-0.1493677,-0.009886961,
1,1,1.247,0.8452709,0.310012,2.261493,-0.002628098,0.9650426,-0.2619023,-0.009650069,
1,1,1.249,0.8451037,0.3177921,2.253134,-0.00371967,0.9285928,-0.3709655,-0.009285569,
1,1,1.251,0.8449364,0.3255298,2.244776,-0.00476198,0.8798665,-0.4751157,-0.008798308,
1,1,1.253,0.8447692,0.3332253,2.236421,-0.005741258,0.8195105,-0.5729769,-0.008194756,
1,1,1.255,0.844602,0.3408785,2.228068,-0.006644572,0.7483248,-0.6632571,-0.007482912,
1,1,1.257,0.8444349,0.3484895,2.219717,-0.007459997,0.6672526,-0.7447643,-0.006672206,
1,1,1.259,0.8442678,0.3560582,2.211367,-0.008176776,0.5773675,-0.8164231,-0.005773378,
1,1,1.261,0.8441008,0.3635848,2.20302,-0.008785456,0.4798591,-0.8772885,-0.004798322,
1,1,1.263,0.8439338,0.3710692,2.194674,-0.009278016,0.3760171,-0.9265587,-0.003759933,
1,1,1.265,0.8437667,0.3785114,2.18633,-0.009647974,0.2672148,-0.963585,-0.002671943,
1,1,1.267,0.8435999,0.3859115,2.177989,-0.009890466,0.1548901,-0.987881,-0.001548734,
1,1,1.269,0.843433,0.3932694,2.169649,-0.01000232,0.04052731,-0.9991283,-0.0004051465,
1,1,1.271,0.8432661,0.4005853,2.161311,-0.009982082,-0.0743631,-0.997181,0.0007437124,
1,1,1.273,0.8430993,0.407859,2.152975,-0.009830046,-0.1882639,-0.9820675,0.001882674,
1,1,1.275,0.8429325,0.4150907,2.14464,-0.009548245,-0.2996719,-0.9539899,0.002996705,
1,1,1.277,0.8427657,0.4222804,2.136308,-0.009140425,-0.4071168,-0.9133213,0.004071104,
1,1,1.279,0.8425991,0.429428,2.127978,-0.008611997,-0.5091814,-0.8606011,0.0050917,
1,1,1.281,0.8424324,0.4365337,2.11965,-0.007969952,-0.6045196,-0.7965275,0.006045034,
1,1,1.283,0.8422658,0.4435973,2.111324,-0.00722279,-0.6918751,-0.721948,0.006918542,
1,1,1.285,0.8420992,0.450619,2.103,-0.006380383,-0.7700968,-0.6378487,0.007700714,
1,1,1.287,0.8419327,0.4575987,2.094678,-0.005453867,-0.8381547,-0.545341,0.008381255,
1,1,1.289,0.8417661,0.4645365,2.086358,-0.004455477,-0.8951532,-0.4456465,0.008951204,
1,1,1.291,0.8415996,0.4714324,2.078039,-0.003398394,-0.940343,-0.3400813,0.009403069,
1,1,1.293,0.8414332,0.4782864,2.069723,-0.002296567,-0.9731302,-0.2300385,0.009730915,
1,1,1.295,0.8412668,0.4850985,2.061408,-0.001164532,-0.9930852,-0.1169698,0.009930442,
1,1,1.297,0.8411005,0.4918688,2.053095,-1.721515E-05,-0.9999472,-0.002366327,0.009999046,
1,1,1.299,0.8409342,0.4985973,2.044785,0.001130255,-0.9936285,0.112261,0.009935847,
1,1,1.301,0.8407679,0.5052839,2.036476,0.002262757,-0.9742147,0.2254015,0.009741704,
1,1,1.303,0.8406016,0.5119287,2.028169,0.003365367,-0.9419641,0.3355645,0.009419199,
1,1,1.305,0.8404354,0.5185317,2.019864,0.004423564,-0.8973044,0.441299,0.008972608,
1,1,1.307,0.8402693,0.525093,2.01156,0.005423416,-0.8408262,0.5412129,0.008407837,
1,1,1.309,0.8401031,0.5316125,2.003258,0.006351764,-0.7732755,0.6339913,0.007732349,
1,1,1.311,0.839937,0.5380903,1.994959,0.007196396,-0.6955441,0.7184137,0.006955062,
1,1,1.313,0.839771,0.5445263,1.986661,0.007946206,-0.6086577,0.7933698,0.006086231,
1,1,1.315,0.8396049,0.5509207,1.978365,0.008591335,-0.5137621,0.8578743,0.005137314,
1,1,1.317,0.839439,0.5572734,1.970071,0.009123309,-0.4121082,0.9110799,0.004120819,
1,1,1.319,0.839273,0.5635845,1.961779,0.009535146,-0.3050355,0.9522884,0.00305014,
1,1,1.321,0.8391071,0.5698539,1.953489,0.009821449,-0.1939543,0.9809595,0.001939381,
1,1,1.323,0.8389413,0.5760817,1.9452,0.009978475,-0.08032745,0.9967183,0.0008031676,
1,1,1.325,0.8387755,0.5822679,1.936914,0.01000418,0.03434942,0.9993598,-0.0003435432,
1,1,1.327,0.8386096,0.5884125,1.928629,0.009898244,0.1485671,0.9888517,-0.001485662,
1,1,1.329,0.8384439,0.5945155,1.920346,0.009662096,0.2608232,0.9653348,-0.002608164,
1,1,1.331,0.8382782,0.6005769,1.912065,0.00929886,0.3696416,0.9291205,-0.003696285,
1,1,1.333,0.8381125,0.6065969,1.903786,0.008813337,0.4735913,0.880688,-0.004735722,
1,1,1.335,0.8379468,0.6125752,1.895509,0.008211937,0.5713063,0.820676,-0.005712814,
1,1,1.337,0.8377813,0.6185121,1.887234,0.007502588,0.6615026,0.7498762,-0.006614723,
1,1,1.339,0.8376157,0.6244075,1.87896,0.00669464,0.7429959,0.6692213,-0.007429605,
1,1,1.341,0.8374501,0.6302614,1.870688,0.00579873,0.8147163,0.5797735,-0.008146765,
1,1,1.343,0.8372846,0.6360738,1.862419,0.004826651,0.8757231,0.4827102,-0.008756791,
1,1,1.345,0.8371192,0.6418449,1.85415,0.003791196,0.9252164,0.3793083,-0.009251689,
1,1,1.347,0.8369537,0.6475745,1.845884,0.002705978,0.9625477,0.2709279,-0.009624972,
1,1,1.349,0.8367884,0.6532627,1.83762,0.001585271,0.987229,0.1589941,-0.009871761,
1,1,1.351,0.836623,0.6589095,1.829357,0.0004438031,0.998938,0.04497805,-0.009988833,
1,1,1.353,0.8364577,0.6645149,1.821097,-0.0007034256,0.9975233,-0.06962194,-0.009974678,
1,1,1.355,0.8362924,0.6700789,1.812838,-0.001841346,0.9830061,-0.1833006,-0.009829503,
1,1,1.357,0.8361272,0.6756017,1.804581,-0.002955015,0.9555791,-0.2945652,-0.00955524,
1,1,1.359,0.8359619,0.6810831,1.796326,-0.004029813,0.9156049,-0.4019548,-0.009155511,
1,1,1.361,0.8357968,0.6865231,1.788072,-0.005051632,0.8636107,-0.5040601,-0.00863559,
1,1,1.363,0.8356317,0.6919219,1.779821,-0.006007068,0.8002811,-0.5995415,-0.008002323,
1,1,1.365,0.8354666,0.6972794,1.771571,-0.00688359,0.7264497,-0.6871469,-0.007264046,
1,1,1.367,0.8353015,0.7025956,1.763323,-0.007669705,0.6430872,-0.7657276,-0.006430463,
1,1,1.369,0.8351365,0.7078705,1.755077,-0.008355113,0.5512896,-0.8342539,-0.005512536,
1,1,1.371,0.8349715,0.7131042,1.746832,-0.008930839,0.452263,-0.8918284,-0.004522323,
1,1,1.373,0.8348065,0.7182968,1.73859,-0.009389346,0.3473081,-0.9376976,-0.00347283,
1,1,1.375,0.8346416,0.7234481,1.730349,-0.009724641,0.2378027,-0.9712619,-0.002377837,
1,1,1.377,0.8344768,0.7285582,1.72211,-0.00993235,0.1251842,-0.9920831,-0.001251715,
1,1,1.379,0.8343119,0.7336271,1.713873,-0.01000977,0.01093017,-0.9998902,-0.0001092415,
1,1,1.381,0.8341471,0.7386549,1.705638,-0.009955901,-0.1034606,-0.9945832,0.001034597,
1,1,1.383,0.8339823,0.7436416,1.697404,-0.00977148,-0.2164879,-0.976234,0.002164802,
1,1,1.385,0.8338176,0.7485871,1.689172,-0.009458946,-0.3266701,-0.9450855,0.003266555,
1,1,1.387,0.8336529,0.7534915,1.680942,-0.009022417,-0.4325632,-0.9015481,0.004325417,
1,1,1.389,0.8334882,0.7583547,1.672714,-0.008467639,-0.5327798,-0.8461949,0.005327515,
1,1,1.391,0.8333236,0.7631769,1.664488,-0.007801902,-0.6260073,-0.7797531,0.006259724,
1,1,1.393,0.833159,0.767958,1.656263,-0.007033949,-0.7110249,-0.7030957,0.007109837,
1,1,1.395,0.8329945,0.7726981,1.64804,-0.006173863,-0.7867202,-0.6172287,0.007866732,
1,1,1.397,0.83283,0.7773971,1.639819,-0.005232931,-0.8521028,-0.5232791,0.008520504,
1,1,1.399,0.8326654,0.7820551,1.6316,-0.004223491,-0.9063177,-0.4224789,0.009062604,
1,1,1.401,0.832501,0.7866721,1.623383,-0.00315878,-0.9486566,-0.3161499,0.009485953,
1,1,1.403,0.8323366,0.791248,1.615167,-0.002052752,-0.9785671,-0.2056856,0.009785024,
1,1,1.405,0.8321722,0.795783,1.606953,-0.000919902,-0.9956594,-0.0925337,0.009955921,
1,1,1.407,0.8320078,0.8002769,1.598741,0.0002249296,-0.9997119,0.02182355,0.00999643,
1,1,1.409,0.8318436,0.80473,1.59053,0.001366751,-0.9906737,0.1358885,0.009906041,
1,1,1.411,0.8316793,0.8091421,1.582322,0.002490614,-0.9686654,0.248168,0.009685961,
1,1,1.413,0.831515,0.8135132,1.574115,0.003581809,-0.9339774,0.3571924,0.00933909,
1,1,1.415,0.8313509,0.8178434,1.56591,0.00462606,-0.8870655,0.4615352,0.008869994,
1,1,1.417,0.8311867,0.8221328,1.557706,0.005609704,-0.8285462,0.5598314,0.00828483,
1,1,1.419,0.8310226,0.8263812,1.549505,0.00651988,-0.7591869,0.6507959,0.007591275,
1,1,1.421,0.8308585,0.8305888,1.541305,0.007344689,-0.6798971,0.7332393,0.006798422,
1,1,1.423,0.8306944,0.8347554,1.533107,0.008073358,-0.5917157,0.8060846,0.005916664,
1,1,1.425,0.8305304,0.8388813,1.52491,0.008696366,-0.495798,0.8683802,0.00495755,
1,1,1.427,0.8303664,0.8429663,1.516716,0.009205582,-0.3934,0.919313,0.00393364,
1,1,1.429,0.8302025,0.8470104,1.508523,0.009594361,-0.2858619,0.9582186,0.002858335,
1,1,1.431,0.8300385,0.8510137,1.500332,0.009857642,-0.1745911,0.9845902,0.001745708,
1,1,1.433,0.8298746,0.8549763,1.492142,0.009991999,-0.06104323,0.998085,0.0006103154,
1,1,1.435,0.8297108,0.858898,1.483955,0.009995701,0.05329664,0.9985286,-0.0005329945,
1,1,1.437,0.829547,0.8627789,1.475769,0.009868717,0.1669334,0.9859174,-0.001669273,
1,1,1.439,0.8293832,0.8666191,1.467584,0.009612732,0.2783817,0.9604184,-0.002783668,
1,1,1.441,0.8292194,0.8704185,1.459402,0.00923111,0.3861852,0.922367,-0.003861615,
1,1,1.443,0.8290557,0.8741773,1.451221,0.00872886,0.4889356,0.8722625,-0.004889033,
1,1,1.445,0.8288921,0.8778952,1.443043,0.008112566,0.585291,0.8107617,-0.005852503,
1,1,1.447,0.8287284,0.8815725,1.434865,0.007390297,0.6739931,0.7386699,-0.006739445,
1,1,1.449,0.8285648,0.8852091,1.42669,0.00657151,0.7538844,0.656931,-0.007538286,
1,1,1.451,0.8284012,0.888805,1.418516,0.005666915,0.8239225,0.5666142,-0.008238601,
1,1,1.453,0.8282377,0.8923602,1.410344,0.004688343,0.8831943,0.4689008,-0.008831261,
1,1,1.455,0.8280741,0.8958747,1.402174,0.003648588,0.9309272,0.3650681,-0.009308541,
1,1,1.457,0.8279107,0.8993486,1.394005,0.002561237,0.9664996,0.2564733,-0.009664227,
1,1,1.459,0.8277472,0.9027818,1.385838,0.001440499,0.9894492,0.1445352,-0.009893693,
1,1,1.461,0.8275838,0.9061744,1.377673,0.0003010118,0.9994782,0.03071571,-0.009993962,
1,1,1.463,0.8274205,0.9095264,1.36951,-0.0008423466,0.9964578,-0.08349873,-0.009963749,
1,1,1.465,0.8272572,0.9128378,1.361348,-0.001974649,0.9804294,-0.1966171,-0.009803467,
1,1,1.467,0.8270938,0.9161086,1.353188,-0.003081116,0.9516044,-0.3071631,-0.009515231,
1,1,1.469,0.8269306,0.9193388,1.34503,-0.004147312,0.9103609,-0.4136943,-0.009102819,
1,1,1.471,0.8267674,0.9225285,1.336873,-0.005159328,0.8572393,-0.5148211,-0.008571638,
1,1,1.473,0.8266042,0.9256776,1.328718,-0.006103966,0.7929346,-0.6092247,-0.007928635,
1,1,1.475,0.826441,0.9287861,1.320565,-0.006968915,0.7182875,-0.6956745,-0.007182218,
1,1,1.477,0.8262779,0.9318541,1.312414,-0.0077429,0.6342736,-0.7730439,-0.00634214,
1,1,1.479,0.8261148,0.9348815,1.304264,-0.008415842,0.5419903,-0.8403252,-0.005419376,
1,1,1.481,0.8259518,0.9378685,1.296116,-0.00897898,0.4426425,-0.8966423,-0.004425976,
1,1,1.483,0.8257887,0.940815,1.287969,-0.009424985,0.337527,-0.9412626,-0.003374904,
1,1,1.485,0.8256258,0.943721,1.279825,-0.009748061,0.2280155,-0.9736061,-0.002279878,
1,1,1.487,0.8254628,0.9465865,1.271682,-0.009944011,0.1155366,-0.9932528,-0.001155182,
1,1,1.489,0.8252999,0.9494116,1.263541,-0.0100103,0.001557067,-0.9999487,-1.548266E-05,
1,1,1.491,0.825137,0.9521962,1.255401,-0.009946097,-0.1124368,-0.9936085,0.001124359,
1,1,1.493,0.8249742,0.9549403,1.247263,-0.00975224,-0.2249593,-0.9743168,0.002249486,
1,1,1.495,0.8248113,0.957644,1.239127,-0.009431289,-0.3345439,-0.942327,0.003345235,
1,1,1.497,0.8246486,0.9603074,1.230993,-0.00898744,-0.4397629,-0.8980582,0.004397332,
1,1,1.499,0.8244858,0.9629303,1.22286,-0.008426499,-0.5392458,-0.8420891,0.005392071,
1,1,1.501,0.8243231,0.9655128,1.214729,-0.00775579,-0.6316974,-0.7751505,0.006316502,
1,1,1.503,0.8241604,0.9680548,1.2066,-0.00698407,-0.7159145,-0.6981164,0.00715859,
1,1,1.505,0.8239978,0.9705566,1.198472,-0.006121406,-0.7908009,-0.6119917,0.007907379,
1,1,1.507,0.8238352,0.9730179,1.190346,-0.005179051,-0.855383,-0.5178997,0.008553133,
1,1,1.509,0.8236726,0.9754389,1.182222,-0.004169289,-0.9088207,-0.4170671,0.009087451,
1,1,1.511,0.8235101,0.9778196,1.174099,-0.003105282,-0.9504201,-0.3108082,0.009503393,
1,1,1.513,0.8233476,0.9801598,1.165978,-0.002000891,-0.9796412,-0.2005073,0.009795565,
1,1,1.515,0.8231851,0.9824598,1.157859,-0.0008705041,-0.9961055,-0.08760135,0.009960178,
1,1,1.517,0.8230226,0.9847195,1.149742,0.0002711597,-0.9996004,0.02643946,0.00999511,
1,1,1.519,0.8228602,0.9869388,1.141626,0.001409236,-0.9900826,0.1401303,0.009899925,
1,1,1.521,0.8226979,0.9891179,1.133512,0.002528914,-0.9676777,0.2519915,0.009675883,
1,1,1.523,0.8225355,0.9912567,1.125399,0.003615623,-0.9326795,0.3605675,0.009325919,
1,1,1.525,0.8223732,0.9933552,1.117289,0.004655222,-0.8855452,0.4644457,0.008854605,
1,1,1.527,0.8222109,0.9954134,1.109179,0.005634194,-0.8268898,0.5622751,0.008268093,
1,1,1.529,0.8220487,0.9974315,1.101072,0.006539809,-0.7574784,0.6527836,0.007574033,
1,1,1.531,0.8218864,0.9994092,1.092966,0.007360294,-0.6782157,0.7347948,0.006781467,
1,1,1.533,0.8217242,1.001347,1.084862,0.008084993,-0.5901341,0.8072433,0.005900723,
1,1,1.535,0.8215621,1.003244,1.07676,0.00870449,-0.4943807,0.8691879,0.004943272,
1,1,1.537,0.8214,1.005101,1.068659,0.009210742,-0.3922023,0.9198246,0.003921575,
1,1,1.539,0.8212379,1.006918,1.06056,0.009597186,-0.2849284,0.9584966,0.002848932,
1,1,1.541,0.8210759,1.008695,1.052463,0.009858812,-0.1739548,0.9847028,0.001739296,
1,1,1.543,0.8209139,1.010431,1.044368,0.009992239,-0.06072483,0.9981044,0.0006071021,
1,1,1.545,0.8207518,1.012128,1.036274,0.00999575,0.05328906,0.998529,-0.0005329289,
1,1,1.547,0.8205899,1.013784,1.028181,0.009869318,0.1666045,0.985973,-0.001665974,
1,1,1.549,0.820428,1.0154,1.020091,0.009614611,0.2777487,0.9606017,-0.002777307,
1,1,1.551,0.8202661,1.016976,1.012002,0.009234952,0.3852775,0.9227465,-0.003852486,
1,1,1.553,0.8201042,1.018511,1.003915,0.008735298,0.4877939,0.8729016,-0.004877547,
1,1,1.555,0.8199425,1.020007,0.995829,0.008122158,0.5839667,0.8117161,-0.005839175,
1,1,1.557,0.8197807,1.021462,0.9877452,0.007403513,0.6725471,0.7399868,-0.006724883,
1,1,1.559,0.8196189,1.022878,0.979663,0.006588718,0.7523856,0.6586471,-0.007523179,
1,1,1.561,0.8194572,1.024253,0.9715824,0.00568837,0.8224462,0.5687551,-0.008223704,
1,1,1.563,0.8192956,1.025588,0.9635035,0.004714178,0.8818203,0.4714798,-0.008817374,
1,1,1.565,0.8191339,1.026883,0.9554265,0.003678807,0.9297382,0.3680856,-0.009296493,
1,1,1.567,0.8189723,1.028138,0.947351,0.00259571,0.9655795,0.2599162,-0.009654855,
1,1,1.569,0.8188108,1.029353,0.9392773,0.001478958,0.9888804,0.1483769,-0.009887829,
1,1,1.571,0.8186492,1.030528,0.9312052,0.0003430579,0.9993403,0.03491654,-0.009992406,
1,1,1.573,0.8184877,1.031663,0.9231348,-0.0007972408,0.9968252,-0.07899168,-0.009967244,
1,1,1.575,0.8183262,1.032758,0.9150661,-0.001927132,0.9813697,-0.1918688,-0.009812691,
1,1,1.577,0.8181648,1.033813,0.906999,-0.003031953,0.9531763,-0.3022499,-0.009530774,
1,1,1.579,0.8180034,1.034828,0.8989336,-0.004097369,0.9126128,-0.4087027,-0.009125168,
1,1,1.581,0.817842,1.035803,0.8908699,-0.005109557,0.8602074,-0.5098462,-0.008601157,
1,1,1.583,0.8176807,1.036737,0.8828078,-0.006055391,0.7966419,-0.6043687,-0.007965557,
1,1,1.585,0.8175194,1.037632,0.8747474,-0.006922606,0.7227429,-0.6910446,-0.007226632,
1,1,1.587,0.8173581,1.038487,0.8666888,-0.007699964,0.6394703,-0.7687506,-0.006393984,
1,1,1.589,0.8171969,1.039302,0.8586318,-0.008377395,0.5479061,-0.83648,-0.00547843,
1,1,1.591,0.8170357,1.040077,0.8505766,-0.008946124,0.449239,-0.8933555,-0.004491856,
1,1,1.593,0.8168746,1.040812,0.842523,-0.009398792,0.34475,-0.9386413,-0.00344707,
1,1,1.595,0.8167134,1.041507,0.834471,-0.009729543,0.2357948,-0.9717513,-0.00235763,
1,1,1.597,0.8165523,1.042162,0.8264208,-0.009934108,0.1237871,-0.9922584,-0.001237669,
1,1,1.599,0.8163913,1.042778,0.8183722,-0.01000985,0.01017958,-0.9998981,-0.0001017147,
1,1,1.601,0.8162302,1.043353,0.8103253,-0.009955807,-0.1035543,-0.9945735,0.001035503,
1,1,1.603,0.8160692,1.043888,0.8022801,-0.009772699,-0.2159402,-0.9763554,0.00215924,
1,1,1.605,0.8159083,1.044384,0.7942367,-0.009462917,-0.3255215,-0.9454817,0.003254932,
1,1,1.607,0.8157474,1.04484,0.7861949,-0.009030497,-0.4308781,-0.9023547,0.004308382,
1,1,1.609,0.8155864,1.045255,0.7781547,-0.008481058,-0.5306454,-0.8475349,0.005305943,
1,1,1.611,0.8154256,1.045631,0.7701163,-0.007821739,-0.6235311,-0.7817345,0.006234694,
1,1,1.613,0.8152648,1.045967,0.7620795,-0.0070611,-0.7083327,-0.7058079,0.007082613,
1,1,1.615,0.8151039,1.046263,0.7540445,-0.006209007,-0.7839529,-0.6207398,0.007838725,
1,1,1.617,0.8149431,1.04652,0.7460111,-0.005276519,-0.849413,-0.5276341,0.008493246,
1,1,1.619,0.8147824,1.046736,0.7379795,-0.004275724,-0.9038665,-0.4276978,0.009037714,
1,1,1.621,0.8146217,1.046913,0.7299495,-0.003219595,-0.9466098,-0.3222266,0.009465088,
1,1,1.623,0.8144611,1.04705,0.7219211,-0.002121817,-0.977091,-0.212587,0.009769857,
1,1,1.625,0.8143004,1.047147,0.7138946,-0.0009966132,-0.9949172,-0.1001997,0.009948088,
1,1,1.627,0.8141398,1.047204,0.7058697,0.0001414408,-0.9998592,0.01347964,0.009997494,
1,1,1.629,0.8139793,1.047222,0.6978465,0.00127761,-0.991855,0.1269791,0.009917449,
1,1,1.631,0.8138187,1.047199,0.689825,0.002397185,-0.9710101,0.2388293,0.009709012,
1,1,1.633,0.8136582,1.047137,0.6818053,0.003485675,-0.9375961,0.3475822,0.009374898,
1,1,1.635,0.8134978,1.047035,0.6737872,0.004528993,-0.8920476,0.4518309,0.008919453,
1,1,1.637,0.8133373,1.046894,0.6657708,0.005513642,-0.8349557,0.5502263,0.008348587,
1,1,1.639,0.8131769,1.046712,0.6577561,0.00642689,-0.7670609,0.6414964,0.007669705,
1,1,1.641,0.8130166,1.046491,0.6497431,0.007256927,-0.6892433,0.7244609,0.006891607,
1,1,1.643,0.8128563,1.04623,0.6417319,0.007993028,-0.6025113,0.7980476,0.006024377,
1,1,1.645,0.8126959,1.04593,0.6337223,0.008625682,-0.5079884,0.8613057,0.005079249,
1,1,1.647,0.8125357,1.04559,0.6257145,0.009146717,-0.4068983,0.9134186,0.004068457,
1,1,1.649,0.8123755,1.04521,0.6177083,0.009549414,-0.3005498,0.9537137,0.003005087,
1,1,1.651,0.8122153,1.04479,0.609704,0.009828578,-0.1903189,0.9816713,0.001902903,
1,1,1.653,0.8120551,1.044331,0.6017013,0.009980617,-0.07763179,0.9969319,0.0007761625,
1,1,1.655,0.811895,1.043832,0.5937003,0.01000358,0.03605397,0.9992998,-0.0003605594,
1,1,1.657,0.8117349,1.043293,0.585701,0.009897197,0.1492681,0.9887461,-0.001492563,
1,1,1.659,0.8115749,1.042715,0.5777035,0.009662853,0.2605469,0.9654093,-0.002605214,
1,1,1.661,0.8114149,1.042097,0.5697077,0.009303601,0.368452,0.9295929,-0.003684132,
1,1,1.663,0.8112549,1.041439,0.5617136,0.008824102,0.471589,0.8817617,-0.004715374,
1,1,1.665,0.8110949,1.040742,0.5537212,0.00823057,0.5686255,0.8225357,-0.005685617,
1,1,1.667,0.8109351,1.040005,0.5457306,0.007530692,0.6583084,0.7526819,-0.006582332,
1,1,1.669,0.8107752,1.039228,0.5377417,0.006733532,0.7394797,0.6731046,-0.007393939,
1,1,1.671,0.8106154,1.038412,0.5297545,0.0058494,0.8110917,0.5848336,-0.008109965,
1,1,1.673,0.8104556,1.037556,0.5217691,0.004889734,0.8722206,0.4890104,-0.008721171,
1,1,1.675,0.8102958,1.036661,0.5137854,0.003866944,0.9220784,0.3868741,-0.009219676,
1,1,1.677,0.8101361,1.035726,0.5058035,0.002794249,0.9600223,0.2797451,-0.009599057,
1,1,1.679,0.8099763,1.034752,0.4978232,0.001685513,0.985564,0.169008,-0.009854432,
1,1,1.681,0.8098167,1.033737,0.4898448,0.0005550617,0.9983755,0.05609349,-0.009982521,
1,1,1.683,0.8096571,1.032684,0.481868,-0.0005825034,0.9982932,-0.05754012,-0.009981685,
1,1,1.685,0.8094975,1.03159,0.473893,-0.001712491,0.9853199,-0.1704251,-0.009851956,
1,1,1.687,0.8093379,1.030458,0.4659198,-0.002820313,0.9596251,-0.2811041,-0.00959503,
1,1,1.689,0.8091784,1.029286,0.4579484,-0.00389167,0.9215425,-0.3881487,-0.009214241,
1,1,1.691,0.8090189,1.028074,0.4499786,-0.004912738,0.8715653,-0.4901774,-0.00871452,
1,1,1.693,0.8088594,1.026822,0.4420107,-0.005870342,0.8103403,-0.585874,-0.008102337,
1,1,1.695,0.8087,1.025532,0.4340445,-0.006752134,0.7386596,-0.6740044,-0.007385609,
1,1,1.697,0.8085406,1.024201,0.4260801,-0.007546744,0.6574495,-0.7534321,-0.006573603,
1,1,1.699,0.8083813,1.022832,0.4181174,-0.00824393,0.5677598,-0.8231335,-0.005676812,
1,1,1.701,0.808222,1.021422,0.4101565,-0.00883471,0.4707484,-0.8822107,-0.004706816,
1,1,1.703,0.8080627,1.019974,0.4021974,-0.00931148,0.3676683,-0.9299031,-0.003676141,
1,1,1.705,0.8079035,1.018485,0.3942401,-0.009668107,0.2598501,-0.965597,-0.002598092,
1,1,1.707,0.8077443,1.016958,0.3862845,-0.009900006,0.1486852,-0.9888339,-0.001486584,
1,1,1.709,0.8075851,1.015391,0.3783307,-0.0100042,0.03560786,-0.9993157,-0.0003559568,
1,1,1.711,0.807426,1.013784,0.3703787,-0.009979373,-0.07792328,-0.9969092,0.0007792057,
1,1,1.713,0.8072668,1.012138,0.3624285,-0.009825856,-0.1904442,-0.9816471,0.001904265,
1,1,1.715,0.8071078,1.010452,0.35448,-0.009545648,-0.3005039,-0.9537281,0.003004715,
1,1,1.717,0.8069488,1.008728,0.3465334,-0.009142383,-0.406684,-0.9135142,0.004066371,
1,1,1.719,0.8067898,1.006963,0.3385885,-0.008621274,-0.5076162,-0.8615253,0.005075552,
1,1,1.721,0.8066308,1.00516,0.3306455,-0.007989061,-0.6019999,-0.7984335,0.006019256,
1,1,1.723,0.8064719,1.003317,0.3227043,-0.007253905,-0.6886198,-0.7250537,0.00688533,
1,1,1.725,0.806313,1.001434,0.3147648,-0.006425296,-0.7663606,-0.6423329,0.007662623,
1,1,1.727,0.8061542,0.9995123,0.3068272,-0.005513927,-0.8342217,-0.5513384,0.008341133,
1,1,1.729,0.8059954,0.9975511,0.2988914,-0.004531551,-0.8913304,-0.4532442,0.008912129,
1,1,1.731,0.8058366,0.9955506,0.2909574,-0.003490836,-0.9369521,-0.3493149,0.009368271,
1,1,1.733,0.8056778,0.9935108,0.2830252,-0.002405199,-0.9705009,-0.2408906,0.0097037,
1,1,1.735,0.8055192,0.9914316,0.2750948,-0.00128863,-0.9915463,-0.1293682,0.009914111,
1,1,1.737,0.8053605,0.9893131,0.2671663,-0.0001555171,-0.999819,-0.01618494,0.009996814,
1,1,1.739,0.8052018,0.9871552,0.2592395,0.0009795433,-0.9952146,0.09720124,0.009950762,
1,1,1.741,0.8050433,0.984958,0.2513146,0.002101934,-0.9777939,0.2093303,0.009776566,
1,1,1.743,0.8048847,0.9827216,0.2433916,0.003197204,-0.9477833,0.3187583,0.009476488,
1,1,1.745,0.8047262,0.9804458,0.2354704,0.004251255,-0.905571,0.4240768,0.009054411,
1,1,1.747,0.8045677,0.9781308,0.227551,0.005250522,-0.8517024,0.5239304,0.008515788,
1,1,1.749,0.8044093,0.9757764,0.2196335,0.00618215,-0.7868725,0.6170345,0.007867568,
1,1,1.751,0.8042508,0.9733828,0.2117179,0.007034158,-0.7119176,0.7021918,0.007118114,
1,1,1.753,0.8040925,0.9709499,0.203804,0.007795592,-0.6278037,0.7783074,0.006277083,
1,1,1.755,0.8039342,0.9684778,0.1958921,0.008456668,-0.5356147,0.8444033,0.005355316,
1,1,1.757,0.8037758,0.9659665,0.187982,0.009008892,-0.436538,0.8996301,0.004364683,
1,1,1.759,0.8036176,0.9634159,0.1800737,0.009445176,-0.3318495,0.9432793,0.003317944,
1,1,1.761,0.8034594,0.9608261,0.1721674,0.009759923,-0.2228968,0.9747907,0.00222857,
1,1,1.763,0.8033012,0.9581971,0.1642629,0.009949102,-0.1110821,0.9937608,0.001110584,
1,1,1.765,0.803143,0.9555289,0.1563603,0.0100103,0.002155814,0.9999476,-2.163136E-05,
1,1,1.767,0.802985,0.9528214,0.1484595,0.00994275,0.1153604,0.9932733,-0.001153511,
1,1,1.769,0.8028269,0.9500749,0.1405606,0.009747338,0.2270757,0.9738258,-0.002270499,
1,1,1.771,0.8026688,0.947289,0.1326637,0.009426596,0.3358656,0.9418569,-0.003358234,
1,1,1.773,0.8025109,0.9444641,0.1247686,0.008984664,0.4403317,0.8977795,-0.004402736,
1,1,1.775,0.8023529,0.9416,0.1168754,0.008427246,0.5391315,0.8421622,-0.005390581,
1,1,1.777,0.802195,0.9386967,0.1089841,0.007761526,0.6309958,0.7757218,-0.006309079,
1,1,1.779,0.8020371,0.9357543,0.1010947,0.006996071,0.7147449,0.6993138,-0.007146434,
1,1,1.781,0.8018793,0.9327728,0.09320728,0.006140742,0.7893034,0.6139219,-0.007891899,
1,1,1.783,0.8017215,0.9297521,0.08532172,0.005206539,0.8537149,0.5206447,-0.008535904,
1,1,1.785,0.8015637,0.9266924,0.07743809,0.004205481,0.9071531,0.420682,-0.009070192,
1,1,1.787,0.801406,0.9235935,0.06955637,0.003150441,0.948933,0.3153194,-0.009487913,
1,1,1.789,0.8012483,0.9204556,0.06167658,0.002054979,0.9785197,0.205911,-0.009783721,
1,1,1.791,0.8010906,0.9172785,0.05379873,0.0009331751,0.995535,0.09386314,-0.009953833,
1,1,1.793,0.800933,0.9140624,0.04592281,-0.0002005584,0.9997622,-0.0193847,-0.009996084,
1,1,1.795,0.8007754,0.9108071,0.03804883,-0.001331659,0.9911489,-0.1323779,-0.009909953,
1,1,1.797,0.8006179,0.9075129,0.03017679,-0.002445601,0.9698079,-0.2436653,-0.00969656,
1,1,1.799,0.8004604,0.9041796,0.02230671,-0.003528084,0.9360149,-0.3518183,-0.009358669,
1,1,1.801,0.8003029,0.9008072,0.01443858,-0.004565213,0.8902059,-0.4554487,-0.008900636,
1,1,1.803,0.8001455,0.8973958,0.006572403,-0.005543681,0.8329707,-0.5532266,-0.00832836,
1,1,1.805,0.7999882,0.8939454,-0.001291807,-0.006450936,0.7650461,-0.6438979,-0.007649205,
1,1,1.807,0.7998308,0.890456,-0.00915405,-0.007275344,0.6873052,-0.7262999,-0.006871907,
1,1,1.809,0.7996735,0.8869275,-0.01701432,-0.008006338,0.6007473,-0.7993763,-0.006006454,
1,1,1.811,0.7995163,0.8833601,-0.02487261,-0.008634553,0.5064849,-0.8621908,-0.005063967,
1,1,1.813,0.799359,0.8797538,-0.03272892,-0.009151942,0.4057282,-0.9139389,-0.004056551,
1,1,1.815,0.7992018,0.8761084,-0.04058324,-0.009551885,0.2997713,-0.9539586,-0.002997144,
1,1,1.817,0.7990447,0.8724241,-0.04843557,-0.009829268,0.1899742,-0.981738,-0.001899342,
1,1,1.819,0.7988876,0.8687008,-0.0562859,-0.009980552,0.07774599,-0.9969229,-0.0007772351,
1,1,1.821,0.7987306,0.8649386,-0.06413423,-0.01000382,-0.03547372,-0.9993205,0.0003547817,
1,1,1.823,0.7985736,0.8611374,-0.07198055,-0.009898785,-0.1482325,-0.988902,0.001482189,
1,1,1.825,0.7984166,0.8572974,-0.07982486,-0.009666822,-0.2590846,-0.9658028,0.00259053,
1,1,1.827,0.7982596,0.8534184,-0.08766715,-0.009310923,-0.3666088,-0.9303214,0.003665596,
1,1,1.829,0.7981027,0.8495005,-0.09550743,-0.008835671,-0.4694273,-0.8829145,0.00469361,
1,1,1.831,0.7979459,0.8455437,-0.1033457,-0.008247177,-0.5662225,-0.8241917,0.005661401,
1,1,1.833,0.797789,0.841548,-0.1111819,-0.007553002,-0.655755,-0.7549076,0.006556571,
1,1,1.835,0.7976323,0.8375134,-0.1190161,-0.006762055,-0.7368782,-0.6759515,0.00736766,
1,1,1.837,0.7974755,0.83344,-0.1268482,-0.005884494,-0.8085539,-0.5883372,0.008084288,
1,1,1.839,0.7973188,0.8293277,-0.1346783,-0.004931577,-0.8698651,-0.4931885,0.008697286,
1,1,1.841,0.7971622,0.8251766,-0.1425063,-0.003915524,-0.9200277,-0.3917258,0.009198816,
1,1,1.843,0.7970055,0.8209867,-0.1503322,-0.002849363,-0.958401,-0.2852501,0.009582471,
1,1,1.845,0.796849,0.8167579,-0.1581561,-0.001746758,-0.9844953,-0.175126,0.009843356,
1,1,1.847,0.7966924,0.8124903,-0.165978,-0.0006218375,-0.9979783,-0.06276461,0.009978145,
1,1,1.849,0.7965359,0.808184,-0.1737977,0.0005109875,-0.9986793,0.05039478,0.009985136,
1,1,1.851,0.7963795,0.8038388,-0.1816154,0.001637208,-0.9865915,0.1629028,0.009864261,
1,1,1.853,0.7962231,0.7994549,-0.189431,0.002742406,-0.9618715,0.2733191,0.009617085,
1,1,1.855,0.7960667,0.7950322,-0.1972445,0.003812433,-0.9248378,0.3802302,0.009246794,
1,1,1.857,0.7959104,0.7905707,-0.2050559,0.004833598,-0.8759667,0.4822679,0.008758148,
1,1,1.859,0.7957541,0.7860705,-0.2128652,0.005792836,-0.8158856,0.5781268,0.008157422,
1,1,1.861,0.7955979,0.7815316,-0.2206724,0.006677879,-0.7453653,0.6665813,0.007452323,
1,1,1.863,0.7954417,0.7769539,-0.2284774,0.007477413,-0.66531,0.7465003,0.006651893,
1,1,1.865,0.7952855,0.7723375,-0.2362804,0.008181223,-0.5767455,0.8168626,0.005766388,
1,1,1.867,0.7951294,0.7676824,-0.2440812,0.008780315,-0.4808067,0.8767695,0.004807154,
1,1,1.869,0.7949734,0.7629886,-0.2518799,0.009267046,-0.378722,0.9254563,0.003786472,
1,1,1.871,0.7948173,0.7582561,-0.2596764,0.009635207,-0.2717983,0.9623021,0.002717413,
1,1,1.873,0.7946613,0.753485,-0.2674708,0.00988011,-0.1614041,0.9868376,0.001613656,
1,1,1.875,0.7945054,0.7486751,-0.275263,0.009998639,-0.04895167,0.998751,0.0004893225,
1,1,1.877,0.7943495,0.7438266,-0.2830531,0.009989303,0.0641206,0.997892,-0.0006412065,
1,1,1.879,0.7941937,0.7389395,-0.290841,0.00985224,0.1763669,0.9842737,-0.001763474,
1,1,1.881,0.7940379,0.7340138,-0.2986268,0.009589226,0.286352,0.9580722,-0.002863133,
1,1,1.883,0.7938821,0.7290494,-0.3064104,0.009203645,0.3926703,0.9196249,-0.003926129,
1,1,1.885,0.7937264,0.7240465,-0.3141918,0.008700443,0.4939637,0.869425,-0.00493888,
1,1,1.887,0.7935707,0.7190049,-0.3219711,0.008086071,0.5889385,0.808116,-0.005888454,
1,1,1.889,0.7934151,0.7139248,-0.3297481,0.007368401,0.6763817,0.7364834,-0.006762723,
1,1,1.891,0.7932595,0.708806,-0.3375229,0.006556618,0.7551773,0.6554443,-0.007550531,
1,1,1.893,0.7931039,0.7036487,-0.3452955,0.005661113,0.8243202,0.5660356,-0.008241828,
1,1,1.895,0.7929484,0.6984529,-0.353066,0.00469334,0.8829285,0.4694012,-0.008827796,
1,1,1.897,0.792793,0.6932185,-0.3608342,0.00366567,0.9302555,0.3667762,-0.009300972,
1,1,1.899,0.7926375,0.6879456,-0.3686002,0.002591241,0.9656987,0.2594725,-0.009655331,
1,1,1.901,0.7924822,0.6826342,-0.3763639,0.00148378,0.9888076,0.1488613,-0.009886365,
1,1,1.903,0.7923269,0.6772842,-0.3841254,0.0003574334,0.999289,0.03635549,-0.009991148,
1,1,1.905,0.7921716,0.6718958,-0.3918847,-0.0007734135,0.9970111,-0.07660829,-0.009968361,
1,1,1.907,0.7920164,0.6664689,-0.3996418,-0.001894321,0.9820055,-0.1885876,-0.009818317,
1,1,1.909,0.7918612,0.6610035,-0.4073966,-0.002990985,0.9544657,-0.2981533,-0.009542956,
1,1,1.911,0.791706,0.6554997,-0.4151491,-0.004049413,0.9147453,-0.4039074,-0.009145811,
1,1,1.913,0.7915509,0.6499574,-0.4228993,-0.005056102,0.8633532,-0.504501,-0.008631972,
1,1,1.915,0.7913958,0.6443767,-0.4306473,-0.005998215,0.8009472,-0.5986513,-0.008008014,
1,1,1.917,0.7912409,0.6387576,-0.438393,-0.006863745,0.7283258,-0.685158,-0.00728192,
1,1,1.919,0.7910859,0.6331001,-0.4461364,-0.007641661,0.6464169,-0.7629188,-0.006462966,
1,1,1.921,0.790931,0.6274041,-0.4538775,-0.008322055,0.556267,-0.8309433,-0.005561621,
1,1,1.923,0.7907761,0.6216697,-0.4616163,-0.008896267,0.4590275,-0.8883657,-0.004589393,
1,1,1.925,0.7906213,0.6158971,-0.4693528,-0.009356991,0.3559393,-0.9344555,-0.003558693,
1,1,1.927,0.7904665,0.610086,-0.477087,-0.009698374,0.2483183,-0.9686268,-0.002482675,
1,1,1.929,0.7903118,0.6042366,-0.4848189,-0.009916081,0.1375375,-0.990446,-0.001375066,
1,1,1.931,0.7901571,0.5983489,-0.4925485,-0.01000736,0.02500976,-0.9996371,-0.0002499912,
1,1,1.933,0.7900025,0.5924228,-0.5002757,-0.009971065,-0.08783027,-0.9960852,0.0008782035,
1,1,1.935,0.7898479,0.5864584,-0.5080006,-0.009807686,-0.1995444,-0.9798377,0.001995138,
1,1,1.937,0.7896934,0.5804557,-0.515723,-0.009519327,-0.3087088,-0.951104,0.00308658,
1,1,1.939,0.7895389,0.5744147,-0.5234433,-0.009109683,-0.413933,-0.9102525,0.004138627,
1,1,1.941,0.7893844,0.5683354,-0.5311611,-0.008583996,-0.5138772,-0.8578055,0.005137878,
1,1,1.943,0.78923,0.5622179,-0.5388766,-0.007948984,-0.6072686,-0.7944337,0.006071615,
1,1,1.945,0.7890757,0.5560621,-0.5465897,-0.007212752,-0.6929191,-0.7209461,0.006927955,
1,1,1.947,0.7889214,0.5498681,-0.5543004,-0.006384701,-0.769739,-0.6382805,0.007696004,
1,1,1.949,0.7887671,0.5436358,-0.5620087,-0.005475389,-0.8367517,-0.5474913,0.008366,
1,1,1.951,0.7886128,0.5373654,-0.5697146,-0.00449641,-0.8931056,-0.449736,0.008929424,
1,1,1.953,0.7884587,0.5310568,-0.5774181,-0.003460242,-0.9380852,-0.3462606,0.009379131,
1,1,1.955,0.7883046,0.5247099,-0.5851193,-0.002380084,-0.9711198,-0.2383832,0.009709408,
1,1,1.957,0.7881505,0.518325,-0.592818,-0.001269694,-0.9917911,-0.1274778,0.009916072,
1,1,1.959,0.7879965,0.5119019,-0.6005142,-0.000143211,-0.9998382,-0.0149566,0.009996518,
1,1,1.961,0.7878426,0.5054406,-0.6082081,0.0009850261,-0.995161,0.09774811,0.009949745,
1,1,1.963,0.7876887,0.4989412,-0.6158995,0.002100662,-0.9778213,0.2092022,0.009776371,
1,1,1.965,0.7875348,0.4924036,-0.6235885,0.003189505,-0.948042,0.317988,0.009478625,
1,1,1.967,0.787381,0.485828,-0.631275,0.004237708,-0.9062042,0.4227221,0.009060317,
1,1,1.969,0.7872272,0.4792142,-0.6389591,0.005231945,-0.8528423,0.5220728,0.00852679,
1,1,1.971,0.7870735,0.4725623,-0.6466407,0.006159578,-0.7886372,0.6147775,0.007884849,
1,1,1.973,0.7869198,0.4658724,-0.6543198,0.007008824,-0.7144073,0.6996586,0.007142681,
1,1,1.975,0.7867662,0.4591444,-0.6619964,0.007768902,-0.6310983,0.7756384,0.006309741,
1,1,1.977,0.7866126,0.4523785,-0.6696706,0.008430163,-0.5397709,0.8417525,0.005396633,
1,1,1.979,0.7864591,0.4455744,-0.6773422,0.008984221,-0.4415878,0.8971623,0.004414981,
1,1,1.981,0.7863056,0.4387324,-0.6850114,0.009424051,-0.337798,0.9411654,0.003377275,
1,1,1.983,0.7861522,0.4318523,-0.692678,0.009744087,-0.2297218,0.9732049,0.002296713,
1,1,1.985,0.7859988,0.4249343,-0.7003422,0.009940284,-0.1187332,0.9928757,0.001187035,
1,1,1.987,0.7858455,0.4179783,-0.7080038,0.01001017,-0.006243065,0.9999304,6.234227E-05,
1,1,1.989,0.7856922,0.4109843,-0.7156629,0.009952891,0.1063192,0.9942817,-0.001063071,
1,1,1.991,0.785539,0.4039524,-0.7233194,0.009769187,0.2175241,0.9760037,-0.00217491,
1,1,1.993,0.7853858,0.3968825,-0.7309734,0.009461418,0.3259595,0.9453308,-0.003259055,
1,1,1.995,0.7852327,0.3897747,-0.7386249,0.009033516,0.4302486,0.9026549,-0.004301745,
1,1,1.997,0.7850797,0.3826291,-0.7462738,0.008490939,0.5290682,0.8485204,-0.005289746,
1,1,1.999,0.7849267,0.3754455,-0.7539201,0.007840594,0.6211647,0.7836162,-0.006210526,
1,1,2.001,0.7847737,0.3682241,-0.7615638,0.007090759,0.70537,0.7087688,-0.007052408,
1,1,2.003,0.7846208,0.3609648,-0.769205,0.006250969,0.7806169,0.6249298,-0.007804721,
1,1,2.005,0.7844679,0.3536676,-0.7768436,0.005331901,0.8459522,0.5331651,-0.008457935,
1,1,2.007,0.7843151,0.3463327,-0.7844796,0.004345233,0.9005485,0.4346406,-0.009003782,
1,1,2.009,0.7841623,0.3389599,-0.792113,0.003303495,0.9437153,0.3306077,-0.009435354,
1,1,2.011,0.7840096,0.3315493,-0.7997438,0.002219913,0.9749072,0.2223872,-0.009747199,
1,1,2.013,0.783857,0.3241009,-0.8073719,0.001108242,0.9937307,0.1113526,-0.009935383,
1,1,2.015,0.7837044,0.3166147,-0.8149974,-1.741352E-05,0.9999495,-0.00108708,-0.009997543,
1,1,2.017,0.7835518,0.3090908,-0.8226203,-0.001142775,0.9934871,-0.1135058,-0.009932919,
1,1,2.019,0.7833993,0.3015291,-0.8302406,-0.002253573,0.9744279,-0.224478,-0.009742351,
1,1,2.021,0.7832469,0.2939297,-0.8378582,-0.003335729,0.943016,-0.3325972,-0.009428281,
1,1,2.023,0.7830945,0.2862926,-0.8454731,-0.004375532,0.8996519,-0.4364933,-0.008994712,
1,1,2.025,0.7829422,0.2786178,-0.8530854,-0.005359806,0.8448877,-0.5348501,-0.008447167,
1,1,2.027,0.7827899,0.2709053,-0.860695,-0.00627609,0.7794197,-0.6264223,-0.007792605,
1,1,2.029,0.7826377,0.2631551,-0.8683019,-0.007112787,0.7040793,-0.7100509,-0.007039343,
1,1,2.031,0.7824855,0.2553673,-0.8759062,-0.007859312,0.6198232,-0.7846777,-0.006196942,
1,1,2.033,0.7823334,0.2475418,-0.8835077,-0.008506224,0.5277205,-0.8493592,-0.005276091,
1,1,2.035,0.7821813,0.2396787,-0.8911065,-0.009045349,0.4289393,-0.9032779,-0.004288471,
1,1,2.037,0.7820293,0.231778,-0.8987027,-0.00946988,0.3247323,-0.945753,-0.003246604,
1,1,2.039,0.7818773,0.2238397,-0.9062961,-0.009774462,0.21642,-0.976249,-0.002163693,
1,1,2.041,0.7817254,0.2158638,-0.9138868,-0.009955266,0.1053747,-0.9943823,-0.00105346,
1,1,2.043,0.7815735,0.2078504,-0.9214748,-0.01001002,-0.006997447,-0.9999254,7.00358E-05,
1,1,2.045,0.7814218,0.1997994,-0.92906,-0.00993807,-0.1192735,-0.992811,0.00119257,
1,1,2.047,0.78127,0.1917108,-0.9366424,-0.009740338,-0.2300327,-0.9731315,0.002299934,
1,1,2.049,0.7811183,0.1835848,-0.9442221,-0.009419356,-0.3378734,-0.9411384,0.003378119,
1,1,2.051,0.7809667,0.1754212,-0.951799,-0.00897921,-0.4414319,-0.897239,0.004413487,
1,1,2.053,0.7808151,0.1672202,-0.9593732,-0.008425493,-0.5393987,-0.8419911,0.005392947,
1,1,2.055,0.7806636,0.1589817,-0.9669445,-0.007765234,-0.6305355,-0.7760959,0.006304121,
1,1,2.057,0.7805122,0.1507057,-0.9745131,-0.007006803,-0.7136912,-0.7003891,0.007135496,
1,1,2.059,0.7803608,0.1423922,-0.9820789,-0.006159811,-0.7878157,-0.6158299,0.007876578,
1,1,2.061,0.7802094,0.1340414,-0.9896419,-0.005234989,-0.8519736,-0.5234894,0.00851801,
1,1,2.063,0.7800581,0.1256531,-0.997202,-0.004244044,-0.9053556,-0.4245366,0.009051706,
1,1,2.065,0.7799069,0.1172275,-1.004759,-0.003199516,-0.9472892,-0.3202239,0.009470938,
1,1,2.067,0.7797557,0.1087645,-1.012314,-0.002114621,-0.9772466,-0.2118709,0.009770435,
1,1,2.069,0.7796046,0.1002641,-1.019866,-0.001003076,-0.9948516,-0.1008477,0.009946435,
1,1,2.071,0.7794535,0.09172635,-1.027414,0.0001210684,-0.9998845,0.01144215,0.009996739,
1,1,2.073,0.7793025,0.08315128,-1.03496,0.001243607,-0.9922842,0.1235799,0.009920737,
1,1,2.075,0.7791516,0.0745389,-1.042503,0.002350359,-0.9721494,0.2341488,0.009719416,
1,1,2.077,0.7790006,0.06588922,-1.050044,0.003427348,-0.9397368,0.3417526,0.009395344,
1,1,2.079,0.7788498,0.05720227,-1.057581,0.004460979,-0.8954583,0.4450331,0.008952641,
1,1,2.081,0.7786973,0.0484779,-1.065115,0.005438207,-0.8398757,0.5426867,0.008396922,CourtEnter
1,1,2.083,0.7785429,0.0397161,-1.072649,0.006346704,-0.7736931,0.6334816,0.007735225,
1,1,2.085,0.7783884,0.03739113,-1.080244,0.007162236,-0.6993023,0.714756,0.006989389,
1,1,2.087,0.778234,0.04414411,-1.087901,0.007876571,-0.6180766,0.7860541,0.006176647,
1,1,2.089,0.7780796,0.05085465,-1.095558,0.008498858,-0.5296359,0.848166,0.005291804,
1,1,2.091,0.777926,0.05752341,-1.103203,0.009021841,-0.4350145,0.9003678,0.004345207,CourtExit
1,1,2.093,0.7777732,0.06415105,-1.110835,0.009439434,-0.3353184,0.9420517,0.003347923,
1,1,2.095,0.7776204,0.0707371,-1.118465,0.009746779,-0.2317127,0.9727327,0.002311605,
1,1,2.097,0.7774677,0.07728158,-1.126094,0.009940303,-0.1254079,0.9920547,0.001248363,
1,1,2.099,0.777315,0.08378451,-1.13372,0.01001777,-0.01764551,0.9997941,0.0001706125,
1,1,2.101,0.7771623,0.0902459,-1.141346,0.009978304,0.09031641,0.9958628,-0.0009090645,
1,1,2.103,0.7770097,0.09666577,-1.148969,0.009822376,0.1972178,0.9803086,-0.001978066,
1,1,2.105,0.7768571,0.1030441,-1.156591,0.00955183,0.3018113,0.953315,-0.003023919,
1,1,2.107,0.7767045,0.109381,-1.164212,0.009169843,0.4028769,0.9151993,-0.004034425,
1,1,2.109,0.7765519,0.1156764,-1.17183,0.008680893,0.499236,0.8664082,-0.0049978,
1,1,2.111,0.7763994,0.1219304,-1.179447,0.008090703,0.5897656,0.8075125,-0.005902813,
1,1,2.113,0.776247,0.1281429,-1.187063,0.007406171,0.6734107,0.7392009,-0.00673892,
1,1,2.115,0.7760945,0.1343141,-1.194677,0.006635298,0.7491968,0.6622719,-0.007496378,
1,1,2.117,0.7759421,0.1404438,-1.202289,0.005787093,0.8162416,0.5776241,-0.008166373,
1,1,2.119,0.7757897,0.1465321,-1.2099,0.004871455,0.8737647,0.4862459,-0.008741104,
1,1,2.121,0.7756374,0.152579,-1.217509,0.003899076,0.9210973,0.3892041,-0.009213889,
1,1,2.123,0.775485,0.1585846,-1.225116,0.002881301,0.9576892,0.2876306,-0.009579233,
1,1,2.125,0.7753327,0.1645489,-1.232722,0.001829997,0.983116,0.1827102,-0.009832897,
1,1,2.127,0.7751805,0.1704718,-1.240326,0.0007574247,0.9970831,0.07566619,-0.009971945,
1,1,2.129,0.7750283,0.1763535,-1.247929,-0.0003239123,0.9994297,-0.03225339,-0.009994775,
1,1,2.131,0.7748761,0.1821938,-1.25553,-0.001401414,0.9901305,-0.1397909,-0.009901142,
1,1,2.133,0.7747239,0.1879929,-1.26313,-0.002462525,0.969296,-0.2456936,-0.009692156,
1,1,2.135,0.7745718,0.1937507,-1.270728,-0.003494889,0.9371706,-0.3487279,-0.009370272,
1,1,2.137,0.7744197,0.1994673,-1.278324,-0.004486486,0.8941308,-0.4476944,-0.008939259,
1,1,2.139,0.7742676,0.2051426,-1.285919,-0.005425774,0.8406793,-0.541441,-0.008404155,
1,1,2.141,0.7741156,0.2107767,-1.293512,-0.006301822,0.7774406,-0.6288769,-0.00777121,
1,1,2.143,0.7739636,0.2163697,-1.301103,-0.007104441,0.7051526,-0.708985,-0.007047811,
1,1,2.145,0.7738116,0.2219214,-1.308693,-0.007824296,0.6246585,-0.7808339,-0.006242394,
1,1,2.147,0.7736597,0.227432,-1.316282,-0.008453023,0.5368969,-0.8435884,-0.005364352,
1,1,2.149,0.7735078,0.2329015,-1.323869,-0.008983321,0.4428906,-0.8965198,-0.004423916,
1,1,2.151,0.773356,0.2383297,-1.331454,-0.009409028,0.3437345,-0.9390134,-0.003432043,
1,1,2.153,0.7732041,0.2437169,-1.339038,-0.009725213,0.2405837,-0.9705767,-0.002400286,
1,1,2.155,0.7730523,0.249063,-1.34662,-0.009928212,0.1346391,-0.9908441,-0.001340657,
1,1,2.157,0.7729005,0.2543679,-1.354201,-0.01001568,0.02713384,-0.9995816,-0.0002654872,
1,1,2.159,0.7727488,0.2596318,-1.36178,-0.009986624,-0.08068125,-0.9966897,0.000812711,
1,1,2.161,0.772597,0.2648547,-1.369357,-0.009841398,-0.1875519,-0.9822037,0.001881395,
1,1,2.163,0.7724453,0.2700365,-1.376933,-0.009581712,-0.2922354,-0.956294,0.002928136,
1,1,2.165,0.7722937,0.2751772,-1.384507,-0.009210601,-0.3935145,-0.9192638,0.003940763,
1,1,2.167,0.7721421,0.2802769,-1.39208,-0.008732402,-0.490212,-0.8715457,0.004907508,
1,1,2.169,0.7719904,0.2853356,-1.399652,-0.00815269,-0.5812042,-0.8136961,0.005817136,
1,1,2.171,0.7718389,0.2903534,-1.407221,-0.007478224,-0.6654341,-0.7463894,0.006659082,
1,1,2.173,0.7716874,0.2953301,-1.414789,-0.006716862,-0.7419237,-0.6704096,0.00742357,
1,1,2.175,0.7715359,0.3002659,-1.422356,-0.005877465,-0.8097852,-0.5866412,0.008101726,
1,1,2.177,0.7713844,0.3051608,-1.429921,-0.004969802,-0.8682312,-0.4960589,0.008685683,
1,1,2.179,0.771233,0.3100147,-1.437485,-0.004004431,-0.9165841,-0.3997167,0.009168669,
1,1,2.181,0.7710816,0.3148277,-1.445047,-0.002992581,-0.9542837,-0.2987349,0.009545088,
1,1,2.183,0.7709302,0.3195997,-1.452608,-0.001946015,-0.9808937,-0.1942875,0.009810583,
1,1,2.185,0.7707788,0.3243309,-1.460166,-0.0008768975,-0.9961066,-0.08758853,0.009962087,
1,1,2.187,0.7706275,0.3290212,-1.467724,0.0002023492,-0.9997476,0.02012218,0.009997862,
1,1,2.189,0.7704762,0.3336706,-1.47528,0.001279188,-0.9917761,0.1275935,0.009917509,
1,1,2.191,0.7703249,0.3382792,-1.482834,0.002341114,-0.9722868,0.2335773,0.009721979,
1,1,2.193,0.7701737,0.342847,-1.490387,0.003375797,-0.9415077,0.336843,0.009413562,
1,1,2.195,0.7700225,0.3473739,-1.497939,0.004371227,-0.899798,0.4361921,0.008995857,
1,1,2.197,0.7698714,0.35186,-1.505489,0.005315854,-0.8476437,0.5304716,0.008473732,
1,1,2.199,0.7697202,0.3563052,-1.513037,0.006198719,-0.7856519,0.6185879,0.007853262,
1,1,2.201,0.769569,0.3607097,-1.520584,0.007009583,-0.7145438,0.6995192,0.007141667,
1,1,2.203,0.769418,0.3650734,-1.528129,0.007739048,-0.6351462,0.7723272,0.006347222,
1,1,2.205,0.769267,0.3693964,-1.535673,0.008378661,-0.5483816,0.8361683,0.005479157,
1,1,2.207,0.7691159,0.3736786,-1.543215,0.008921014,-0.455258,0.8903033,0.004547558,
1,1,2.209,0.7689649,0.3779201,-1.550756,0.009359831,-0.3568572,0.9341053,0.003563245,
1,1,2.211,0.768814,0.3821208,-1.558295,0.009690035,-0.2543212,0.967068,0.002537644,
1,1,2.213,0.7686631,0.3862809,-1.565833,0.009907815,-0.1488402,0.9888105,0.00148266,
1,1,2.215,0.7685122,0.3904002,-1.573369,0.01001066,-0.0416382,0.9990825,0.0004105337,
1,1,2.217,0.7683613,0.3944789,-1.580904,0.009997395,0.06604125,0.9977666,-0.0006662972,
1,1,2.219,0.7682105,0.3985168,-1.588437,0.009868193,0.1729494,0.9848798,-0.001735345,
1,1,2.221,0.7680597,0.4025141,-1.595969,0.009624571,0.2778468,0.9605732,-0.002784215,
1,1,2.223,0.7679089,0.4064707,-1.6035,0.009269367,0.3795172,0.9251305,-0.00380075,
1,1,2.225,0.7677582,0.4103867,-1.611028,0.008806718,0.4767826,0.8789642,-0.00477317,
1,1,2.227,0.7676075,0.4142621,-1.618556,0.008242005,0.5685161,0.8226112,-0.005690209,
1,1,2.229,0.7674568,0.4180969,-1.626082,0.007581786,0.6536553,0.7567262,-0.006541246,
1,1,2.231,0.7673061,0.4218911,-1.633606,0.006833729,0.7312145,0.6820742,-0.007316425,
1,1,2.233,0.7671555,0.4256447,-1.641129,0.006006519,0.8002959,0.5995217,-0.008006779,
1,1,2.235,0.767005,0.4293577,-1.64865,0.005109751,0.8601006,0.5100265,-0.008604319,
1,1,2.237,0.7668544,0.4330301,-1.65617,0.004153824,0.9099368,0.4146264,-0.009102136,
1,1,2.239,0.7667038,0.436662,-1.663689,0.003149823,0.9492288,0.3144277,-0.00949448,
1,1,2.241,0.7665533,0.4402533,-1.671206,0.002109383,0.977523,0.2105916,-0.00977682,
1,1,2.243,0.7664029,0.4438042,-1.678721,0.001044561,0.9944934,0.1043213,-0.009945903,
1,1,2.245,0.7662525,0.4473145,-1.686235,-3.230676E-05,0.999945,-0.003151986,-0.009999787,
1,1,2.247,0.766102,0.4507842,-1.693748,-0.001108748,0.9938166,-0.1105835,-0.009937866,
1,1,2.249,0.7659516,0.4542135,-1.701259,-0.002172298,0.9761806,-0.2167293,-0.009760874,
1,1,2.251,0.7658013,0.4576023,-1.708768,-0.003210645,0.9472429,-0.3203606,-0.009470876,
1,1,2.253,0.7656509,0.4609506,-1.716277,-0.004211771,0.9073403,-0.4202779,-0.009071248,
1,1,2.255,0.7655006,0.4642585,-1.723783,-0.005164093,0.8569364,-0.5153251,-0.008566631,
1,1,2.257,0.7653503,0.4675259,-1.731289,-0.006056593,0.796616,-0.604403,-0.007962883,
1,1,2.259,0.7652001,0.4707529,-1.738793,-0.006878953,0.7270787,-0.6864813,-0.007267003,
1,1,2.261,0.7650499,0.4739394,-1.746295,-0.007621667,0.6491306,-0.7606112,-0.00648706,
1,1,2.263,0.7648997,0.4770855,-1.753796,-0.008276152,0.5636749,-0.8259361,-0.005632091,
1,1,2.265,0.7647495,0.4801912,-1.761295,-0.008834846,0.4717014,-0.8817015,-0.004711998,
1,1,2.267,0.7645994,0.4832565,-1.768793,-0.009291301,0.3742753,-0.9272636,-0.003737436,
1,1,2.269,0.7644493,0.4862814,-1.776289,-0.009640253,0.2725241,-0.9620969,-0.002719687,
1,1,2.271,0.7642992,0.489266,-1.783784,-0.009877678,0.1676255,-0.9857998,-0.001670529,
1,1,2.273,0.7641491,0.4922101,-1.791278,-0.01000085,0.06079325,-0.9981001,-0.0006021018,
1,1,2.275,0.7639992,0.495114,-1.79877,-0.01000836,-0.04673697,-0.998857,0.000473237,
1,1,2.277,0.7638492,0.4979774,-1.806261,-0.00990013,-0.1537215,-0.9880635,0.001543051,
1,1,2.279,0.7636992,0.5008006,-1.81375,-0.009677437,-0.2589236,-0.9658459,0.002594972,
1,1,2.281,0.7635493,0.5035834,-1.821238,-0.009342871,-0.361127,-0.9324629,0.003616839,
1,1,2.283,0.7633994,0.5063258,-1.828725,-0.008900315,-0.4591508,-0.8883018,0.004596844,
1,1,2.285,0.7632496,0.509028,-1.836209,-0.008354899,-0.5518625,-0.833875,0.005523666,
1,1,2.287,0.7630997,0.5116899,-1.843693,-0.007712943,-0.6381914,-0.7698126,0.006386599,
1,1,2.289,0.7629499,0.5143115,-1.851175,-0.00698188,-0.7171406,-0.6968567,0.00717568,
1,1,2.291,0.7628002,0.5168928,-1.858655,-0.006170169,-0.7877988,-0.6158513,0.007881803,
1,1,2.293,0.7626504,0.5194339,-1.866134,-0.005287202,-0.8493509,-0.5277337,0.008496817,
1,1,2.295,0.7625007,0.5219347,-1.873612,-0.004343189,-0.9010869,-0.4335231,0.009013634,
1,1,2.297,0.762351,0.5243953,-1.881088,-0.003349042,-0.9424107,-0.3343084,0.009426295,
1,1,2.299,0.7622013,0.5268157,-1.888563,-0.002316257,-0.9728462,-0.2312366,0.009730049,
1,1,2.301,0.7620517,0.5291958,-1.896036,-0.001256768,-0.9920434,-0.1254989,0.009921402,
1,1,2.303,0.7619021,0.5315357,-1.903508,-0.000182813,-0.9997822,-0.01831666,0.009998159,
1,1,2.305,0.7617525,0.5338355,-1.910979,0.0008932013,-0.995975,0.08907199,0.009959452,
1,1,2.307,0.7616029,0.536095,-1.918448,0.001958852,-0.9806672,0.1954271,0.009805743,
1,1,2.309,0.7614534,0.5383143,-1.925915,0.003001834,-0.9540374,0.2995207,0.009538825,
1,1,2.311,0.761304,0.5404935,-1.933382,0.004010114,-0.9163944,0.4001516,0.009161794,
1,1,2.313,0.7611545,0.5426325,-1.940846,0.004972055,-0.8681743,0.4961586,0.008679015,
1,1,2.315,0.761005,0.5447313,-1.94831,0.005876559,-0.8099352,0.5864342,0.008096079,
1,1,2.317,0.7608557,0.54679,-1.955772,0.006713196,-0.7423505,0.669937,0.007419727,
1,1,2.319,0.7607063,0.5488086,-1.963232,0.007472318,-0.6662018,0.7457044,0.006657779,
1,1,2.321,0.7605569,0.550787,-1.970691,0.008145178,-0.5823689,0.8128631,0.005819037,
1,1,2.323,0.7604076,0.5527253,-1.978149,0.008724023,-0.4918201,0.8706393,0.004913191,
1,1,2.325,0.7602583,0.5546235,-1.985605,0.009202189,-0.3956011,0.9183679,0.003950702,
1,1,2.327,0.7601091,0.5564816,-1.99306,0.00957417,-0.2948228,0.9554995,0.002942682,
1,1,2.329,0.7599598,0.5582997,-2.000513,0.009835693,-0.1906481,0.9816074,0.001900762,
1,1,2.331,0.7598106,0.5600775,-2.007965,0.009983757,-0.08427914,0.9963919,0.0008369675,
1,1,2.333,0.7596614,0.5618154,-2.015416,0.01001667,0.02305701,0.9996839,-0.0002364305,
1,1,2.335,0.7595123,0.5635132,-2.022865,0.009934059,0.1301223,0.9914473,-0.001307051,
1,1,2.337,0.7593632,0.5651709,-2.030313,0.009736906,0.2356823,0.9717786,-0.00236255,
1,1,2.339,0.759214,0.5667886,-2.037759,0.009427494,0.3385202,0.9409058,-0.003390759,
1,1,2.341,0.759065,0.5683662,-2.045204,0.009009405,0.4374505,0.8991868,-0.004379827,
1,1,2.343,0.758916,0.5699039,-2.052647,0.008487476,0.5313333,0.8471037,-0.005318359,
1,1,2.345,0.758767,0.5714015,-2.060089,0.007867735,0.6190871,0.7852586,-0.006195542,
1,1,2.347,0.758618,0.5728591,-2.06753,0.007157338,0.6997014,0.7143653,-0.007001276,
1,1,2.349,0.758469,0.5742767,-2.074969,0.006364485,0.7722481,0.6352422,-0.007726282,
1,1,2.351,0.7583202,0.5756544,-2.082407,0.005498325,0.8358923,0.5488023,-0.00836222,
1,1,2.353,0.7581713,0.576992,-2.089843,0.00456885,0.8899016,0.4560427,-0.008901772,
1,1,2.355,0.7580224,0.5782897,-2.097278,0.003586775,0.9336554,0.3580329,-0.009338737,
1,1,2.357,0.7578735,0.5795474,-2.104711,0.002563423,0.9666508,0.2559028,-0.009668091,
1,1,2.359,0.7577248,0.5807651,-2.112143,0.001510586,0.9885092,0.1508293,-0.00988606,
1,1,2.361,0.757576,0.5819429,-2.119574,0.0004403992,0.9989805,0.04402337,-0.009990144,
1,1,2.363,0.7574272,0.5830808,-2.127003,-0.0006348125,0.9979454,-0.06328479,-0.009979161,
1,1,2.365,0.7572784,0.5841787,-2.13443,-0.001702665,0.9854176,-0.1698593,-0.009853254,
1,1,2.367,0.7571298,0.5852367,-2.141857,-0.002750864,0.9615428,-0.2744731,-0.009613889,
1,1,2.369,0.7569811,0.5862548,-2.149282,-0.003767341,0.9265975,-0.3759219,-0.009263836,
1,1,2.371,0.7568325,0.5872329,-2.156705,-0.0047404,0.8809852,-0.4730382,-0.008807139,
1,1,2.373,0.7566838,0.5881712,-2.164127,-0.00565884,0.8252328,-0.5647042,-0.00824907,
1,1,2.375,0.7565353,0.5890697,-2.171547,-0.006512098,0.7599833,-0.6498656,-0.007596072,
1,1,2.377,0.7563868,0.5899282,-2.178967,-0.007290363,0.685989,-0.7275431,-0.006855668,
1,1,2.379,0.7562382,0.5907468,-2.186384,-0.007984686,0.6041027,-0.7968437,-0.006036394,
1,1,2.381,0.7560897,0.5915256,-2.1938,-0.008587088,0.5152678,-0.8569707,-0.005147689,
1,1,2.383,0.7559413,0.5922645,-2.201216,-0.009090648,0.4205077,-0.9072337,-0.004199788,
1,1,2.385,0.7557929,0.5929636,-2.208629,-0.009489586,0.3209133,-0.9470557,-0.003203606,
1,1,2.387,0.7556444,0.5936229,-2.216041,-0.009779327,0.2176309,-0.9759797,-0.002170612,
1,1,2.389,0.755496,0.5942424,-2.223452,-0.009956551,0.1118494,-0.9936747,-0.001112695,
1,1,2.391,0.7553477,0.5948219,-2.230861,-0.01001924,0.004785929,-0.9999384,-4.202616E-05,
1,1,2.393,0.7551994,0.5953617,-2.238269,-0.009966673,-0.1023279,-0.9947003,0.001029078,
1,1,2.395,0.7550511,0.5958617,-2.245676,-0.009799483,-0.2082601,-0.9780222,0.002088299,
1,1,2.397,0.7549028,0.5963219,-2.253081,-0.009519607,-0.3117927,-0.9500973,0.003123455,
1,1,2.399,0.7547545,0.5967423,-2.260484,-0.009130275,-0.4117352,-0.9112485,0.004122647,
1,1,2.401,0.7546064,0.5971229,-2.267887,-0.00863598,-0.5069391,-0.8619237,0.005074392,
1,1,2.403,0.7544582,0.5974637,-2.275287,-0.008042419,-0.5963104,-0.8026915,0.005967753,
1,1,2.405,0.75431,0.5977648,-2.282687,-0.007356427,-0.6788225,-0.7342342,0.006792469,
1,1,2.407,0.7541619,0.5980261,-2.290085,-0.006585902,-0.7535278,-0.6573399,0.007539068,
1,1,2.409,0.7540138,0.5982476,-2.297481,-0.005739713,-0.8195688,-0.5728934,0.008198978,
1,1,2.411,0.7538658,0.5984294,-2.304876,-0.004827593,-0.8761876,-0.4818664,0.008764627,
1,1,2.413,0.7537177,0.5985715,-2.31227,-0.003860035,-0.9227347,-0.3853059,0.009229532,
1,1,2.415,0.7535697,0.5986739,-2.319662,-0.002848163,-0.9586767,-0.2843219,0.009588357,
1,1,2.417,0.7534217,0.5987365,-2.327053,-0.001803611,-0.9836019,-0.1800756,0.009836998,
1,1,2.419,0.7532738,0.5987595,-2.334442,-0.0007383835,-0.9972255,-0.07376511,0.00997261,
1,1,2.421,0.7531258,0.5987427,-2.341829,0.000335279,-0.9993925,0.03338812,0.009993652,
1,1,2.423,0.7529779,0.5986863,-2.349216,0.001405043,-0.9900793,0.1401531,0.009899896,
1,1,2.425,0.7528301,0.5985901,-2.3566,0.002458623,-0.9693947,0.2453037,0.009692437,
1,1,2.427,0.7526823,0.5984543,-2.363984,0.00348392,-0.9375776,0.3476324,0.009373669,
1,1,2.429,0.7525344,0.5982788,-2.371366,0.004469164,-0.8949949,0.4459643,0.00894727,
1,1,2.431,0.7523866,0.5980636,-2.378746,0.005403045,-0.8421369,0.539171,0.008418151,
1,1,2.433,0.7522389,0.5978088,-2.386125,0.006274846,-0.7796121,0.6261829,0.0077924,
1,1,2.435,0.7520912,0.5975144,-2.393503,0.007074567,-0.7081395,0.7060017,0.007077212,
1,1,2.437,0.7519435,0.5971802,-2.400879,0.007793039,-0.6285408,0.7777123,0.006280813,
1,1,2.439,0.7517958,0.5968065,-2.408254,0.008422026,-0.5417305,0.8404927,0.005412354,
1,1,2.441,0.7516482,0.5963931,-2.415627,0.00895432,-0.4487062,0.8936233,0.004481812,
1,1,2.443,0.7515007,0.5959401,-2.422999,0.009383824,-0.3505362,0.9364956,0.003499874,
1,1,2.445,0.7513531,0.5954475,-2.430369,0.009705623,-0.2483476,0.9686192,0.002477818,
1,1,2.447,0.7512055,0.5949154,-2.437738,0.009916035,-0.1433139,0.9896266,0.001427374,
1,1,2.449,0.751058,0.5943436,-2.445106,0.01001267,-0.03664052,0.9992784,0.0003605999,
1,1,2.451,0.7509106,0.5937322,-2.452471,0.009994418,0.07044867,0.9974651,-0.0007102631,
1,1,2.453,0.7507631,0.5930812,-2.459836,0.00986152,0.176725,0.9842093,-0.00177293,
1,1,2.455,0.7506157,0.5923907,-2.467199,0.009615508,0.2809694,0.9596645,-0.002815213,
1,1,2.457,0.7504683,0.5916606,-2.474561,0.00925922,0.3819867,0.9241136,-0.00382516,
1,1,2.459,0.7503209,0.590891,-2.481921,0.008796753,0.4786187,0.8779657,-0.004791191,
1,1,2.461,0.7501736,0.5900818,-2.48928,0.008233427,0.5697579,0.8217516,-0.005702235,
1,1,2.463,0.7500262,0.589233,-2.496637,0.007575716,0.6543595,0.7561173,-0.006547852,
1,1,2.465,0.7498789,0.5883448,-2.503992,0.006831173,0.7314548,0.6818165,-0.007318356,
1,1,2.467,0.7497317,0.587417,-2.511347,0.006008344,0.8001608,0.5997021,-0.008004921,
1,1,2.469,0.7495845,0.5864497,-2.518699,0.005116675,0.859691,0.5107165,-0.008599689,
1,1,2.471,0.7494373,0.5854429,-2.526051,0.004166395,0.9093642,0.4158807,-0.009095858,
1,1,2.473,0.7492901,0.5843966,-2.5334,0.003168402,0.9486125,0.3162823,-0.009487749,
1,1,2.475,0.749143,0.5833108,-2.540749,0.002134142,0.9769872,0.2130634,-0.009770885,
1,1,2.477,0.7489959,0.5821856,-2.548095,0.00107547,0.9941648,0.1074074,-0.009942039,
1,1,2.479,0.7488488,0.5810208,-2.555441,4.519941E-06,0.9999499,0.0005253481,-0.009999264,
1,1,2.481,0.7487018,0.5798166,-2.562784,-0.001066435,0.9942777,-0.106358,-0.009941917,
1,1,2.483,0.7485548,0.5785729,-2.570127,-0.002125124,0.9772146,-0.2120181,-0.009770673,
1,1,2.485,0.7484078,0.5772898,-2.577468,-0.003159421,0.9489577,-0.3152447,-0.009487506,
1,1,2.487,0.7482608,0.5759672,-2.584807,-0.004157482,0.9098324,-0.4148556,-0.009095678,
1,1,2.489,0.7481139,0.5746052,-2.592145,-0.005107881,0.8602878,-0.5097105,-0.00859969,
1,1,2.491,0.747967,0.5732037,-2.599481,-0.00599974,0.8008932,-0.5987238,-0.008005237,
1,1,2.493,0.7478201,0.5717628,-2.606816,-0.006822852,0.7323297,-0.6808769,-0.007319141,
1,1,2.495,0.7476733,0.5702825,-2.614149,-0.007567803,0.6553837,-0.7552299,-0.006549267,
1,1,2.497,0.7475265,0.5687628,-2.621481,-0.008226073,0.5709373,-0.8209326,-0.005704441,
1,1,2.499,0.7473797,0.5672037,-2.628811,-0.008790142,0.4799585,-0.8772341,-0.004794349,
1,1,2.501,0.747233,0.5656052,-2.63614,-0.00925356,0.3834895,-0.9234909,-0.003829414,
1,1,2.503,0.7470862,0.5639673,-2.643467,-0.009611034,0.2826355,-0.9591751,-0.002820692,
1,1,2.505,0.7469396,0.5622901,-2.650793,-0.009858494,0.1785511,-0.9838796,-0.001779732,
1,1,2.507,0.746793,0.5605735,-2.658117,-0.00999312,0.07242809,-0.9973234,-0.0007184533,
1,1,2.509,0.7466463,0.5588175,-2.66544,-0.01001339,-0.03451914,-0.9993538,0.0003509977,
1,1,2.511,0.7464997,0.5570222,-2.672761,-0.009919075,-0.1410666,-0.9899494,0.001416384,
1,1,2.513,0.7463532,0.5551875,-2.68008,-0.009711284,-0.2459952,-0.9692193,0.002465516,
1,1,2.515,0.7462067,0.5533134,-2.687398,-0.009392403,-0.348105,-0.937402,0.003486393,
1,1,2.517,0.7460602,0.5514001,-2.694715,-0.008966097,-0.4462281,-0.8948632,0.004467343,
1,1,2.519,0.7459137,0.5494474,-2.70203,-0.008437254,-0.5392428,-0.8420908,0.005397149,
1,1,2.521,0.7457673,0.5474555,-2.709343,-0.00781194,-0.6260859,-0.7796898,0.006265185,
1,1,2.523,0.7456209,0.5454242,-2.716655,-0.007097315,-0.7057652,-0.708375,0.007061531,
1,1,2.525,0.7454745,0.5433537,-2.723966,-0.006301566,-0.7773705,-0.6289634,0.007777093,
1,1,2.527,0.7453281,0.5412439,-2.731274,-0.005433802,-0.8400842,-0.5423638,0.008403699,
1,1,2.529,0.7451819,0.5390947,-2.738581,-0.004503952,-0.8931904,-0.4495673,0.008934199,
1,1,2.531,0.7450356,0.5369063,-2.745887,-0.003522657,-0.9360835,-0.3516357,0.009362539,
1,1,2.533,0.7448893,0.5346786,-2.753191,-0.00250114,-0.9682744,-0.2496892,0.009683838,
1,1,2.535,0.7447431,0.5324117,-2.760494,-0.001451081,-0.9893968,-0.1448933,0.009894439,
1,1,2.537,0.744597,0.5301055,-2.767795,-0.0003844869,-0.9992107,-0.03844628,0.009991949,
1,1,2.539,0.7444508,0.5277601,-2.775094,0.0006864534,-0.9976055,0.0684354,0.009975271,
1,1,2.541,0.7443047,0.5253755,-2.782392,0.001749502,-0.9846011,0.1745303,0.00984461,
1,1,2.543,0.7441586,0.5229517,-2.789688,0.002792513,-0.9603476,0.2786264,0.009601476,
1,1,2.545,0.7440125,0.5204887,-2.796983,0.003803574,-0.9251236,0.3795345,0.009248656,
1,1,2.547,0.7438665,0.5179864,-2.804276,0.004771137,-0.879333,0.4761024,0.008790202,
1,1,2.549,0.7437205,0.5154449,-2.811567,0.005684156,-0.8235004,0.5672275,0.008231362,
1,1,2.551,0.7435746,0.5128643,-2.818857,0.006532214,-0.7582649,0.6518698,0.007578535,
1,1,2.553,0.7434286,0.5102444,-2.826145,0.00730563,-0.6843729,0.7290636,0.00683919,
1,1,2.555,0.7432827,0.5075855,-2.833431,0.007995587,-0.6026693,0.7979283,0.00602178,
1,1,2.557,0.7431368,0.5048873,-2.840716,0.008594217,-0.5140882,0.857679,0.005135653,
1,1,2.559,0.742991,0.50215,-2.848,0.009094696,-0.4196416,0.9076347,0.004190932,
1,1,2.561,0.7428452,0.4993735,-2.855281,0.009491328,-0.3204088,0.9472265,0.003198412,
1,1,2.563,0.7426994,0.4965579,-2.862561,0.009779599,-0.2175232,0.9760038,0.002169429,
1,1,2.565,0.7425537,0.4937032,-2.86984,0.009956232,-0.1121596,0.9936398,0.001115732,
1,1,2.567,0.742408,0.4908093,-2.877117,0.01001923,-0.005520858,0.9999346,4.93516E-05,
1,1,2.569,0.7422624,0.4878763,-2.884392,0.009967883,0.1011758,0.9948182,-0.001017542,
1,1,2.571,0.7421167,0.4849043,-2.891665,0.009802799,0.2067132,0.9783503,-0.002072773,
1,1,2.573,0.7419711,0.4818931,-2.898937,0.009525877,0.3098871,0.9507206,-0.003104304,
1,1,2.575,0.7418256,0.4788428,-2.906208,0.009140292,0.4095205,0.912246,-0.00410037,
1,1,2.577,0.74168,0.4757535,-2.913476,0.008650458,0.5044778,0.8633666,-0.005049613,
1,1,2.579,0.7415345,0.4726251,-2.920743,0.008061976,0.5936762,0.8046417,-0.005941211,
1,1,2.581,0.7413891,0.4694577,-2.928008,0.007381571,0.6760995,0.7367424,-0.006765007,
1,1,2.583,0.7412437,0.4662511,-2.935272,0.006617019,0.7508083,0.6604444,-0.007511612,
1,1,2.585,0.7410982,0.4630056,-2.942534,0.005777048,0.816952,0.5766189,-0.008172528,
1,1,2.587,0.7409528,0.459721,-2.949794,0.004871246,0.8737777,0.4862225,-0.008740227,
1,1,2.589,0.7408075,0.4563974,-2.957052,0.003909952,0.9206389,0.3902872,-0.009208251,
1,1,2.591,0.7406622,0.4530348,-2.964309,0.002904131,0.9570026,0.2899072,-0.009571278,
1,1,2.593,0.7405169,0.4496332,-2.971565,0.001865252,0.9824558,0.1862273,-0.009825187,
1,1,2.595,0.7403717,0.4461925,-2.978818,0.0008051643,0.9967101,0.08042991,-0.0099671,
1,1,2.597,0.7402265,0.4427129,-2.98607,-0.0002640491,0.9996047,-0.02627905,-0.009995415,
1,1,2.599,0.7400813,0.4391943,-2.99332,-0.001330204,0.9911081,-0.1326835,-0.009909824,
1,1,2.601,0.7399362,0.4356367,-3.000568,-0.002381151,0.9713188,-0.2375709,-0.009711324,
1,1,2.603,0.7397911,0.4320402,-3.007815,-0.003404916,0.9404639,-0.3397465,-0.009402188,
1,1,2.605,0.739646,0.4284047,-3.01506,-0.004389843,0.8988966,-0.4380467,-0.008985956,
1,1,2.607,0.7395009,0.4247303,-3.022303,-0.005324719,0.8470919,-0.5313523,-0.008467386,
1,1,2.609,0.739356,0.421017,-3.029545,-0.006198899,0.7856414,-0.6186013,-0.007852397,
1,1,2.611,0.739211,0.4172647,-3.036785,-0.007002438,0.7152464,-0.6988009,-0.007148007,
1,1,2.613,0.7390661,0.4134735,-3.044023,-0.007726198,0.6367097,-0.7710387,-0.006362254,
1,1,2.615,0.7389212,0.4096434,-3.051259,-0.008361948,0.5509268,-0.8344936,-0.005504095,
1,1,2.617,0.7387764,0.4057744,-3.058494,-0.00890246,0.4588754,-0.8884442,-0.004583312,
1,1,2.619,0.7386315,0.4018666,-3.065726,-0.009341598,0.3616044,-0.9322779,-0.003610397,
1,1,2.621,0.7384868,0.3979199,-3.072958,-0.009674376,0.2602218,-0.9654969,-0.002596431,
1,1,2.623,0.738342,0.3939343,-3.080187,-0.009897022,0.1558824,-0.9877249,-0.001552964,
1,1,2.625,0.7381973,0.3899098,-3.087414,-0.01000702,0.04977394,-0.9987103,-0.0004918751,
1,1,2.627,0.7380526,0.3858465,-3.09464,-0.01000313,-0.05689562,-0.9983299,0.0005747574,
1,1,2.629,0.737908,0.3817444,-3.101864,-0.009885413,-0.1629125,-0.9865897,0.001634796,
1,1,2.631,0.7377634,0.3776034,-3.109086,-0.009655232,-0.2670705,-0.9636249,0.002676181,
1,1,2.633,0.7376188,0.3734236,-3.116307,-0.00931522,-0.368185,-0.9296986,0.00368707,
1,1,2.635,0.7374743,0.369205,-3.123525,-0.008869261,-0.4651061,-0.8851984,0.004655965,
1,1,2.637,0.7373298,0.3649476,-3.130742,-0.008322442,-0.5567321,-0.8306318,0.005571852,
1,1,2.639,0.7371853,0.3606514,-3.137957,-0.007680997,-0.6420217,-0.7666211,0.006424325,
1,1,2.641,0.7370409,0.3563165,-3.14517,-0.006952237,-0.720006,-0.6938956,0.007203695,
1,1,2.643,0.7368965,0.3519427,-3.152381,-0.006144462,-0.7897993,-0.6132838,0.007901115,
1,1,2.645,0.7367522,0.3475302,-3.159591,-0.005266867,-0.8506092,-0.5257033,0.008508665,
1,1,2.647,0.7366078,0.343079,-3.166799,-0.004329442,-0.9017459,-0.4321508,0.009019456,
1,1,2.649,0.7364635,0.338589,-3.174005,-0.00334285,-0.9426296,-0.3336907,0.009427692,
1,1,2.651,0.7363193,0.3340603,-3.181209,-0.002318313,-0.9727971,-0.2314429,0.009728749,
1,1,2.653,0.7361751,0.3294929,-3.188411,-0.00126748,-0.9919073,-0.1265699,0.009919223,
1,1,2.655,0.7360309,0.3248868,-3.195611,-0.0002022974,-0.9997447,-0.02026401,0.00999697,
1,1,2.657,0.7358868,0.320242,-3.20281,0.0008651293,-0.996222,0.08626664,0.00996112,
1,1,2.659,0.7357427,0.3155585,-3.210007,0.001922673,-0.9813808,0.1918118,0.009812098,
1,1,2.661,0.7355986,0.3108363,-3.217202,0.00295832,-0.9553917,0.2951724,0.009551617,
1,1,2.663,0.7354546,0.3060754,-3.224395,0.00396031,-0.9185516,0.3951748,0.009182652,
1,1,2.665,0.7353106,0.3012759,-3.231586,0.004917267,-0.8712804,0.4906836,0.00870941,
1,1,2.667,0.7351667,0.2964378,-3.238775,0.005818328,-0.814117,0.5806148,0.008137283,
1,1,2.669,0.7350228,0.291561,-3.245963,0.006653272,-0.7477117,0.6639481,0.007472781,
1,1,2.671,0.7348789,0.2866456,-3.253148,0.007412627,-0.6728202,0.7397384,0.006723464,
1,1,2.673,0.7347351,0.2816916,-3.260332,0.008087787,-0.590294,0.8071263,0.005897855,
1,1,2.675,0.7345913,0.276699,-3.267513,0.008671098,-0.5010712,0.8653482,0.005005337,
1,1,2.677,0.7344475,0.2716678,-3.274693,0.009155958,-0.4061655,0.9137447,0.004056053,
1,1,2.679,0.7343038,0.266598,-3.281871,0.009536874,-0.3066551,0.951768,0.003060785,
1,1,2.681,0.7341602,0.2614897,-3.289047,0.009809543,-0.2036699,0.9789884,0.002030836,
1,1,2.683,0.7340165,0.2563428,-3.296221,0.009970889,-0.09837894,0.9950987,0.0009778977,
1,1,2.685,0.7338729,0.2511574,-3.303393,0.0100191,0.008022758,0.9999177,-8.607981E-05,
1,1,2.687,0.7337294,0.2459334,-3.310563,0.009953636,0.1143279,0.9933926,-0.001149024,
1,1,2.689,0.7335858,0.2406709,-3.317731,0.009775268,0.2193305,0.9755992,-0.002198878,
1,1,2.691,0.7334423,0.2353699,-3.324898,0.009486039,0.3218396,0.9467413,-0.003223734,
1,1,2.693,0.7332989,0.2300304,-3.332062,0.009089241,0.4206933,0.9071476,-0.004211975,
1,1,2.695,0.7331555,0.2246524,-3.339224,0.008589394,0.5147709,0.8572693,-0.005152398,
1,1,2.697,0.7330121,0.2192359,-3.346384,0.007992181,0.6030067,0.7976733,-0.006034349,
1,1,2.699,0.7328688,0.213781,-3.353542,0.007304389,0.684401,0.7290371,-0.006847837,
1,1,2.701,0.7327255,0.2082876,-3.360698,0.006533829,0.7580326,0.65214,-0.007583652,
1,1,2.703,0.7325822,0.2027557,-3.367853,0.00568925,0.8230678,0.5678549,-0.008233469,
1,1,2.705,0.732439,0.1971854,-3.375005,0.004780237,0.8787712,0.4771386,-0.008789933,
1,1,2.707,0.7322959,0.1915767,-3.382155,0.0038171,0.9245127,0.3810199,-0.009246754,
1,1,2.709,0.7321527,0.1859296,-3.389304,0.002810763,0.9597759,0.2805891,-0.009598773,
1,1,2.711,0.7320096,0.1802441,-3.39645,0.001772633,0.9841629,0.1769846,-0.009842017,
1,1,2.713,0.7318666,0.1745202,-3.403594,0.0007144762,0.9973991,0.07138062,-0.009973748,
1,1,2.715,0.7317235,0.168758,-3.410737,-0.0003517165,0.9993364,-0.03502614,-0.009992492,
1,1,2.717,0.7315806,0.1629573,-3.417877,-0.001413867,0.9899548,-0.1410302,-0.009898059,
1,1,2.719,0.7314377,0.1571184,-3.425015,-0.002459945,0.9693624,-0.2454313,-0.009691535,
1,1,2.721,0.7312948,0.1512411,-3.432151,-0.003478111,0.9377944,-0.3470474,-0.009375278,
1,1,2.723,0.731152,0.1453254,-3.439285,-0.00445684,0.8956097,-0.4447284,-0.008952886,
1,1,2.725,0.7310092,0.1393715,-3.446417,-0.005385057,0.8432878,-0.5373691,-0.008429158,
1,1,2.727,0.7308664,0.1333792,-3.453547,-0.006252263,0.7814229,-0.6239216,-0.007810042,
1,1,2.729,0.7307237,0.1273487,-3.460675,-0.007048652,0.7107166,-0.7034073,-0.00710256,
1,1,2.731,0.730581,0.1212799,-3.467801,-0.007765223,0.6319708,-0.7749277,-0.006314736,
1,1,2.733,0.7304384,0.1151728,-3.474924,-0.008393882,0.5460778,-0.8376747,-0.005455498,
1,1,2.735,0.7302958,0.1090275,-3.482046,-0.00892753,0.4540108,-0.89094,-0.00453458,
1,1,2.737,0.7301533,0.1028439,-3.489166,-0.009360143,0.3568124,-0.9341224,-0.003562413,
1,1,2.739,0.7300107,0.09662211,-3.496283,-0.009686846,0.255583,-0.9667352,-0.002550001,
1,1,2.741,0.7298683,0.0903621,-3.503398,-0.00990396,0.1514685,-0.9884113,-0.001508805,
1,1,2.743,0.7297258,0.08406389,-3.510511,-0.01000905,0.04564662,-0.9989074,-0.0004506052,
1,1,2.745,0.7295835,0.07772749,-3.517622,-0.01000095,-0.0606855,-0.9981067,0.0006126282,
1,1,2.747,0.7294412,0.07135291,-3.524731,-0.009879758,-0.1663254,-0.9860201,0.001668873,
1,1,2.749,0.7292988,0.06494017,-3.531838,-0.009646876,-0.2700788,-0.9627861,0.002706188,
1,1,2.751,0.7291566,0.05848928,-3.538943,-0.00930495,-0.3707732,-0.9286695,0.003712849,
1,1,2.753,0.7290144,0.05200025,-3.546045,-0.008857867,-0.4672709,-0.8840575,0.004677485,
1,1,2.755,0.72886,0.04547304,-3.553085,-0.008310699,-0.5584815,-0.8294566,0.005589196,CourtEnter
1,1,2.757,0.7287056,0.03890819,-3.560124,-0.007669642,-0.6433757,-0.7654852,0.00643769,
1,1,2.759,0.7285511,0.0365466,-3.567228,-0.006957589,-0.7192603,-0.6946686,0.007198734,
1,1,2.761,0.7283967,0.04160916,-3.574391,-0.006191724,-0.7858938,-0.6182805,0.007865467,
1,1,2.763,0.7282423,0.04663121,-3.581554,-0.005362276,-0.8444485,-0.5355432,0.008451345,
1,1,2.765,0.728088,0.05161273,-3.588717,-0.004477779,-0.8943241,-0.447308,0.008950359,
1,1,2.767,0.7279385,0.05655254,-3.595907,-0.003547325,-0.9350093,-0.354482,0.009357397,CourtExit
1,1,2.769,0.727794,0.06145183,-3.603122,-0.002580482,-0.9660879,-0.2580193,0.009668293,
1,1,2.771,0.7276495,0.06631029,-3.610336,-0.001587185,-0.9872422,-0.1589115,0.009879868,
1,1,2.773,0.727505,0.07112791,-3.617549,-0.000577639,-0.9982562,-0.05817679,0.009989966,
1,1,2.775,0.7273605,0.0759047,-3.62476,0.0004377858,-0.9990185,0.04315015,0.009997469,
1,1,2.777,0.7272162,0.08064069,-3.631969,0.001448663,-0.9895229,0.1440288,0.009902318,
1,1,2.779,0.7270718,0.08533589,-3.639177,0.002444615,-0.9698685,0.2434235,0.009705507,
1,1,2.781,0.7269275,0.08999031,-3.646384,0.003415421,-0.9402585,0.3403143,0.009409072,
1,1,2.783,0.7267831,0.09460396,-3.653589,0.004351116,-0.9009985,0.4337067,0.009016067,
1,1,2.785,0.7266388,0.09917686,-3.660793,0.005242106,-0.8524929,0.522643,0.008530545,
1,1,2.787,0.7264946,0.103709,-3.667995,0.006079248,-0.7952409,0.6062108,0.0079575,
1,1,2.789,0.7263503,0.1082005,-3.675197,0.006853967,-0.7298315,0.6835538,0.007302832,
1,1,2.791,0.7262061,0.1126512,-3.682396,0.00755832,-0.6569368,0.7538791,0.006573265,
1,1,2.793,0.7260619,0.1170612,-3.689595,0.008185091,-0.577306,0.8164665,0.005776296,
1,1,2.795,0.7259178,0.1214305,-3.696792,0.008727866,-0.491757,0.8706748,0.004920113,
1,1,2.797,0.7257736,0.1257592,-3.703987,0.009181087,-0.4011683,0.9159496,0.004013505,
1,1,2.799,0.7256295,0.1300471,-3.711181,0.009540121,-0.3064695,0.9518278,0.003065779,
1,1,2.801,0.7254854,0.1342945,-3.718374,0.0098013,-0.2086325,0.9779428,0.002086661,
1,1,2.803,0.7253414,0.1385012,-3.725565,0.009961959,-0.1086609,0.9940284,0.001086195,
1,1,2.805,0.7251974,0.1426672,-3.732755,0.01002047,-0.007580012,0.9999211,7.464178E-05,
1,1,2.807,0.7250534,0.1467927,-3.739944,0.00997624,0.09357371,0.995562,-0.0009376262,
1,1,2.809,0.7249094,0.1508775,-3.747131,0.009829746,0.1937632,0.9809972,-0.001940231,
1,1,2.811,0.7247654,0.1549217,-3.754317,0.009582499,0.2919616,0.9563776,-0.002922897,
1,1,2.813,0.7246215,0.1589254,-3.761502,0.009237051,0.3871628,0.921957,-0.003875555,
1,1,2.815,0.7244776,0.1628885,-3.768685,0.008796955,0.4783916,0.8780895,-0.004788449,
1,1,2.817,0.7243338,0.166811,-3.775866,0.008266738,0.5647137,0.8252262,-0.005652226,
1,1,2.819,0.7241899,0.170693,-3.783047,0.007651839,0.6452453,0.7639099,-0.006458045,
1,1,2.821,0.7240462,0.1745345,-3.790226,0.006958577,0.7191622,0.6947702,-0.00719766,
1,1,2.823,0.7239024,0.1783354,-3.797403,0.006194063,0.7857081,0.6185164,-0.007863504,
1,1,2.825,0.7237586,0.1820958,-3.804579,0.005366139,0.8442027,0.5359308,-0.008448767,
1,1,2.827,0.7236149,0.1858158,-3.811754,0.00448329,0.8940479,0.4478597,-0.008947465,
1,1,2.829,0.7234712,0.1894952,-3.818928,0.00355457,0.9347344,0.3552062,-0.009354506,
1,1,2.831,0.7233276,0.1931342,-3.8261,0.002589496,0.965847,0.2589197,-0.009665734,
1,1,2.833,0.7231839,0.1967327,-3.833271,0.001597952,0.9870684,0.1599868,-0.009877976,
1,1,2.835,0.7230403,0.2002907,-3.840441,0.0005900989,0.9981829,0.05942062,-0.009989074,
1,1,2.837,0.7228967,0.2038083,-3.847609,-0.0004237466,0.9990781,-0.04174902,-0.009997903,
1,1,2.839,0.7227532,0.2072855,-3.854775,-0.001433207,0.9897462,-0.1424865,-0.009904389,
1,1,2.841,0.7226096,0.2107222,-3.861941,-0.002427951,0.9702842,-0.2417609,-0.009709506,
1,1,2.843,0.7224661,0.2141186,-3.869105,-0.0033978,0.9408929,-0.3385563,-0.009415261,
1,1,2.845,0.7223226,0.2174745,-3.876268,-0.004332831,0.9018744,-0.4318825,-0.009024677,
1,1,2.847,0.7221792,0.2207901,-3.883429,-0.005223482,0.8536291,-0.5207851,-0.008541766,
1,1,2.849,0.7220358,0.2240652,-3.890589,-0.006060647,0.7966522,-0.604355,-0.007971483,
1,1,2.851,0.7218924,0.2273001,-3.897748,-0.006835769,0.7315277,-0.6817381,-0.007319676,
1,1,2.853,0.7217489,0.2304945,-3.904905,-0.007540927,0.6589232,-0.7521436,-0.00659302,
1,1,2.855,0.7216057,0.2336486,-3.912061,-0.008168918,0.5795821,-0.8148523,-0.005798962,
1,1,2.857,0.7214624,0.2367624,-3.919216,-0.008713331,0.4943169,-0.8692241,-0.004945633,
1,1,2.859,0.7213191,0.2398359,-3.926369,-0.009168611,0.4040003,-0.914704,-0.004041766,
1,1,2.861,0.7211758,0.242869,-3.933521,-0.00953011,0.3095567,-0.9508282,-0.003096611,
1,1,2.863,0.7210326,0.2458618,-3.940672,-0.009794149,0.2119524,-0.9772286,-0.002119841,
1,1,2.865,0.7208894,0.2488144,-3.947821,-0.00995804,0.1121858,-0.9936368,-0.001121444,
1,1,2.867,0.7207462,0.2517267,-3.954969,-0.01002012,0.01127679,-0.9998863,-0.0001116301,
1,1,2.869,0.720603,0.2545986,-3.962116,-0.009979781,-0.08974288,-0.9959146,0.0008992766,
1,1,2.871,0.7204599,0.2574304,-3.969261,-0.009837435,-0.1898406,-0.9817638,0.001900944,
1,1,2.873,0.7203168,0.2602218,-3.976406,-0.009594554,-0.2879935,-0.95758,0.002883137,
1,1,2.875,0.7201738,0.2629731,-3.983548,-0.009253638,-0.3831987,-0.9236116,0.00383582,
1,1,2.877,0.7200307,0.2656841,-3.99069,-0.00881818,-0.474484,-0.8802072,0.004749265,
1,1,2.879,0.7198877,0.2683548,-3.99783,-0.008292647,-0.5609172,-0.8278114,0.005614142,
1,1,2.881,0.7197447,0.2709854,-4.004969,-0.007682415,-0.6416159,-0.7669607,0.006421624,
1,1,2.883,0.7196018,0.2735758,-4.012106,-0.006993732,-0.7157567,-0.698278,0.007163469,
1,1,2.885,0.7194588,0.2761259,-4.019242,-0.006233643,-0.7825831,-0.6224657,0.00783211,
1,1,2.887,0.7193159,0.2786359,-4.026377,-0.00540992,-0.8414133,-0.5402994,0.008420724,
1,1,2.889,0.719173,0.2811057,-4.033511,-0.004530986,-0.8916479,-0.452619,0.008923315,
1,1,2.891,0.7190301,0.2835353,-4.040643,-0.003605822,-0.9327748,-0.3603206,0.009334761,
1,1,2.893,0.7188873,0.2859248,-4.047774,-0.002643883,-0.9643757,-0.2643473,0.009650875,
1,1,2.895,0.7187445,0.2882741,-4.054904,-0.001654993,-0.9861289,-0.1656794,0.009868437,
1,1,2.897,0.7186017,0.2905833,-4.062032,-0.0006492509,-0.997814,-0.06532437,0.009985246,
1,1,2.899,0.718459,0.2928524,-4.069159,0.0003630752,-0.9993127,0.03569312,0.01000012,
1,1,2.901,0.7183163,0.2950813,-4.076284,0.001371651,-0.9906114,0.1363418,0.009912918,
1,1,2.903,0.7181736,0.2972702,-4.083409,0.002366183,-0.9717999,0.2355946,0.009724549,
1,1,2.905,0.7180309,0.2994189,-4.090532,0.003336525,-0.9430718,0.3324387,0.009436946,
1,1,2.907,0.7178882,0.3015276,-4.097653,0.004272777,-0.9047214,0.4258861,0.009053059,
1,1,2.909,0.7177455,0.3035961,-4.104774,0.00516539,-0.8571414,0.5149839,0.008576815,
1,1,2.911,0.717603,0.3056246,-4.111893,0.006005261,-0.8008184,0.5988235,0.008013086,
1,1,2.913,0.7174604,0.307613,-4.119011,0.006783833,-0.7363284,0.6765503,0.007367638,
1,1,2.915,0.7173178,0.3095614,-4.126128,0.007493168,-0.6643299,0.7473724,0.006647062,
1,1,2.917,0.7171752,0.3114697,-4.133243,0.008126043,-0.5855586,0.8105682,0.005858718,
1,1,2.919,0.7170328,0.313338,-4.140357,0.008676014,-0.5008187,0.8654943,0.005010658,
1,1,2.921,0.7168903,0.3151663,-4.14747,0.009137481,-0.4109752,0.9115915,0.004111537,
1,1,2.923,0.7167479,0.3169546,-4.154581,0.009505751,-0.3169447,0.9483911,0.003170529,
1,1,2.925,0.7166054,0.3187028,-4.161691,0.009777081,-0.2196869,0.975519,0.002197236,
1,1,2.927,0.716463,0.320411,-4.168799,0.009948718,-0.1201937,0.9927,0.001201585,
1,1,2.929,0.7163207,0.3220793,-4.175907,0.01001893,-0.01947939,0.9997601,0.0001937289,
1,1,2.931,0.7161784,0.3237075,-4.183013,0.009987001,0.08142909,0.9966288,-0.0008160576,
1,1,2.933,0.716036,0.3252958,-4.190118,0.009853283,0.1815033,0.9833394,-0.001817482,
1,1,2.935,0.7158937,0.3268441,-4.197221,0.009619148,0.2797234,0.9600284,-0.002800339,
1,1,2.937,0.7157515,0.3283525,-4.204324,0.009286997,0.3750885,0.9269349,-0.003754614,
1,1,2.939,0.7156093,0.3298209,-4.211425,0.008860224,0.4666274,0.8843973,-0.004670589,
1,1,2.941,0.715467,0.3312493,-4.218524,0.008343192,0.5534076,0.8328504,-0.005538934,
1,1,2.943,0.7153248,0.3326378,-4.225623,0.00774118,0.6345459,0.7728203,-0.006350808,
1,1,2.945,0.7151827,0.3339864,-4.23272,0.007060333,0.7092164,0.7049199,-0.007097949,
1,1,2.947,0.7150406,0.3352951,-4.239816,0.006307593,0.776659,0.6298417,-0.007772751,
1,1,2.949,0.7148985,0.3365639,-4.24691,0.005490638,0.8361882,0.5483513,-0.008368355,
1,1,2.951,0.7147564,0.3377928,-4.254003,0.0046178,0.8871983,0.4612797,-0.008878702,
1,1,2.953,0.7146143,0.3389818,-4.261095,0.003697973,0.9291712,0.3695143,-0.009298608,
1,1,2.955,0.7144723,0.3401309,-4.268186,0.002740527,0.9616805,0.2739899,-0.009623805,
1,1,2.957,0.7143303,0.3412401,-4.275275,0.001755219,0.9843965,0.1756799,-0.009850998,
1,1,2.959,0.7141883,0.3423094,-4.282363,0.0007520815,0.9970891,0.07558537,-0.009977885,
1,1,2.961,0.7140464,0.3433389,-4.28945,-0.0002586688,0.9996305,-0.02527432,-0.01000319,
1,1,2.963,0.7139044,0.3443286,-4.296535,-0.001266743,0.991996,-0.1258724,-0.009926665,
1,1,2.965,0.7137625,0.3452784,-4.303619,-0.00226188,0.9742647,-0.2251849,-0.009749103,
1,1,2.967,0.7136207,0.3461884,-4.310702,-0.003233953,0.9466183,-0.3222014,-0.009472326,
1,1,2.969,0.7134788,0.3470585,-4.317784,-0.004173074,0.9093394,-0.4159347,-0.009099162,
1,1,2.971,0.7133369,0.3478888,-4.324864,-0.00506969,0.8628086,-0.5054316,-0.008633424,
1,1,2.973,0.7131951,0.3486792,-4.331943,-0.005914682,0.8075007,-0.5897816,-0.008079856,
1,1,2.975,0.7130534,0.34943,-4.33902,-0.00669946,0.7439794,-0.6681275,-0.007444107,
1,1,2.977,0.7129117,0.3501409,-4.346097,-0.007416049,0.672892,-0.739673,-0.006732653,
1,1,2.979,0.7127699,0.350812,-4.353171,-0.008057166,0.5949625,-0.803691,-0.005952741,
1,1,2.981,0.7126282,0.3514433,-4.360245,-0.008616302,0.5109847,-0.8595315,-0.005112314,
1,1,2.983,0.7124866,0.3520349,-4.367318,-0.00908778,0.4218132,-0.9066274,-0.004219927,
1,1,2.985,0.7123449,0.3525867,-4.374389,-0.009466814,0.3283558,-0.944501,-0.003284662,
1,1,2.987,0.7122033,0.3530987,-4.381459,-0.009749564,0.2315631,-0.9727683,-0.002316035,
1,1,2.989,0.7120617,0.353571,-4.388527,-0.009933165,0.1324201,-0.991143,-0.001323899,
1,1,2.991,0.7119201,0.3540035,-4.395595,-0.01001577,0.03193501,-0.9994397,-0.0003183455,
1,1,2.993,0.7117786,0.3543964,-4.402661,-0.00999654,-0.06887049,-0.9975753,0.0006904001,
1,1,2.995,0.7116371,0.3547494,-4.409725,-0.009875693,-0.1689716,-0.9855701,0.001692083,
1,1,2.997,0.7114956,0.3550628,-4.416789,-0.009654465,-0.267351,-0.9635472,0.002676523,
1,1,2.999,0.7113541,0.3553365,-4.423851,-0.009335119,-0.3630089,-0.9317318,0.003633716,
1,2,3.001,0.9998605,0.5056118,9.992974,-0.00330913,-0.9435973,-0.3309444,0.009434998,TrialStart
1,2,3.003,0.9995795,0.516802,9.978925,-0.00330913,-0.9435973,-0.3309444,0.009434998,
1,2,3.005,0.9992987,0.5279477,9.964882,-0.00330913,-0.9435973,-0.3309444,0.009434998,
1,2,3.007,0.999018,0.5390489,9.950846,-0.00330913,-0.9435973,-0.3309444,0.009434998,
1,2,3.009,0.9987373,0.5501058,9.936815,-0.00330913,-0.9435973,-0.3309444,0.009434998,
1,2,3.011,0.9984568,0.5611183,9.922791,-0.00330913,-0.9435973,-0.3309444,0.009434998,
1,2,3.013,0.9981765,0.5720865,9.908774,-0.00330913,-0.9435973,-0.3309444,0.009434998,
1,2,3.015,0.9978963,0.5830103,9.894763,-0.00330913,-0.9435973,-0.3309444,0.009434998,
1,2,3.017,0.9976162,0.5938898,9.880758,-0.00330913,-0.9435973,-0.3309444,0.009434998,
1,2,3.019,0.9973363,0.6047251,9.86676,-0.00330913,-0.9435973,-0.3309444,0.009434998,
1,2,3.021,0.9970564,0.6155162,9.852768,-0.00330913,-0.9435973,-0.3309444,0.009434998,
1,2,3.023,0.9967767,0.6262631,9.838782,-0.00330913,-0.9435973,-0.3309444,0.009434998,
1,2,3.025,0.9964971,0.6369658,9.824802,-0.00330913,-0.9435973,-0.3309444,0.009434998,
1,2,3.027,0.9962176,0.6476243,9.810829,-0.00330913,-0.9435973,-0.3309444,0.009434998,
1,2,3.029,0.9959382,0.6582388,9.796862,-0.00330913,-0.9435973,-0.3309444,0.009434998,
1,2,3.031,0.995659,0.6688091,9.782901,-0.00330913,-0.9435973,-0.3309444,0.009434998,
1,2,3.033,0.9953799,0.6793354,9.768946,-0.00330913,-0.9435973,-0.3309444,0.009434998,
1,2,3.035,0.995101,0.6898176,9.754997,-0.00330913,-0.9435973,-0.3309444,0.009434998,
1,2,3.037,0.9948221,0.7002559,9.741055,-0.00330913,-0.9435973,-0.3309444,0.009434998,
1,2,3.039,0.9945434,0.7106501,9.727118,-0.00330913,-0.9435973,-0.3309444,0.009434998,
1,2,3.041,0.9942648,0.7210005,9.713188,-0.00330913,-0.9435973,-0.3309444,0.009434998,
1,2,3.043,0.9939864,0.7313069,9.699265,-0.00330913,-0.9435973,-0.3309444,0.009434998,
1,2,3.045,0.993708,0.7415693,9.685347,-0.00330913,-0.9435973,-0.3309444,0.009434998,
1,2,3.047,0.9934298,0.751788,9.671434,-0.00330913,-0.9435973,-0.3309444,0.009434998,
1,2,3.049,0.9931517,0.7619627,9.657529,-0.00330913,-0.9435973,-0.3309444,0.009434998,
1,2,3.051,0.9928737,0.7720937,9.643629,-0.00330913,-0.9435973,-0.3309444,0.009434998,
1,2,3.053,0.9925958,0.7821809,9.629736,-0.00330913,-0.9435973,-0.3309444,0.009434998,
1,2,3.055,0.992318,0.7922243,9.615849,-0.00330913,-0.9435973,-0.3309444,0.009434998,
1,2,3.057,0.9920404,0.802224,9.601967,-0.00330913,-0.9435973,-0.3309444,0.009434998,
1,2,3.059,0.9917629,0.81218,9.588091,-0.00330913,-0.9435973,-0.3309444,0.009434998,
1,2,3.061,0.9914855,0.8220924,9.574222,-0.00330913,-0.9435973,-0.3309444,0.009434998,
1,2,3.063,0.9912082,0.831961,9.560358,-0.00330913,-0.9435973,-0.3309444,0.009434998,
1,2,3.065,0.990931,0.8417861,9.5465,-0.00330913,-0.9435973,-0.3309444,0.009434998,
1,2,3.067,0.990654,0.8515675,9.532649,-0.00330913,-0.9435973,-0.3309444,0.009434998,
1,2,3.069,0.9903771,0.8613054,9.518804,-0.00330913,-0.9435973,-0.3309444,0.009434998,
1,2,3.071,0.9901003,0.8709996,9.504964,-0.00330913,-0.9435973,-0.3309444,0.009434998,
1,2,3.073,0.9898236,0.8806504,9.49113,-0.00330913,-0.9435973,-0.3309444,0.009434998,
1,2,3.075,0.989547,0.8902577,9.477302,-0.00330913,-0.9435973,-0.3309444,0.009434998,
1,2,3.077,0.9892706,0.8998215,9.46348,-0.00330913,-0.9435973,-0.3309444,0.009434998,
1,2,3.079,0.9889942,0.9093419,9.449664,-0.00330913,-0.9435973,-0.3309444,0.009434998,
1,2,3.081,0.988718,0.9188188,9.435854,-0.00330913,-0.9435973,-0.3309444,0.009434998,
1,2,3.083,0.9884419,0.9282523,9.42205,-0.00330913,-0.9435973,-0.3309444,0.009434998,
1,2,3.085,0.988166,0.9376426,9.408251,-0.00330913,-0.9435973,-0.3309444,0.009434998,
1,2,3.087,0.9878901,0.9469894,9.394458,-0.00330913,-0.9435973,-0.3309444,0.009434998,
1,2,3.089,0.9876144,0.9562929,9.380671,-0.00330913,-0.9435973,-0.3309444,0.009434998,
1,2,3.091,0.9873388,0.9655532,9.36689,-0.00330913,-0.9435973,-0.3309444,0.009434998,
1,2,3.093,0.9870633,0.9747701,9.353115,-0.00330913,-0.9435973,-0.3309444,0.009434998,
1,2,3.095,0.9867879,0.9839438,9.339346,-0.00330913,-0.9435973,-0.3309444,0.009434998,
1,2,3.097,0.9865127,0.9930744,9.325583,-0.00330913,-0.9435973,-0.3309444,0.009434998,
1,2,3.099,0.9862375,1.002162,9.311825,-0.00330913,-0.9435973,-0.3309444,0.009434998,
1,2,3.101,0.9859625,1.011206,9.298073,-0.00330913,-0.9435973,-0.3309444,0.009434998,
1,2,3.103,0.9856876,1.020207,9.284327,-0.00330913,-0.9435973,-0.3309444,0.009434998,
1,2,3.105,0.9854128,1.029165,9.270586,-0.00330913,-0.9435973,-0.3309444,0.009434998,
1,2,3.107,0.9851381,1.038079,9.256851,-0.00330913,-0.9435973,-0.3309444,0.009434998,
1,2,3.109,0.9848635,1.046951,9.243122,-0.00330913,-0.9435973,-0.3309444,0.009434998,
1,2,3.111,0.984589,1.05578,9.229399,-0.00330913,-0.9435973,-0.3309444,0.009434998,
1,2,3.113,0.9843146,1.064565,9.215681,-0.00330913,-0.9435973,-0.3309444,0.009434998,
1,2,3.115,0.9840404,1.073308,9.201969,-0.00330913,-0.9435973,-0.3309444,0.009434998,
1,2,3.117,0.9837663,1.082008,9.188263,-0.00330913,-0.9435973,-0.3309444,0.009434998,
1,2,3.119,0.9834923,1.090664,9.174562,-0.00330913,-0.9435973,-0.3309444,0.009434998,
1,2,3.121,0.9832184,1.099278,9.160866,-0.00330913,-0.9435973,-0.3309444,0.009434998,
1,2,3.123,0.9829445,1.107849,9.147176,-0.00330913,-0.9435973,-0.3309444,0.009434998,
1,2,3.125,0.9826708,1.116377,9.133492,-0.00330913,-0.9435973,-0.3309444,0.009434998,
1,2,3.127,0.9823973,1.124862,9.119813,-0.00330913,-0.9435973,-0.3309444,0.009434998,
1,2,3.129,0.9821238,1.133304,9.10614,-0.00330913,-0.9435973,-0.3309444,0.009434998,
1,2,3.131,0.9818504,1.141704,9.092473,-0.00330913,-0.9435973,-0.3309444,0.009434998,
1,2,3.133,0.9815772,1.150061,9.078812,-0.00330913,-0.9435973,-0.3309444,0.009434998,
1,2,3.135,0.9813041,1.158374,9.065155,-0.00330913,-0.9435973,-0.3309444,0.009434998,
1,2,3.137,0.9810311,1.166646,9.051504,-0.00330913,-0.9435973,-0.3309444,0.009434998,
1,2,3.139,0.9807582,1.174874,9.037859,-0.00330913,-0.9435973,-0.3309444,0.009434998,
1,2,3.141,0.9804854,1.18306,9.02422,-0.00330913,-0.9435973,-0.3309444,0.009434998,
1,2,3.143,0.9802127,1.191203,9.010585,-0.00330913,-0.9435973,-0.3309444,0.009434998,
1,2,3.145,0.9799401,1.199303,8.996956,-0.00330913,-0.9435973,-0.3309444,0.009434998,
1,2,3.147,0.9796677,1.207361,8.983333,-0.00330913,-0.9435973,-0.3309444,0.009434998,
1,2,3.149,0.9793953,1.215376,8.969715,-0.00330913,-0.9435973,-0.3309444,0.009434998,
1,2,3.151,0.9791231,1.223349,8.956103,-0.00330913,-0.9435973,-0.3309444,0.009434998,
1,2,3.153,0.9788509,1.231279,8.942496,-0.00330913,-0.9435973,-0.3309444,0.009434998,
1,2,3.155,0.9785789,1.239166,8.928895,-0.00330913,-0.9435973,-0.3309444,0.009434998,
1,2,3.157,0.9783069,1.247012,8.915299,-0.00330913,-0.9435973,-0.3309444,0.009434998,
1,2,3.159,0.9780352,1.254814,8.901709,-0.00330913,-0.9435973,-0.3309444,0.009434998,
1,2,3.161,0.9777635,1.262574,8.888124,-0.00330913,-0.9435973,-0.3309444,0.009434998,
1,2,3.163,0.9774919,1.270292,8.874544,-0.00330913,-0.9435973,-0.3309444,0.009434998,
1,2,3.165,0.9772204,1.277967,8.86097,-0.00330913,-0.9435973,-0.3309444,0.009434998,
1,2,3.167,0.976949,1.285599,8.847401,-0.00330913,-0.9435973,-0.3309444,0.009434998,
1,2,3.169,0.9766777,1.29319,8.833837,-0.00330913,-0.9435973,-0.3309444,0.009434998,
1,2,3.171,0.9764066,1.300738,8.820278,-0.00330913,-0.9435973,-0.3309444,0.009434998,
1,2,3.173,0.9761355,1.308243,8.806726,-0.00330913,-0.9435973,-0.3309444,0.009434998,
1,2,3.175,0.9758645,1.315707,8.793178,-0.00330913,-0.9435973,-0.3309444,0.009434998,
1,2,3.177,0.9755937,1.323128,8.779635,-0.00330913,-0.9435973,-0.3309444,0.009434998,
1,2,3.179,0.975323,1.330506,8.766098,-0.00330913,-0.9435973,-0.3309444,0.009434998,
1,2,3.181,0.9750524,1.337843,8.752566,-0.00330913,-0.9435973,-0.3309444,0.009434998,
1,2,3.183,0.9747818,1.345137,8.73904,-0.00330913,-0.9435973,-0.3309444,0.009434998,
1,2,3.185,0.9745114,1.352389,8.725519,-0.00330913,-0.9435973,-0.3309444,0.009434998,
1,2,3.187,0.9742411,1.359599,8.712003,-0.00330913,-0.9435973,-0.3309444,0.009434998,
1,2,3.189,0.9739709,1.366767,8.698492,-0.00330913,-0.9435973,-0.3309444,0.009434998,
1,2,3.191,0.9737008,1.373892,8.684987,-0.00330913,-0.9435973,-0.3309444,0.009434998,
1,2,3.193,0.9734308,1.380976,8.671487,-0.00330913,-0.9435973,-0.3309444,0.009434998,
1,2,3.195,0.9731609,1.388017,8.657991,-0.00330913,-0.9435973,-0.3309444,0.009434998,
1,2,3.197,0.9728911,1.395016,8.644502,-0.00330913,-0.9435973,-0.3309444,0.009434998,
1,2,3.199,0.9726214,1.401973,8.631018,-0.00330913,-0.9435973,-0.3309444,0.009434998,
1,2,3.201,0.9723518,1.408888,8.617538,-0.00330913,-0.9435973,-0.3309444,0.009434998,
1,2,3.203,0.9720823,1.415761,8.604064,-0.00330913,-0.9435973,-0.3309444,0.009434998,
1,2,3.205,0.971813,1.422592,8.590595,-0.00330913,-0.9435973,-0.3309444,0.009434998,
1,2,3.207,0.9715437,1.429381,8.577131,-0.00330913,-0.9435973,-0.3309444,0.009434998,
1,2,3.209,0.9712745,1.436128,8.563672,-0.00330913,-0.9435973,-0.3309444,0.009434998,
1,2,3.211,0.9710054,1.442833,8.550219,-0.00330913,-0.9435973,-0.3309444,0.009434998,
1,2,3.213,0.9707365,1.449496,8.53677,-0.00330913,-0.9435973,-0.3309444,0.009434998,
1,2,3.215,0.9704676,1.456118,8.523327,-0.00330913,-0.9435973,-0.3309444,0.009434998,
1,2,3.217,0.9701989,1.462697,8.509889,-0.00330913,-0.9435973,-0.3309444,0.009434998,
1,2,3.219,0.9699302,1.469234,8.496456,-0.00330913,-0.9435973,-0.3309444,0.009434998,
1,2,3.221,0.9696617,1.47573,8.483028,-0.00330913,-0.9435973,-0.3309444,0.009434998,
1,2,3.223,0.9693932,1.482184,8.469605,-0.00330913,-0.9435973,-0.3309444,0.009434998,
1,2,3.225,0.9691249,1.488596,8.456188,-0.00330913,-0.9435973,-0.3309444,0.009434998,
1,2,3.227,0.9688566,1.494966,8.442776,-0.00330913,-0.9435973,-0.3309444,0.009434998,
1,2,3.229,0.9685885,1.501294,8.429368,-0.00330913,-0.9435973,-0.3309444,0.009434998,
1,2,3.231,0.9683204,1.507581,8.415965,-0.00330913,-0.9435973,-0.3309444,0.009434998,
1,2,3.233,0.9680524,1.513826,8.402567,-0.00330913,-0.9435973,-0.3309444,0.009434998,
1,2,3.235,0.9677846,1.520029,8.389174,-0.00330913,-0.9435973,-0.3309444,0.009434998,
1,2,3.237,0.9675168,1.526191,8.375787,-0.00330913,-0.9435973,-0.3309444,0.009434998,
1,2,3.239,0.9672492,1.532311,8.362404,-0.00330913,-0.9435973,-0.3309444,0.009434998,
1,2,3.241,0.9669816,1.538389,8.349027,-0.00330913,-0.9435973,-0.3309444,0.009434998,
1,2,3.243,0.9667142,1.544425,8.335654,-0.00330913,-0.9435973,-0.3309444,0.009434998,
1,2,3.245,0.9664469,1.55042,8.322287,-0.00330913,-0.9435973,-0.3309444,0.009434998,
1,2,3.247,0.9661796,1.556373,8.308924,-0.00330913,-0.9435973,-0.3309444,0.009434998,
1,2,3.249,0.9659125,1.562285,8.295566,-0.00330913,-0.9435973,-0.3309444,0.009434998,
1,2,3.251,0.9656454,1.568155,8.282213,-0.00330913,-0.9435973,-0.3309444,0.009434998,
1,2,3.253,0.9653785,1.573984,8.268866,-0.00330913,-0.9435973,-0.3309444,0.009434998,
1,2,3.255,0.9651116,1.579771,8.255523,-0.00330913,-0.9435973,-0.3309444,0.009434998,
1,2,3.257,0.9648448,1.585517,8.242185,-0.00330913,-0.9435973,-0.3309444,0.009434998,
1,2,3.259,0.9645782,1.591221,8.228851,-0.00330913,-0.9435973,-0.3309444,0.009434998,
1,2,3.261,0.9643059,1.596898,8.215518,-0.00330913,-0.9435973,-0.3309444,0.009434998,
1,2,3.263,0.9640281,1.602517,8.20218,-0.00330913,-0.9435973,-0.3309444,0.009434998,
1,2,3.265,0.9637502,1.608105,8.188842,-0.00330913,-0.9435973,-0.3309444,0.009434998,
1,2,3.267,0.9634723,1.613663,8.175504,-0.00330913,-0.9435973,-0.3309444,0.009434998,
1,2,3.269,0.9631944,1.619159,8.162166,-0.00330913,-0.9435973,-0.3309444,0.009434998,
1,2,3.271,0.9629166,1.624624,8.148828,-0.00330913,-0.9435973,-0.3309444,0.009434998,
1,2,3.273,0.9626387,1.630058,8.135489,-0.00330913,-0.9435973,-0.3309444,0.009434998,
1,2,3.275,0.9623608,1.63543,8.122151,-0.00330913,-0.9435973,-0.3309444,0.009434998,
1,2,3.277,0.9620829,1.640771,8.108813,-0.00330913,-0.9435973,-0.3309444,0.009434998,
1,2,3.279,0.9618111,1.646067,8.095503,-0.00330913,-0.9435973,-0.3309444,0.009434998,
1,2,3.281,0.9615455,1.651315,8.082223,-0.00330913,-0.9435973,-0.3309444,0.009434998,
1,2,3.283,0.96128,1.656523,8.068949,-0.00330913,-0.9435973,-0.3309444,0.009434998,
1,2,3.285,0.9610146,1.66169,8.055678,-0.00330913,-0.9435973,-0.3309444,0.009434998,
1,2,3.287,0.9607493,1.666815,8.042414,-0.00330913,-0.9435973,-0.3309444,0.009434998,
1,2,3.289,0.9604841,1.671899,8.029153,-0.00330913,-0.9435973,-0.3309444,0.009434998,
1,2,3.291,0.960219,1.676941,8.015898,-0.00330913,-0.9435973,-0.3309444,0.009434998,
1,2,3.293,0.959954,1.681943,8.002646,-0.00330913,-0.9435973,-0.3309444,0.009434998,
1,2,3.295,0.9596891,1.686903,7.9894,-0.00330913,-0.9435973,-0.3309444,0.009434998,
1,2,3.297,0.9594243,1.691822,7.976159,-0.00330913,-0.9435973,-0.3309444,0.009434998,
1,2,3.299,0.9591596,1.6967,7.962923,-0.00330913,-0.9435973,-0.3309444,0.009434998,
1,2,3.301,0.958895,1.701537,7.949691,-0.00330913,-0.9435973,-0.3309444,0.009434998,
1,2,3.303,0.9586304,1.706333,7.936464,-0.00330913,-0.9435973,-0.3309444,0.009434998,
1,2,3.305,0.958366,1.711088,7.923242,-0.00330913,-0.9435973,-0.3309444,0.009434998,
1,2,3.307,0.9581016,1.715801,7.910024,-0.00330913,-0.9435973,-0.3309444,0.009434998,
1,2,3.309,0.9578373,1.720474,7.896811,-0.00330913,-0.9435973,-0.3309444,0.009434998,
1,2,3.311,0.9575732,1.725106,7.883604,-0.00330913,-0.9435973,-0.3309444,0.009434998,
1,2,3.313,0.9573091,1.729696,7.8704,-0.00330913,-0.9435973,-0.3309444,0.009434998,
1,2,3.315,0.9570451,1.734246,7.857201,-0.00330913,-0.9435973,-0.3309444,0.009434998,
1,2,3.317,0.9567813,1.738754,7.844007,-0.00330913,-0.9435973,-0.3309444,0.009434998,
1,2,3.319,0.9565175,1.743222,7.830818,-0.00330913,-0.9435973,-0.3309444,0.009434998,
1,2,3.321,0.9562538,1.747648,7.817633,-0.00330913,-0.9435973,-0.3309444,0.009434998,
1,2,3.323,0.9559902,1.752034,7.804453,-0.00330913,-0.9435973,-0.3309444,0.009434998,
1,2,3.325,0.9557267,1.756379,7.791278,-0.00330913,-0.9435973,-0.3309444,0.009434998,
1,2,3.327,0.9554633,1.760683,7.778107,-0.00330913,-0.9435973,-0.3309444,0.009434998,
1,2,3.329,0.9552,1.764946,7.764941,-0.00330913,-0.9435973,-0.3309444,0.009434998,
1,2,3.331,0.9549367,1.769168,7.75178,-0.00330913,-0.9435973,-0.3309444,0.009434998,
1,2,3.333,0.9546736,1.773349,7.738623,-0.00330913,-0.9435973,-0.3309444,0.009434998,
1,2,3.335,0.9544106,1.777489,7.725471,-0.00330913,-0.9435973,-0.3309444,0.009434998,
1,2,3.337,0.9541476,1.781589,7.712323,-0.00330913,-0.9435973,-0.3309444,0.009434998,
1,2,3.339,0.9538847,1.785648,7.69918,-0.00330913,-0.9435973,-0.3309444,0.009434998,
1,2,3.341,0.953622,1.789666,7.686041,-0.00330913,-0.9435973,-0.3309444,0.009434998,
1,2,3.343,0.9533593,1.793643,7.672907,-0.00330913,-0.9435973,-0.3309444,0.009434998,
1,2,3.345,0.9530967,1.797579,7.659778,-0.00330913,-0.9435973,-0.3309444,0.009434998,
1,2,3.347,0.9528342,1.801475,7.646654,-0.00330913,-0.9435973,-0.3309444,0.009434998,
1,2,3.349,0.9525718,1.80533,7.633533,-0.00330913,-0.9435973,-0.3309444,0.009434998,
1,2,3.351,0.9523095,1.809144,7.620418,-0.00330913,-0.9435973,-0.3309444,0.009434998,
1,2,3.353,0.9520473,1.812918,7.607306,-0.00330913,-0.9435973,-0.3309444,0.009434998,
1,2,3.355,0.9517851,1.816651,7.5942,-0.00330913,-0.9435973,-0.3309444,0.009434998,
1,2,3.357,0.9515231,1.820343,7.581098,-0.00330913,-0.9435973,-0.3309444,0.009434998,
1,2,3.359,0.9512612,1.823995,7.568001,-0.00330913,-0.9435973,-0.3309444,0.009434998,
1,2,3.361,0.9509993,1.827606,7.554908,-0.00330913,-0.9435973,-0.3309444,0.009434998,
1,2,3.363,0.9507375,1.831176,7.54182,-0.00330913,-0.9435973,-0.3309444,0.009434998,
1,2,3.365,0.9504759,1.834706,7.528736,-0.00330913,-0.9435973,-0.3309444,0.009434998,
1,2,3.367,0.9502143,1.838195,7.515656,-0.00330913,-0.9435973,-0.3309444,0.009434998,
1,2,3.369,0.9499528,1.841644,7.502581,-0.00330913,-0.9435973,-0.3309444,0.009434998,
1,2,3.371,0.9496914,1.845052,7.489511,-0.00330913,-0.9435973,-0.3309444,0.009434998,
1,2,3.373,0.94943,1.848419,7.476445,-0.00330913,-0.9435973,-0.3309444,0.009434998,
1,2,3.375,0.9491688,1.851746,7.463384,-0.00330913,-0.9435973,-0.3309444,0.009434998,
1,2,3.377,0.9489077,1.855033,7.450327,-0.00330913,-0.9435973,-0.3309444,0.009434998,
1,2,3.379,0.9486466,1.858279,7.437274,-0.00330913,-0.9435973,-0.3309444,0.009434998,
1,2,3.381,0.9483857,1.861484,7.424226,-0.00330913,-0.9435973,-0.3309444,0.009434998,
1,2,3.383,0.9481248,1.864649,7.411183,-0.00330913,-0.9435973,-0.3309444,0.009434998,
1,2,3.385,0.947864,1.867774,7.398144,-0.00330913,-0.9435973,-0.3309444,0.009434998,
1,2,3.387,0.9476033,1.870858,7.385109,-0.00330913,-0.9435973,-0.3309444,0.009434998,
1,2,3.389,0.9473427,1.873901,7.372079,-0.00330913,-0.9435973,-0.3309444,0.009434998,
1,2,3.391,0.9470822,1.876905,7.359053,-0.00330913,-0.9435973,-0.3309444,0.009434998,
1,2,3.393,0.9468217,1.879868,7.346032,-0.00330913,-0.9435973,-0.3309444,0.009434998,
1,2,3.395,0.9465614,1.88279,7.333015,-0.00330913,-0.9435973,-0.3309444,0.009434998,
1,2,3.397,0.9463012,1.885672,7.320003,-0.00330913,-0.9435973,-0.3309444,0.009434998,
1,2,3.399,0.946041,1.888514,7.306994,-0.00330913,-0.9435973,-0.3309444,0.009434998,
1,2,3.401,0.9457809,1.891316,7.293991,-0.00330913,-0.9435973,-0.3309444,0.009434998,
1,2,3.403,0.9455209,1.894077,7.280991,-0.00330913,-0.9435973,-0.3309444,0.009434998,
1,2,3.405,0.9452611,1.896798,7.267996,-0.00330913,-0.9435973,-0.3309444,0.009434998,
1,2,3.407,0.9450012,1.899478,7.255006,-0.00330913,-0.9435973,-0.3309444,0.009434998,
1,2,3.409,0.9447415,1.902118,7.24202,-0.00330913,-0.9435973,-0.3309444,0.009434998,
1,2,3.411,0.9444818,1.904718,7.229038,-0.00330913,-0.9435973,-0.3309444,0.009434998,
1,2,3.413,0.9442223,1.907278,7.21606,-0.00330913,-0.9435973,-0.3309444,0.009434998,
1,2,3.415,0.9439629,1.909798,7.203087,-0.00330913,-0.9435973,-0.3309444,0.009434998,
1,2,3.417,0.9437035,1.912277,7.190118,-0.00330913,-0.9435973,-0.3309444,0.009434998,
1,2,3.419,0.9434442,1.914716,7.177154,-0.00330913,-0.9435973,-0.3309444,0.009434998,
1,2,3.421,0.943185,1.917115,7.164194,-0.00330913,-0.9435973,-0.3309444,0.009434998,
1,2,3.423,0.9429259,1.919474,7.151238,-0.00330913,-0.9435973,-0.3309444,0.009434998,
1,2,3.425,0.9426668,1.921792,7.138287,-0.00330913,-0.9435973,-0.3309444,0.009434998,
1,2,3.427,0.9424079,1.92407,7.12534,-0.00330913,-0.9435973,-0.3309444,0.009434998,
1,2,3.429,0.942149,1.926309,7.112397,-0.00330913,-0.9435973,-0.3309444,0.009434998,
1,2,3.431,0.9418902,1.928507,7.099459,-0.00330913,-0.9435973,-0.3309444,0.009434998,
1,2,3.433,0.9416316,1.930665,7.086525,-0.00330913,-0.9435973,-0.3309444,0.009434998,
1,2,3.435,0.941373,1.932783,7.073595,-0.00330913,-0.9435973,-0.3309444,0.009434998,
1,2,3.437,0.9411145,1.934861,7.06067,-0.00330913,-0.9435973,-0.3309444,0.009434998,
1,2,3.439,0.940856,1.936898,7.047749,-0.00330913,-0.9435973,-0.3309444,0.009434998,
1,2,3.441,0.9405977,1.938896,7.034832,-0.00330913,-0.9435973,-0.3309444,0.009434998,
1,2,3.443,0.9403394,1.940854,7.021919,-0.00330913,-0.9435973,-0.3309444,0.009434998,
1,2,3.445,0.9400813,1.942771,7.009011,-0.00330913,-0.9435973,-0.3309444,0.009434998,
1,2,3.447,0.9398232,1.944649,6.996107,-0.00330913,-0.9435973,-0.3309444,0.009434998,
1,2,3.449,0.9395652,1.946487,6.983208,-0.00330913,-0.9435973,-0.3309444,0.009434998,
1,2,3.451,0.9393073,1.948285,6.970312,-0.00330913,-0.9435973,-0.3309444,0.009434998,
1,2,3.453,0.9390495,1.950042,6.957421,-0.00330913,-0.9435973,-0.3309444,0.009434998,
1,2,3.455,0.9387918,1.95176,6.944534,-0.00330913,-0.9435973,-0.3309444,0.009434998,
1,2,3.457,0.9385341,1.953438,6.931652,-0.00330913,-0.9435973,-0.3309444,0.009434998,
1,2,3.459,0.9382765,1.955076,6.918773,-0.00330913,-0.9435973,-0.3309444,0.009434998,
1,2,3.461,0.938019,1.956674,6.905899,-0.00330913,-0.9435973,-0.3309444,0.009434998,
1,2,3.463,0.9377617,1.958232,6.893029,-0.00330913,-0.9435973,-0.3309444,0.009434998,
1,2,3.465,0.9375044,1.95975,6.880163,-0.00330913,-0.9435973,-0.3309444,0.009434998,
1,2,3.467,0.9372471,1.961229,6.867302,-0.00330913,-0.9435973,-0.3309444,0.009434998,
1,2,3.469,0.93699,1.962667,6.854445,-0.00330913,-0.9435973,-0.3309444,0.009434998,
1,2,3.471,0.9367329,1.964066,6.841592,-0.00330913,-0.9435973,-0.3309444,0.009434998,
1,2,3.473,0.9364759,1.965425,6.828743,-0.00330913,-0.9435973,-0.3309444,0.009434998,
1,2,3.475,0.936219,1.966744,6.815898,-0.00330913,-0.9435973,-0.3309444,0.009434998,
1,2,3.477,0.9359623,1.968023,6.803058,-0.00330913,-0.9435973,-0.3309444,0.009434998,
1,2,3.479,0.9357055,1.969262,6.790222,-0.00330913,-0.9435973,-0.3309444,0.009434998,
1,2,3.481,0.9354489,1.970462,6.77739,-0.00330913,-0.9435973,-0.3309444,0.009434998,
1,2,3.483,0.9351923,1.971622,6.764562,-0.00330913,-0.9435973,-0.3309444,0.009434998,
1,2,3.485,0.9349359,1.972742,6.751739,-0.00330913,-0.9435973,-0.3309444,0.009434998,
1,2,3.487,0.9346794,1.973822,6.73892,-0.00330913,-0.9435973,-0.3309444,0.009434998,
1,2,3.489,0.9344231,1.974863,6.726105,-0.00330913,-0.9435973,-0.3309444,0.009434998,
1,2,3.491,0.934167,1.975864,6.713294,-0.00330913,-0.9435973,-0.3309444,0.009434998,
1,2,3.493,0.9339108,1.976825,6.700487,-0.00330913,-0.9435973,-0.3309444,0.009434998,
1,2,3.495,0.9336548,1.977747,6.687685,-0.00330913,-0.9435973,-0.3309444,0.009434998,
1,2,3.497,0.9333988,1.978628,6.674886,-0.00330913,-0.9435973,-0.3309444,0.009434998,
1,2,3.499,0.933143,1.979471,6.662092,-0.00330913,-0.9435973,-0.3309444,0.009434998,
1,2,3.501,0.9328871,1.980273,6.649302,-0.00330913,-0.9435973,-0.3309444,0.009434998,
1,2,3.503,0.9326314,1.981036,6.636516,-0.00330913,-0.9435973,-0.3309444,0.009434998,
1,2,3.505,0.9323758,1.981759,6.623734,-0.00330913,-0.9435973,-0.3309444,0.009434998,
1,2,3.507,0.9321202,1.982443,6.610957,-0.00330913,-0.9435973,-0.3309444,0.009434998,
1,2,3.509,0.9318647,1.983087,6.598184,-0.00330913,-0.9435973,-0.3309444,0.009434998,
1,2,3.511,0.9316094,1.983692,6.585414,-0.00330913,-0.9435973,-0.3309444,0.009434998,
1,2,3.513,0.9313541,1.984257,6.572649,-0.00330913,-0.9435973,-0.3309444,0.009434998,
1,2,3.515,0.9310989,1.984782,6.559888,-0.00330913,-0.9435973,-0.3309444,0.009434998,
1,2,3.517,0.9308438,1.985268,6.547132,-0.00330913,-0.9435973,-0.3309444,0.009434998,
1,2,3.519,0.9305887,1.985714,6.534379,-0.00330913,-0.9435973,-0.3309444,0.009434998,
1,2,3.521,0.9303337,1.986121,6.52163,-0.00330913,-0.9435973,-0.3309444,0.009434998,
1,2,3.523,0.9300789,1.986488,6.508886,-0.00330913,-0.9435973,-0.3309444,0.009434998,
1,2,3.525,0.9298241,1.986816,6.496146,-0.00330913,-0.9435973,-0.3309444,0.009434998,
1,2,3.527,0.9295693,1.987104,6.483409,-0.00330913,-0.9435973,-0.3309444,0.009434998,
1,2,3.529,0.9293147,1.987353,6.470677,-0.00330913,-0.9435973,-0.3309444,0.009434998,
1,2,3.531,0.9290601,1.987562,6.45795,-0.00330913,-0.9435973,-0.3309444,0.009434998,
1,2,3.533,0.9288056,1.987732,6.445226,-0.00330913,-0.9435973,-0.3309444,0.009434998,
1,2,3.535,0.9285512,1.987863,6.432506,-0.00330913,-0.9435973,-0.3309444,0.009434998,
1,2,3.537,0.9282969,1.987954,6.419791,-0.00330913,-0.9435973,-0.3309444,0.009434998,
1,2,3.539,0.9280427,1.988006,6.407079,-0.00330913,-0.9435973,-0.3309444,0.009434998,
1,2,3.541,0.9277886,1.988018,6.394372,-0.00330913,-0.9435973,-0.3309444,0.009434998,
1,2,3.543,0.9275345,1.987991,6.381669,-0.00330913,-0.9435973,-0.3309444,0.009434998,
1,2,3.545,0.9272805,1.987924,6.36897,-0.00330913,-0.9435973,-0.3309444,0.009434998,
1,2,3.547,0.9270266,1.987819,6.356275,-0.00330913,-0.9435973,-0.3309444,0.009434998,
1,2,3.549,0.9267728,1.987674,6.343584,-0.00330913,-0.9435973,-0.3309444,0.009434998,
1,2,3.551,0.9265191,1.987489,6.330897,-0.00330913,-0.9435973,-0.3309444,0.009434998,
1,2,3.553,0.9262654,1.987265,6.318214,-0.00330913,-0.9435973,-0.3309444,0.009434998,
1,2,3.555,0.9260119,1.987002,6.305536,-0.00330913,-0.9435973,-0.3309444,0.009434998,
1,2,3.557,0.9257584,1.9867,6.292861,-0.00330913,-0.9435973,-0.3309444,0.009434998,
1,2,3.559,0.9255049,1.986358,6.280191,-0.00330913,-0.9435973,-0.3309444,0.009434998,
1,2,3.561,0.9252516,1.985977,6.267524,-0.00330913,-0.9435973,-0.3309444,0.009434998,
1,2,3.563,0.9249983,1.985557,6.254862,-0.00330913,-0.9435973,-0.3309444,0.009434998,
1,2,3.565,0.9247451,1.985098,6.242204,-0.00330913,-0.9435973,-0.3309444,0.009434998,
1,2,3.567,0.9244921,1.984599,6.22955,-0.00330913,-0.9435973,-0.3309444,0.009434998,
1,2,3.569,0.9242391,1.984061,6.2169,-0.00330913,-0.9435973,-0.3309444,0.009434998,
1,2,3.571,0.9239862,1.983485,6.204254,-0.00330913,-0.9435973,-0.3309444,0.009434998,
1,2,3.573,0.9237334,1.982868,6.191612,-0.00330913,-0.9435973,-0.3309444,0.009434998,
1,2,3.575,0.9234806,1.982213,6.178974,-0.00330913,-0.9435973,-0.3309444,0.009434998,
1,2,3.577,0.923228,1.981518,6.166341,-0.00330913,-0.9435973,-0.3309444,0.009434998,
1,2,3.579,0.9229754,1.980785,6.153711,-0.00330913,-0.9435973,-0.3309444,0.009434998,
1,2,3.581,0.9227229,1.980012,6.141086,-0.00330913,-0.9435973,-0.3309444,0.009434998,
1,2,3.583,0.9224705,1.9792,6.128464,-0.00330913,-0.9435973,-0.3309444,0.009434998,
1,2,3.585,0.9222181,1.978349,6.115847,-0.00330913,-0.9435973,-0.3309444,0.009434998,
1,2,3.587,0.9219658,1.977458,6.103233,-0.00330913,-0.9435973,-0.3309444,0.009434998,
1,2,3.589,0.9217137,1.976529,6.090624,-0.00330913,-0.9435973,-0.3309444,0.009434998,
1,2,3.591,0.9214615,1.975561,6.078018,-0.00330913,-0.9435973,-0.3309444,0.009434998,
1,2,3.593,0.9212095,1.974553,6.065417,-0.00330913,-0.9435973,-0.3309444,0.009434998,
1,2,3.595,0.9209576,1.973507,6.05282,-0.00330913,-0.9435973,-0.3309444,0.009434998,
1,2,3.597,0.9207057,1.972422,6.040227,-0.00330913,-0.9435973,-0.3309444,0.009434998,
1,2,3.599,0.9204539,1.971297,6.027637,-0.00330913,-0.9435973,-0.3309444,0.009434998,
1,2,3.601,0.9202022,1.970134,6.015053,-0.00330913,-0.9435973,-0.3309444,0.009434998,
1,2,3.603,0.9199505,1.968931,6.002472,-0.00330913,-0.9435973,-0.3309444,0.009434998,
1,2,3.605,0.919699,1.96769,5.989895,-0.00330913,-0.9435973,-0.3309444,0.009434998,
1,2,3.607,0.9194475,1.966409,5.977322,-0.00330913,-0.9435973,-0.3309444,0.009434998,
1,2,3.609,0.9191961,1.96509,5.964753,-0.00330913,-0.9435973,-0.3309444,0.009434998,
1,2,3.611,0.9189448,1.963731,5.952188,-0.00330913,-0.9435973,-0.3309444,0.009434998,
1,2,3.613,0.9186936,1.962334,5.939628,-0.00330913,-0.9435973,-0.3309444,0.009434998,
1,2,3.615,0.9184425,1.960898,5.927071,-0.00330913,-0.9435973,-0.3309444,0.009434998,
1,2,3.617,0.9181914,1.959422,5.914518,-0.00330913,-0.9435973,-0.3309444,0.009434998,
1,2,3.619,0.9179405,1.957908,5.901969,-0.00330913,-0.9435973,-0.3309444,0.009434998,
1,2,3.621,0.9176896,1.956355,5.889425,-0.00330913,-0.9435973,-0.3309444,0.009434998,
1,2,3.623,0.9174388,1.954764,5.876884,-0.00330913,-0.9435973,-0.3309444,0.009434998,
1,2,3.625,0.9171881,1.953133,5.864347,-0.00330913,-0.9435973,-0.3309444,0.009434998,
1,2,3.627,0.9169375,1.951463,5.851815,-0.00330913,-0.9435973,-0.3309444,0.009434998,
1,2,3.629,0.9166869,1.949755,5.839286,-0.00330913,-0.9435973,-0.3309444,0.009434998,
1,2,3.631,0.9164364,1.948008,5.826762,-0.00330913,-0.9435973,-0.3309444,0.009434998,
1,2,3.633,0.916186,1.946222,5.814241,-0.00330913,-0.9435973,-0.3309444,0.009434998,
1,2,3.635,0.9159357,1.944397,5.801724,-0.00330913,-0.9435973,-0.3309444,0.009434998,
1,2,3.637,0.9156855,1.942533,5.789212,-0.00330913,-0.9435973,-0.3309444,0.009434998,
1,2,3.639,0.9154353,1.940631,5.776704,-0.00330913,-0.9435973,-0.3309444,0.009434998,
1,2,3.641,0.9151852,1.93869,5.764199,-0.00330913,-0.9435973,-0.3309444,0.009434998,
1,2,3.643,0.9149352,1.93671,5.751698,-0.00330913,-0.9435973,-0.3309444,0.009434998,
1,2,3.645,0.9146867,1.934687,5.739151,-0.00330913,-0.9435973,-0.3309444,0.009434998,
1,2,3.647,0.9144397,1.932649,5.726554,-0.00330913,-0.9435973,-0.3309444,0.009434998,
1,2,3.649,0.9141927,1.93055,5.713957,-0.00330913,-0.9435973,-0.3309444,0.009434998,
1,2,3.651,0.9139457,1.928419,5.70136,-0.00330913,-0.9435973,-0.3309444,0.009434998,
1,2,3.653,0.9136987,1.926258,5.688763,-0.00330913,-0.9435973,-0.3309444,0.009434998,
1,2,3.655,0.9134517,1.924035,5.676166,-0.00330913,-0.9435973,-0.3309444,0.009434998,
1,2,3.657,0.9132047,1.921781,5.663816,-0.00330913,-0.9435973,-0.3309444,0.009434998,
1,2,3.659,0.9129577,1.919496,5.651466,-0.00330913,-0.9435973,-0.3309444,0.009434998,
1,2,3.661,0.9127107,1.91715,5.639116,-0.00330913,-0.9435973,-0.3309444,0.009434998,
1,2,3.663,0.9124637,1.914803,5.626766,-0.00330913,-0.9435973,-0.3309444,0.009434998,
1,2,3.665,0.9122167,1.912395,5.614416,-0.00330913,-0.9435973,-0.3309444,0.009434998,
1,2,3.667,0.9119697,1.909956,5.602066,-0.00330913,-0.9435973,-0.3309444,0.009434998,
1,2,3.669,0.9117227,1.907486,5.589715,-0.00330913,-0.9435973,-0.3309444,0.009434998,
1,2,3.671,0.9114738,1.904965,5.577271,-0.00330913,-0.9435973,-0.3309444,0.009434998,
1,2,3.673,0.911225,1.902405,5.564831,-0.00330913,-0.9435973,-0.3309444,0.009434998,
1,2,3.675,0.9109763,1.899807,5.552395,-0.00330913,-0.9435973,-0.3309444,0.009434998,
1,2,3.677,0.9107276,1.89717,5.539963,-0.00330913,-0.9435973,-0.3309444,0.009434998,
1,2,3.679,0.9104791,1.894495,5.527535,-0.00330913,-0.9435973,-0.3309444,0.009434998,
1,2,3.681,0.9102306,1.891781,5.515111,-0.00330913,-0.9435973,-0.3309444,0.009434998,
1,2,3.683,0.9099821,1.889029,5.502691,-0.00330913,-0.9435973,-0.3309444,0.009434998,
1,2,3.685,0.9097338,1.886239,5.490275,-0.00330913,-0.9435973,-0.3309444,0.009434998,
1,2,3.687,0.9094856,1.883409,5.477863,-0.00330913,-0.9435973,-0.3309444,0.009434998,
1,2,3.689,0.9092374,1.880542,5.465455,-0.00330913,-0.9435973,-0.3309444,0.009434998,
1,2,3.691,0.9089893,1.877636,5.453052,-0.00330913,-0.9435973,-0.3309444,0.009434998,
1,2,3.693,0.9087413,1.874691,5.440652,-0.00330913,-0.9435973,-0.3309444,0.009434998,
1,2,3.695,0.9084933,1.871708,5.428256,-0.00330913,-0.9435973,-0.3309444,0.009434998,
1,2,3.697,0.9082455,1.868687,5.415864,-0.00330913,-0.9435973,-0.3309444,0.009434998,
1,2,3.699,0.9079978,1.865627,5.403476,-0.00330913,-0.9435973,-0.3309444,0.009434998,
1,2,3.701,0.9077501,1.862529,5.391092,-0.00330913,-0.9435973,-0.3309444,0.009434998,
1,2,3.703,0.9075025,1.859393,5.378713,-0.00330913,-0.9435973,-0.3309444,0.009434998,
1,2,3.705,0.9072551,1.856218,5.366337,-0.00330913,-0.9435973,-0.3309444,0.009434998,
1,2,3.707,0.9070076,1.853005,5.353965,-0.00330913,-0.9435973,-0.3309444,0.009434998,
1,2,3.709,0.9067603,1.849753,5.341597,-0.00330913,-0.9435973,-0.3309444,0.009434998,
1,2,3.711,0.906513,1.846464,5.329234,-0.00330913,-0.9435973,-0.3309444,0.009434998,
1,2,3.713,0.9062659,1.843136,5.316874,-0.00330913,-0.9435973,-0.3309444,0.009434998,
1,2,3.715,0.9060187,1.839769,5.304518,-0.00330913,-0.9435973,-0.3309444,0.009434998,
1,2,3.717,0.9057717,1.836365,5.292166,-0.00330913,-0.9435973,-0.3309444,0.009434998,
1,2,3.719,0.9055248,1.832922,5.279819,-0.00330913,-0.9435973,-0.3309444,0.009434998,
1,2,3.721,0.9052779,1.82944,5.267476,-0.00330913,-0.9435973,-0.3309444,0.009434998,
1,2,3.723,0.9050311,1.825921,5.255136,-0.00330913,-0.9435973,-0.3309444,0.009434998,
1,2,3.725,0.9047844,1.822363,5.2428,-0.00330913,-0.9435973,-0.3309444,0.009434998,
1,2,3.727,0.9045378,1.818768,5.230469,-0.00330913,-0.9435973,-0.3309444,0.009434998,
1,2,3.729,0.9042913,1.815134,5.218142,-0.00330913,-0.9435973,-0.3309444,0.009434998,
1,2,3.731,0.9040448,1.811461,5.205818,-0.00330913,-0.9435973,-0.3309444,0.009434998,
1,2,3.733,0.9037984,1.807751,5.193499,-0.00330913,-0.9435973,-0.3309444,0.009434998,
1,2,3.735,0.9035521,1.804002,5.181183,-0.00330913,-0.9435973,-0.3309444,0.009434998,
1,2,3.737,0.9033059,1.800215,5.168872,-0.00330913,-0.9435973,-0.3309444,0.009434998,
1,2,3.739,0.9030597,1.796391,5.156565,-0.00330913,-0.9435973,-0.3309444,0.009434998,
1,2,3.741,0.9028137,1.792528,5.144261,-0.00330913,-0.9435973,-0.3309444,0.009434998,
1,2,3.743,0.9025677,1.788627,5.131962,-0.00330913,-0.9435973,-0.3309444,0.009434998,
1,2,3.745,0.9023218,1.784688,5.119667,-0.00330913,-0.9435973,-0.3309444,0.009434998,
1,2,3.747,0.9020759,1.78071,5.107376,-0.00330913,-0.9435973,-0.3309444,0.009434998,
1,2,3.749,0.9018302,1.776695,5.095088,-0.00330913,-0.9435973,-0.3309444,0.009434998,
1,2,3.751,0.9015845,1.772642,5.082805,-0.00330913,-0.9435973,-0.3309444,0.009434998,
1,2,3.753,0.9013389,1.76855,5.070526,-0.00330913,-0.9435973,-0.3309444,0.009434998,
1,2,3.755,0.9010934,1.764421,5.058251,-0.00330913,-0.9435973,-0.3309444,0.009434998,
1,2,3.757,0.900848,1.760254,5.04598,-0.00330913,-0.9435973,-0.3309444,0.009434998,
1,2,3.759,0.9006026,1.756048,5.033713,-0.00330913,-0.9435973,-0.3309444,0.009434998,
1,2,3.761,0.9003574,1.751805,5.021451,-0.00330913,-0.9435973,-0.3309444,0.009434998,
1,2,3.763,0.9001122,1.747523,5.009192,-0.00330913,-0.9435973,-0.3309444,0.009434998,
1,2,3.765,0.8998671,1.743204,4.996937,-0.00330913,-0.9435973,-0.3309444,0.009434998,
1,2,3.767,0.8996221,1.738847,4.984686,-0.00330913,-0.9435973,-0.3309444,0.009434998,
1,2,3.769,0.8993772,1.734451,4.972439,-0.00330913,-0.9435973,-0.3309444,0.009434998,
1,2,3.771,0.8991323,1.730018,4.960197,-0.00330913,-0.9435973,-0.3309444,0.009434998,
1,2,3.773,0.8988876,1.725547,4.947958,-0.00330913,-0.9435973,-0.3309444,0.009434998,
1,2,3.775,0.8986429,1.721038,4.935724,-0.00330913,-0.9435973,-0.3309444,0.009434998,
1,2,3.777,0.8983983,1.716491,4.923493,-0.00330913,-0.9435973,-0.3309444,0.009434998,
1,2,3.779,0.8981538,1.711907,4.911267,-0.00330913,-0.9435973,-0.3309444,0.009434998,
1,2,3.781,0.8979093,1.707284,4.899045,-0.00330913,-0.9435973,-0.3309444,0.009434998,
1,2,3.783,0.897665,1.702624,4.886826,-0.00330913,-0.9435973,-0.3309444,0.009434998,
1,2,3.785,0.8974207,1.697926,4.874612,-0.00330913,-0.9435973,-0.3309444,0.009434998,
1,2,3.787,0.8971765,1.69319,4.862402,-0.00330913,-0.9435973,-0.3309444,0.009434998,
1,2,3.789,0.8969324,1.688416,4.850196,-0.00330913,-0.9435973,-0.3309444,0.009434998,
1,2,3.791,0.8966883,1.683604,4.837994,-0.00330913,-0.9435973,-0.3309444,0.009434998,
1,2,3.793,0.8964444,1.678755,4.825796,-0.00330913,-0.9435973,-0.3309444,0.009434998,
1,2,3.795,0.8962005,1.673868,4.813602,-0.00330913,-0.9435973,-0.3309444,0.009434998,
1,2,3.797,0.8959567,1.668943,4.801412,-0.00330913,-0.9435973,-0.3309444,0.009434998,
1,2,3.799,0.895713,1.66398,4.789226,-0.00330913,-0.9435973,-0.3309444,0.009434998,
1,2,3.801,0.8954693,1.65898,4.777045,-0.00330913,-0.9435973,-0.3309444,0.009434998,
1,2,3.803,0.8952258,1.653942,4.764867,-0.00330913,-0.9435973,-0.3309444,0.009434998,
1,2,3.805,0.8949823,1.648867,4.752694,-0.00330913,-0.9435973,-0.3309444,0.009434998,
1,2,3.807,0.8947389,1.643753,4.740524,-0.00330913,-0.9435973,-0.3309444,0.009434998,
1,2,3.809,0.8944955,1.638602,4.728359,-0.00330913,-0.9435973,-0.3309444,0.009434998,
1,2,3.811,0.8942524,1.633414,4.716198,-0.00330913,-0.9435973,-0.3309444,0.009434998,
1,2,3.813,0.8940092,1.628188,4.704041,-0.00330913,-0.9435973,-0.3309444,0.009434998,
1,2,3.815,0.8937662,1.622924,4.691888,-0.00330913,-0.9435973,-0.3309444,0.009434998,
1,2,3.817,0.8935232,1.617622,4.679739,-0.00330913,-0.9435973,-0.3309444,0.009434998,
1,2,3.819,0.8932803,1.612283,4.667594,-0.00330913,-0.9435973,-0.3309444,0.009434998,
1,2,3.821,0.8930375,1.606907,4.655453,-0.00330913,-0.9435973,-0.3309444,0.009434998,
1,2,3.823,0.8927948,1.601492,4.643317,-0.00330913,-0.9435973,-0.3309444,0.009434998,
1,2,3.825,0.8925521,1.596041,4.631184,-0.00330913,-0.9435973,-0.3309444,0.009434998,
1,2,3.827,0.8923095,1.590551,4.619055,-0.00330913,-0.9435973,-0.3309444,0.009434998,
1,2,3.829,0.8920671,1.585025,4.606931,-0.00330913,-0.9435973,-0.3309444,0.009434998,
1,2,3.831,0.8918247,1.57946,4.594811,-0.00330913,-0.9435973,-0.3309444,0.009434998,
1,2,3.833,0.8915823,1.573858,4.582695,-0.00330913,-0.9435973,-0.3309444,0.009434998,
1,2,3.835,0.8913401,1.568219,4.570583,-0.00330913,-0.9435973,-0.3309444,0.009434998,
1,2,3.837,0.8910979,1.562543,4.558475,-0.00330913,-0.9435973,-0.3309444,0.009434998,
1,2,3.839,0.8908558,1.556828,4.546371,-0.00330913,-0.9435973,-0.3309444,0.009434998,
1,2,3.841,0.8906138,1.551077,4.534271,-0.00330913,-0.9435973,-0.3309444,0.009434998,
1,2,3.843,0.8903719,1.545288,4.522176,-0.00330913,-0.9435973,-0.3309444,0.009434998,
1,2,3.845,0.8901301,1.539461,4.510084,-0.00330913,-0.9435973,-0.3309444,0.009434998,
1,2,3.847,0.8898883,1.533598,4.497997,-0.00330913,-0.9435973,-0.3309444,0.009434998,
1,2,3.849,0.8896467,1.527696,4.485914,-0.00330913,-0.9435973,-0.3309444,0.009434998,
1,2,3.851,0.8894051,1.521758,4.473835,-0.00330913,-0.9435973,-0.3309444,0.009434998,
1,2,3.853,0.8891636,1.515782,4.46176,-0.00330913,-0.9435973,-0.3309444,0.009434998,
1,2,3.855,0.8889222,1.509769,4.449689,-0.00330913,-0.9435973,-0.3309444,0.009434998,
1,2,3.857,0.8886809,1.503718,4.437622,-0.00330913,-0.9435973,-0.3309444,0.009434998,
1,2,3.859,0.8884396,1.497631,4.42556,-0.00330913,-0.9435973,-0.3309444,0.009434998,
1,2,3.861,0.8881984,1.491506,4.413501,-0.00330913,-0.9435973,-0.3309444,0.009434998,
1,2,3.863,0.8879573,1.485343,4.401447,-0.00330913,-0.9435973,-0.3309444,0.009434998,
1,2,3.865,0.8877164,1.479144,4.389397,-0.00330913,-0.9435973,-0.3309444,0.009434998,
1,2,3.867,0.8874754,1.472907,4.377351,-0.00330913,-0.9435973,-0.3309444,0.009434998,
1,2,3.869,0.8872346,1.466633,4.365309,-0.00330913,-0.9435973,-0.3309444,0.009434998,
1,2,3.871,0.8869939,1.460322,4.353271,-0.00330913,-0.9435973,-0.3309444,0.009434998,
1,2,3.873,0.8867532,1.453973,4.341238,-0.00330913,-0.9435973,-0.3309444,0.009434998,
1,2,3.875,0.8865126,1.447588,4.329208,-0.00330913,-0.9435973,-0.3309444,0.009434998,
1,2,3.877,0.8862721,1.441165,4.317183,-0.00330913,-0.9435973,-0.3309444,0.009434998,
1,2,3.879,0.8860317,1.434705,4.305162,-0.00330913,-0.9435973,-0.3309444,0.009434998,
1,2,3.881,0.8857914,1.428208,4.293146,-0.00330913,-0.9435973,-0.3309444,0.009434998,
1,2,3.883,0.8855511,1.421674,4.281133,-0.00330913,-0.9435973,-0.3309444,0.009434998,
1,2,3.885,0.8853109,1.415103,4.269125,-0.00330913,-0.9435973,-0.3309444,0.009434998,
1,2,3.887,0.8850708,1.408494,4.257121,-0.00330913,-0.9435973,-0.3309444,0.009434998,
1,2,3.889,0.8848308,1.401849,4.245121,-0.00330913,-0.9435973,-0.3309444,0.009434998,
1,2,3.891,0.8845909,1.395166,4.233124,-0.00330913,-0.9435973,-0.3309444,0.009434998,
1,2,3.893,0.8843511,1.388447,4.221133,-0.00330913,-0.9435973,-0.3309444,0.009434998,
1,2,3.895,0.8841113,1.38169,4.209145,-0.00330913,-0.9435973,-0.3309444,0.009434998,
1,2,3.897,0.8838717,1.374897,4.197162,-0.00330913,-0.9435973,-0.3309444,0.009434998,
1,2,3.899,0.8836321,1.368066,4.185183,-0.00330913,-0.9435973,-0.3309444,0.009434998,
1,2,3.901,0.8833926,1.361199,4.173207,-0.00330913,-0.9435973,-0.3309444,0.009434998,
1,2,3.903,0.8831531,1.354294,4.161237,-0.00330913,-0.9435973,-0.3309444,0.009434998,
1,2,3.905,0.8829138,1.347353,4.14927,-0.00330913,-0.9435973,-0.3309444,0.009434998,
1,2,3.907,0.8826746,1.340374,4.137308,-0.00330913,-0.9435973,-0.3309444,0.009434998,
1,2,3.909,0.8824354,1.333359,4.12535,-0.00330913,-0.9435973,-0.3309444,0.009434998,
1,2,3.911,0.8821964,1.326307,4.113396,-0.00330913,-0.9435973,-0.3309444,0.009434998,
1,2,3.913,0.8819574,1.319218,4.101446,-0.00330913,-0.9435973,-0.3309444,0.009434998,
1,2,3.915,0.8817185,1.312092,4.0895,-0.00330913,-0.9435973,-0.3309444,0.009434998,
1,2,3.917,0.8814796,1.304929,4.077559,-0.00330913,-0.9435973,-0.3309444,0.009434998,
1,2,3.919,0.8812408,1.297729,4.065622,-0.00330913,-0.9435973,-0.3309444,0.009434998,
1,2,3.921,0.8810022,1.290493,4.053689,-0.00330913,-0.9435973,-0.3309444,0.009434998,
1,2,3.923,0.8807636,1.283219,4.041761,-0.00330913,-0.9435973,-0.3309444,0.009434998,
1,2,3.925,0.8805252,1.275909,4.029837,-0.00330913,-0.9435973,-0.3309444,0.009434998,
1,2,3.927,0.8802868,1.268563,4.017917,-0.00330913,-0.9435973,-0.3309444,0.009434998,
1,2,3.929,0.8800485,1.261179,4.006001,-0.00330913,-0.9435973,-0.3309444,0.009434998,
1,2,3.931,0.8798102,1.253759,3.994089,-0.00330913,-0.9435973,-0.3309444,0.009434998,
1,2,3.933,0.879572,1.246301,3.982182,-0.00330913,-0.9435973,-0.3309444,0.009434998,
1,2,3.935,0.879334,1.238808,3.970279,-0.00330913,-0.9435973,-0.3309444,0.009434998,
1,2,3.937,0.8790915,1.23128,3.958401,-0.00330913,-0.9435973,-0.3309444,0.009434998,
1,2,3.939,0.8788445,1.223716,3.946545,-0.00330913,-0.9435973,-0.3309444,0.009434998,
1,2,3.941,0.8785975,1.21612,3.934689,-0.00330913,-0.9435973,-0.3309444,0.009434998,
1,2,3.943,0.8783505,1.208463,3.922832,-0.00330913,-0.9435973,-0.3309444,0.009434998,
1,2,3.945,0.8781035,1.200806,3.910976,-0.00330913,-0.9435973,-0.3309444,0.009434998,
1,2,3.947,0.8778565,1.193087,3.89912,-0.00330913,-0.9435973,-0.3309444,0.009434998,
1,2,3.949,0.8776095,1.185338,3.887264,-0.00330913,-0.9435973,-0.3309444,0.009434998,
1,2,3.951,0.8773625,1.177557,3.875408,-0.00330913,-0.9435973,-0.3309444,0.009434998,
1,2,3.953,0.8771155,1.169715,3.863552,-0.00330913,-0.9435973,-0.3309444,0.009434998,
1,2,3.955,0.8768685,1.161873,3.851696,-0.00330913,-0.9435973,-0.3309444,0.009434998,
1,2,3.957,0.8766215,1.153969,3.83984,-0.00330913,-0.9435973,-0.3309444,0.009434998,
1,2,3.959,0.8763745,1.146034,3.827984,-0.00330913,-0.9435973,-0.3309444,0.009434998,
1,2,3.961,0.8761275,1.138068,3.816128,-0.00330913,-0.9435973,-0.3309444,0.009434998,
1,2,3.963,0.8758805,1.13004,3.804272,-0.00330913,-0.9435973,-0.3309444,0.009434998,
1,2,3.965,0.8756335,1.122013,3.792416,-0.00330913,-0.9435973,-0.3309444,0.009434998,
1,2,3.967,0.8753865,1.113923,3.78056,-0.00330913,-0.9435973,-0.3309444,0.009434998,
1,2,3.969,0.8751395,1.105803,3.768703,-0.00330913,-0.9435973,-0.3309444,0.009434998,
1,2,3.971,0.8748977,1.097647,3.756863,-0.00330913,-0.9435973,-0.3309444,0.009434998,
1,2,3.973,0.8746613,1.089459,3.745041,-0.00330913,-0.9435973,-0.3309444,0.009434998,
1,2,3.975,0.8744249,1.081235,3.733224,-0.00330913,-0.9435973,-0.3309444,0.009434998,
1,2,3.977,0.8741887,1.072974,3.721411,-0.00330913,-0.9435973,-0.3309444,0.009434998,
1,2,3.979,0.8739525,1.064676,3.709602,-0.00330913,-0.9435973,-0.3309444,0.009434998,
1,2,3.981,0.8737164,1.056343,3.697798,-0.00330913,-0.9435973,-0.3309444,0.009434998,
1,2,3.983,0.8734804,1.047973,3.685997,-0.00330913,-0.9435973,-0.3309444,0.009434998,
1,2,3.985,0.8732445,1.039567,3.674202,-0.00330913,-0.9435973,-0.3309444,0.009434998,
1,2,3.987,0.8730087,1.031124,3.66241,-0.00330913,-0.9435973,-0.3309444,0.009434998,
1,2,3.989,0.8727729,1.022645,3.650623,-0.00330913,-0.9435973,-0.3309444,0.009434998,
1,2,3.991,0.8725373,1.01413,3.63884,-0.00330913,-0.9435973,-0.3309444,0.009434998,
1,2,3.993,0.8723017,1.005579,3.627062,-0.00330913,-0.9435973,-0.3309444,0.009434998,
1,2,3.995,0.8720662,0.9969918,3.615288,-0.00330913,-0.9435973,-0.3309444,0.009434998,
1,2,3.997,0.8718308,0.9883682,3.603518,-0.00330913,-0.9435973,-0.3309444,0.009434998,
1,2,3.999,0.8715955,0.9797084,3.591753,-0.00330913,-0.9435973,-0.3309444,0.009434998,
1,2,4.001,0.8713603,0.9710124,3.579992,-0.00330913,-0.9435973,-0.3309444,0.009434998,
1,2,4.003,0.8711252,0.9622803,3.568236,-0.00330913,-0.9435973,-0.3309444,0.009434998,
1,2,4.005,0.8708901,0.953512,3.556484,-0.00330913,-0.9435973,-0.3309444,0.009434998,
1,2,4.007,0.8706552,0.9447076,3.544736,-0.00330913,-0.9435973,-0.3309444,0.009434998,
1,2,4.009,0.8704203,0.9358672,3.532992,-0.00330913,-0.9435973,-0.3309444,0.009434998,
1,2,4.011,0.8701856,0.9269907,3.521253,-0.00330913,-0.9435973,-0.3309444,0.009434998,
1,2,4.013,0.8699508,0.9180781,3.509519,-0.00330913,-0.9435973,-0.3309444,0.009434998,
1,2,4.015,0.8697162,0.9091295,3.497788,-0.00330913,-0.9435973,-0.3309444,0.009434998,
1,2,4.017,0.8694817,0.9001449,3.486063,-0.00330913,-0.9435973,-0.3309444,0.009434998,
1,2,4.019,0.8692473,0.8911242,3.474341,-0.00330913,-0.9435973,-0.3309444,0.009434998,
1,2,4.021,0.869013,0.8820676,3.462624,-0.00330913,-0.9435973,-0.3309444,0.009434998,
1,2,4.023,0.8687787,0.8729751,3.450911,-0.00330913,-0.9435973,-0.3309444,0.009434998,
1,2,4.025,0.8685446,0.8638465,3.439203,-0.00330913,-0.9435973,-0.3309444,0.009434998,
1,2,4.027,0.8683105,0.8546821,3.427499,-0.00330913,-0.9435973,-0.3309444,0.009434998,
1,2,4.029,0.8680765,0.8454817,3.4158,-0.00330913,-0.9435973,-0.3309444,0.009434998,
1,2,4.031,0.8678426,0.8362454,3.404105,-0.00330913,-0.9435973,-0.3309444,0.009434998,
1,2,4.033,0.8676088,0.8269733,3.392414,-0.00330913,-0.9435973,-0.3309444,0.009434998,
1,2,4.035,0.8673751,0.8176653,3.380728,-0.00330913,-0.9435973,-0.3309444,0.009434998,
1,2,4.037,0.8671414,0.8083214,3.369046,-0.00330913,-0.9435973,-0.3309444,0.009434998,
1,2,4.039,0.8669079,0.7989418,3.357369,-0.00330913,-0.9435973,-0.3309444,0.009434998,
1,2,4.041,0.8666744,0.7895263,3.345696,-0.00330913,-0.9435973,-0.3309444,0.009434998,
1,2,4.043,0.8664411,0.780075,3.334028,-0.00330913,-0.9435973,-0.3309444,0.009434998,
1,2,4.045,0.8662078,0.770588,3.322364,-0.00330913,-0.9435973,-0.3309444,0.009434998,
1,2,4.047,0.8659746,0.7610652,3.310705,-0.00330913,-0.9435973,-0.3309444,0.009434998,
1,2,4.049,0.8657415,0.7515067,3.29905,-0.00330913,-0.9435973,-0.3309444,0.009434998,
1,2,4.051,0.8655085,0.7419125,3.287399,-0.00330913,-0.9435973,-0.3309444,0.009434998,
1,2,4.053,0.8652756,0.7322826,3.275753,-0.00330913,-0.9435973,-0.3309444,0.009434998,
1,2,4.055,0.8650427,0.722617,3.264111,-0.00330913,-0.9435973,-0.3309444,0.009434998,
1,2,4.057,0.86481,0.7129157,3.252474,-0.00330913,-0.9435973,-0.3309444,0.009434998,
1,2,4.059,0.8645774,0.7031788,3.240841,-0.00330913,-0.9435973,-0.3309444,0.009434998,
1,2,4.061,0.8643448,0.6934063,3.229213,-0.00330913,-0.9435973,-0.3309444,0.009434998,
1,2,4.063,0.8641123,0.6835982,3.21759,-0.00330913,-0.9435973,-0.3309444,0.009434998,
1,2,4.065,0.8638799,0.6737545,3.20597,-0.00330913,-0.9435973,-0.3309444,0.009434998,
1,2,4.067,0.8636476,0.6638752,3.194356,-0.00330913,-0.9435973,-0.3309444,0.009434998,
1,2,4.069,0.8634154,0.6539604,3.182745,-0.00330913,-0.9435973,-0.3309444,0.009434998,
1,2,4.071,0.8631833,0.6440101,3.17114,-0.00330913,-0.9435973,-0.3309444,0.009434998,
1,2,4.073,0.8629513,0.6340242,3.159539,-0.00330913,-0.9435973,-0.3309444,0.009434998,
1,2,4.075,0.8627194,0.6240028,3.147942,-0.00330913,-0.9435973,-0.3309444,0.009434998,
1,2,4.077,0.8624875,0.613946,3.13635,-0.00330913,-0.9435973,-0.3309444,0.009434998,
1,2,4.079,0.8622558,0.6038538,3.124762,-0.00330913,-0.9435973,-0.3309444,0.009434998,
1,2,4.081,0.8620241,0.593726,3.113179,-0.00330913,-0.9435973,-0.3309444,0.009434998,
1,2,4.083,0.8617925,0.5835629,3.1016,-0.00330913,-0.9435973,-0.3309444,0.009434998,
1,2,4.085,0.861561,0.5733644,3.090026,-0.00330913,-0.9435973,-0.3309444,0.009434998,
1,2,4.087,0.8613296,0.5631305,3.078456,-0.00330913,-0.9435973,-0.3309444,0.009434998,
1,2,4.089,0.8610983,0.5528612,3.066891,-0.00330913,-0.9435973,-0.3309444,0.009434998,
1,2,4.091,0.8608671,0.5425566,3.055331,-0.00330913,-0.9435973,-0.3309444,0.009434998,
1,2,4.093,0.860636,0.5322167,3.043775,-0.00330913,-0.9435973,-0.3309444,0.009434998,
1,2,4.095,0.860405,0.5218414,3.032223,-0.00330913,-0.9435973,-0.3309444,0.009434998,
1,2,4.097,0.8601741,0.5114309,3.020676,-0.00330913,-0.9435973,-0.3309444,0.009434998,
1,2,4.099,0.8599432,0.500985,3.009134,-0.00330913,-0.9435973,-0.3309444,0.009434998,
1,2,4.101,0.8597124,0.490504,2.997596,-0.00330913,-0.9435973,-0.3309444,0.009434998,
1,2,4.103,0.8594818,0.4799877,2.986063,-0.00330913,-0.9435973,-0.3309444,0.009434998,
1,2,4.105,0.8592512,0.4694363,2.974535,-0.00330913,-0.9435973,-0.3309444,0.009434998,
1,2,4.107,0.8590207,0.4588496,2.963011,-0.00330913,-0.9435973,-0.3309444,0.009434998,
1,2,4.109,0.8587903,0.4482278,2.951491,-0.00330913,-0.9435973,-0.3309444,0.009434998,
1,2,4.111,0.85856,0.4375708,2.939976,-0.00330913,-0.9435973,-0.3309444,0.009434998,
1,2,4.113,0.8583298,0.4268788,2.928466,-0.00330913,-0.9435973,-0.3309444,0.009434998,
1,2,4.115,0.8580997,0.4161516,2.91696,-0.00330913,-0.9435973,-0.3309444,0.009434998,
1,2,4.117,0.8578697,0.4053893,2.905459,-0.00330913,-0.9435973,-0.3309444,0.009434998,
1,2,4.119,0.8576397,0.3945919,2.893963,-0.00330913,-0.9435973,-0.3309444,0.009434998,
1,2,4.121,0.8574099,0.3837595,2.882471,-0.00330913,-0.9435973,-0.3309444,0.009434998,
1,2,4.123,0.8571802,0.372892,2.870983,-0.00330913,-0.9435973,-0.3309444,0.009434998,
1,2,4.125,0.8569505,0.3619896,2.859501,-0.00330913,-0.9435973,-0.3309444,0.009434998,
1,2,4.127,0.8567209,0.3510521,2.848022,-0.00330913,-0.9435973,-0.3309444,0.009434998,
1,2,4.129,0.8564914,0.3400797,2.836549,-0.00330913,-0.9435973,-0.3309444,0.009434998,
1,2,4.131,0.8562621,0.3290723,2.82508,-0.00330913,-0.9435973,-0.3309444,0.009434998,
1,2,4.133,0.8560328,0.31803,2.813616,-0.00330913,-0.9435973,-0.3309444,0.009434998,
1,2,4.135,0.8558036,0.3069528,2.802156,-0.00330913,-0.9435973,-0.3309444,0.009434998,
1,2,4.137,0.8555745,0.2958407,2.790702,-0.00330913,-0.9435973,-0.3309444,0.009434998,
1,2,4.139,0.8553455,0.2846937,2.779251,-0.00330913,-0.9435973,-0.3309444,0.009434998,
1,2,4.141,0.8551166,0.2735119,2.767806,-0.00330913,-0.9435973,-0.3309444,0.009434998,
1,2,4.143,0.8548878,0.2622953,2.756365,-0.00330913,-0.9435973,-0.3309444,0.009434998,
1,2,4.145,0.854659,0.2510438,2.744928,-0.00330913,-0.9435973,-0.3309444,0.009434998,
1,2,4.147,0.8544304,0.2397576,2.733497,-0.00330913,-0.9435973,-0.3309444,0.009434998,
1,2,4.149,0.8542019,0.2284365,2.72207,-0.00330913,-0.9435973,-0.3309444,0.009434998,
1,2,4.151,0.8539734,0.2170807,2.710647,-0.00330913,-0.9435973,-0.3309444,0.009434998,
1,2,4.153,0.853745,0.2056902,2.699229,-0.00330913,-0.9435973,-0.3309444,0.009434998,
1,2,4.155,0.8535168,0.194265,2.687817,-0.00330913,-0.9435973,-0.3309444,0.009434998,
1,2,4.157,0.8532886,0.1828051,2.676408,-0.00330913,-0.9435973,-0.3309444,0.009434998,
1,2,4.159,0.8530605,0.1713105,2.665004,-0.00330913,-0.9435973,-0.3309444,0.009434998,
1,2,4.161,0.8528444,0.1597786,2.653642,-0.00330913,-0.9435973,-0.3309444,0.009434998,
1,2,4.163,0.8526283,0.1482158,2.64228,-0.00330913,-0.9435973,-0.3309444,0.009434998,
1,2,4.165,0.8524122,0.1366145,2.630918,-0.00330913,-0.9435973,-0.3309444,0.009434998,
1,2,4.167,0.852196,0.1249822,2.619556,-0.00330913,-0.9435973,-0.3309444,0.009434998,
1,2,4.169,0.8519799,0.1133153,2.608194,-0.00330913,-0.9435973,-0.3309444,0.009434998,
1,2,4.171,0.8517638,0.1016136,2.596832,-0.00330913,-0.9435973,-0.3309444,0.009434998,
1,2,4.173,0.8515477,0.08987711,2.58547,-0.00330913,-0.9435973,-0.3309444,0.009434998,
1,2,4.175,0.8513315,0.07810594,2.574108,-0.00330913,-0.9435973,-0.3309444,0.009434998,
1,2,4.177,0.8511154,0.06630003,2.562746,-0.00330913,-0.9435973,-0.3309444,0.009434998,
1,2,4.179,0.8508993,0.05445974,2.551383,-0.00330913,-0.9435973,-0.3309444,0.009434998,
1,2,4.181,0.8506832,0.04258533,2.540021,-0.00330913,-0.9435973,-0.3309444,0.009434998,CourtEnter
1,2,4.183,0.8504953,0.03858826,2.530125,-0.002758157,-0.9610783,-0.2760951,0.009610355,
1,2,4.185,0.850341,0.04773407,2.521727,-0.001634065,-0.986438,-0.1638299,0.009863816,
1,2,4.187,0.8501866,0.05683647,2.513329,-0.0004884114,-0.9987289,-0.04940273,0.009986598,
1,2,4.189,0.8500322,0.06589618,2.504931,0.0006636263,-0.9977913,0.06567021,0.009977102,CourtExit
1,2,4.191,0.8498778,0.07491174,2.496533,0.001806791,-0.9836405,0.1798651,0.009835484,
1,2,4.193,0.8497235,0.08388484,2.488135,0.002925953,-0.9564666,0.2916704,0.009563649,
1,2,4.195,0.8495691,0.0928155,2.479737,0.004006296,-0.9166325,0.3996059,0.009165224,
1,2,4.197,0.8494147,0.1017037,2.471339,0.005033528,-0.8646681,0.502244,0.008645511,
1,2,4.199,0.8492603,0.1105494,2.46294,0.005994067,-0.8012639,0.5982273,0.008011416,
1,2,4.201,0.849106,0.1193508,2.454542,0.006875218,-0.7272615,0.6862876,0.007271355,
1,2,4.203,0.8489516,0.1281083,2.446144,0.00766534,-0.6436422,0.7652611,0.006435141,
1,2,4.205,0.8487972,0.1368267,2.437746,0.008354001,-0.5515144,0.8341054,0.00551386,
1,2,4.207,0.8486289,0.1455002,2.429333,0.008932112,-0.4520985,0.8919119,0.004519717,
1,2,4.209,0.8484606,0.154131,2.420923,0.009392054,-0.346711,0.9379187,0.003465874,
1,2,4.211,0.8482922,0.162719,2.412514,0.009727771,-0.2367463,0.9715199,0.002366279,
1,2,4.213,0.848124,0.1712643,2.404108,0.009934852,-0.1236596,0.9922742,0.001235479,
1,2,4.215,0.8479558,0.1797669,2.395703,0.01001059,-0.008946415,0.9999099,8.842873E-05,
1,2,4.217,0.8477876,0.1882269,2.3873,0.009954003,0.1058769,0.9943289,-0.001059706,
1,2,4.219,0.8476195,0.1966442,2.3789,0.009765875,0.2192929,0.9756078,-0.002193752,
1,2,4.221,0.8474514,0.2050189,2.370501,0.009448719,0.3298031,0.9439967,-0.003298731,
1,2,4.223,0.8472834,0.213351,2.362105,0.009006754,0.4359481,0.8999162,-0.004360048,
1,2,4.225,0.8471154,0.2216405,2.35371,0.008445844,0.5363269,0.8439511,-0.005363694,
1,2,4.227,0.8469474,0.2298875,2.345318,0.007773421,0.6296148,0.7768431,-0.006296425,
1,2,4.229,0.8467795,0.2380919,2.336927,0.006998387,0.7145813,0.6994809,-0.007145938,
1,2,4.231,0.8466116,0.2462538,2.328539,0.006130999,0.7901064,0.6128881,-0.007901034,
1,2,4.233,0.8464438,0.2543732,2.320152,0.005182729,0.8551951,0.5182098,-0.008551767,
1,2,4.235,0.8462759,0.2624502,2.311767,0.004166111,0.9089902,0.4166976,-0.009089567,
1,2,4.237,0.8461082,0.2704847,2.303385,0.003094579,0.9507841,0.3096929,-0.00950736,
1,2,4.239,0.8459405,0.2784768,2.295004,0.001982284,0.9800279,0.1986086,-0.009799656,
1,2,4.241,0.8457727,0.2864265,2.286626,0.0008439093,0.9963384,0.08491154,-0.009962628,
1,2,4.243,0.8456051,0.2943338,2.278249,-0.0003055197,0.999503,-0.02989786,-0.00999415,
1,2,4.245,0.8454375,0.3021987,2.269875,-0.001450839,0.9894828,-0.144305,-0.009893836,
1,2,4.247,0.8452699,0.3100213,2.261502,-0.002576946,0.9664126,-0.256801,-0.009663035,
1,2,4.249,0.8451024,0.3178016,2.253131,-0.003668992,0.9305994,-0.3659027,-0.00930482,
1,2,4.251,0.8449349,0.3255396,2.244762,-0.004712585,0.882518,-0.4701723,-0.008823939,
1,2,4.253,0.8447675,0.3332352,2.236396,-0.005693977,0.8228048,-0.5682361,-0.008226755,
1,2,4.255,0.8446001,0.3408886,2.228031,-0.006600244,0.7522493,-0.6588026,-0.007521167,
1,2,4.257,0.8444327,0.3484998,2.219668,-0.007419456,0.6717837,-0.7406797,-0.006716495,
1,2,4.259,0.8442653,0.3560688,2.211308,-0.008140836,0.5824705,-0.8127902,-0.005823364,
1,2,4.261,0.8440981,0.3635955,2.202949,-0.008754896,0.4854884,-0.8741858,-0.004853564,
1,2,4.263,0.8439308,0.3710801,2.194592,-0.009253569,0.3821168,-0.9240598,-0.003819884,
1,2,4.265,0.8437636,0.3785225,2.186236,-0.009630309,0.2737186,-0.9617578,-0.002735954,
1,2,4.267,0.8435965,0.3859227,2.177883,-0.009880182,0.1617224,-0.9867855,-0.001616062,
1,2,4.269,0.8434293,0.3932809,2.169532,-0.009999921,0.04760395,-0.9988161,-0.0004749624,
1,2,4.271,0.8432622,0.4005969,2.161183,-0.009987974,-0.06713369,-0.9976938,0.0006723141,
1,2,4.273,0.8430952,0.4078708,2.152836,-0.009844526,-0.18098,-0.9834359,0.001810661,
1,2,4.275,0.8429282,0.4151027,2.144491,-0.00957149,-0.2924362,-0.9562327,0.002925095,
1,2,4.277,0.8427612,0.4222926,2.136148,-0.00917249,-0.4000358,-0.9164449,0.004000954,
1,2,4.279,0.8425943,0.4294404,2.127807,-0.008652801,-0.5023634,-0.8645988,0.005024087,
1,2,4.281,0.8424274,0.4365462,2.119467,-0.008019282,-0.5980736,-0.8013788,0.005981039,
1,2,4.283,0.8422605,0.44361,2.11113,-0.007280292,-0.6859087,-0.7276189,0.006859235,
1,2,4.285,0.8420936,0.4506319,2.102794,-0.006445575,-0.7647145,-0.6442917,0.007647134,
1,2,4.287,0.8419269,0.4576117,2.09446,-0.005526128,-0.8334563,-0.5524951,0.008334394,
1,2,4.289,0.8417601,0.4645497,2.086129,-0.004534061,-0.8912319,-0.4534378,0.008911993,
1,2,4.291,0.8415934,0.4714458,2.077799,-0.003482431,-0.9372838,-0.348424,0.009372358,
1,2,4.293,0.8414267,0.4782999,2.069471,-0.002385081,-0.9710085,-0.2388358,0.009709458,
1,2,4.295,0.8412601,0.4851122,2.061145,-0.001256445,-0.9919654,-0.1261147,0.009918886,
1,2,4.297,0.8410935,0.4918827,2.052821,-0.0001113655,-0.9998811,-0.01174293,0.009997915,
1,2,4.299,0.8409269,0.4986113,2.044498,0.001035104,-0.9946544,0.1027758,0.009945531,
1,2,4.301,0.8407604,0.505298,2.036178,0.002167897,-0.9763563,0.2159363,0.009762448,
1,2,4.303,0.8405939,0.511943,2.02786,0.00327213,-0.9452299,0.3262521,0.009451095,
1,2,4.305,0.8404275,0.5185462,2.019543,0.004333303,-0.9016866,0.4322745,0.00901559,
1,2,4.307,0.8402611,0.5251076,2.011229,0.005337482,-0.8463009,0.5326113,0.008461675,
1,2,4.309,0.8400947,0.5316272,2.002916,0.00627149,-0.7798024,0.6259458,0.007796651,
1,2,4.311,0.8399284,0.5381051,1.994605,0.007123072,-0.7030667,0.7110535,0.007029272,
1,2,4.313,0.8397621,0.5445414,1.986296,0.007881062,-0.6171033,0.7868184,0.006169635,
1,2,4.315,0.8395958,0.5509359,1.977989,0.008535526,-0.5230428,0.8522477,0.005229046,
1,2,4.317,0.8394296,0.5572888,1.969684,0.00907789,-0.4221216,0.9064839,0.004219869,
1,2,4.319,0.8392634,0.5635999,1.961381,0.009501057,-0.3156659,0.9488176,0.003155361,
1,2,4.321,0.8390973,0.5698695,1.953079,0.009799495,-0.2050737,0.9786953,0.002049508,
1,2,4.323,0.8389312,0.5760974,1.94478,0.009969313,-0.09179711,0.9957275,0.000916827,
1,2,4.325,0.8387651,0.5822837,1.936482,0.0100083,0.02267716,0.9996927,-0.0002278125,
1,2,4.327,0.8386108,0.5884278,1.928207,0.009915981,0.1368469,0.9905416,-0.001369392,
1,2,4.329,0.8384564,0.5945257,1.919933,0.009693581,0.2492143,0.9683967,-0.002492935,
1,2,4.331,0.838302,0.6005927,1.911658,0.009344045,0.3583058,0.9335507,-0.003583708,
1,2,4.333,0.8381476,0.6066133,1.903384,0.008871979,0.4626914,0.8864629,-0.004627411,
1,2,4.335,0.8379933,0.6125877,1.895109,0.008283603,0.5610029,0.8277534,-0.005610361,
1,2,4.337,0.8378389,0.6185312,1.886835,0.007586645,0.6519526,0.7581938,-0.006519688,
1,2,4.339,0.8376845,0.6244283,1.87856,0.006790266,0.7343491,0.6786983,-0.007343482,
1,2,4.341,0.8375301,0.6302792,1.870286,0.005904924,0.8071142,0.5903107,-0.00807096,
1,2,4.343,0.8373758,0.6360992,1.862011,0.00494224,0.8692958,0.4941912,-0.008692605,
1,2,4.345,0.8372214,0.6418728,1.853736,0.003914841,0.920081,0.3916007,-0.009200289,
1,2,4.347,0.837067,0.6476002,1.845462,0.002836203,0.9588063,0.2838848,-0.00958738,
1,2,4.349,0.8369126,0.6532966,1.837187,0.001720469,0.9849666,0.1724557,-0.00984883,
1,2,4.351,0.8367583,0.6589468,1.828913,0.0005822607,0.9982213,0.05877384,-0.009981236,
1,2,4.353,0.8366039,0.6645507,1.820638,-0.0005635063,0.9983991,-0.05567103,-0.009982885,
1,2,4.355,0.8364495,0.6701236,1.812364,-0.001701825,0.9855001,-0.16938,-0.009853781,
1,2,4.357,0.8362951,0.6756503,1.804089,-0.002817789,0.9596955,-0.2808639,-0.009595636,
1,2,4.359,0.8361408,0.6811306,1.795815,-0.003896789,0.9213255,-0.3886635,-0.009211856,
1,2,4.361,0.8359864,0.6865801,1.78754,-0.004924703,0.8708947,-0.4913679,-0.008707487,
1,2,4.363,0.835832,0.6919833,1.779265,-0.005888083,0.8090656,-0.5876333,-0.008089153,
1,2,4.365,0.8356776,0.6973401,1.770991,-0.00677433,0.7366495,-0.6762007,-0.00736497,
1,2,4.367,0.8355232,0.7026661,1.762716,-0.00757186,0.654596,-0.7559126,-0.006544432,
1,2,4.369,0.8353689,0.7079458,1.754442,-0.008270252,0.5639808,-0.8257273,-0.005638298,
1,2,4.371,0.8352145,0.7131791,1.746167,-0.008860383,0.4659909,-0.884733,-0.004658438,
1,2,4.373,0.8350601,0.7183816,1.737893,-0.00933455,0.3619098,-0.9321594,-0.003617686,
1,2,4.375,0.8349057,0.7235377,1.729618,-0.009686573,0.2531002,-0.9673883,-0.002529669,
1,2,4.377,0.8347514,0.7286476,1.721344,-0.00991187,0.140986,-0.989961,-0.001408625,
1,2,4.379,0.834597,0.7337266,1.713069,-0.01000751,0.02703436,-0.9995844,-0.0002692254,
1,2,4.381,0.8344426,0.7387592,1.704794,-0.009972273,-0.08726409,-0.9961349,0.0008736283,
1,2,4.383,0.8342882,0.7437456,1.69652,-0.009806638,-0.2004149,-0.97966,0.002004991,
1,2,4.385,0.8341339,0.748701,1.688307,-0.00951279,-0.3109389,-0.9503773,0.003110072,
1,2,4.387,0.8339795,0.7536102,1.680094,-0.009094598,-0.4173917,-0.9086716,0.004174431,
1,2,4.389,0.8338251,0.758473,1.671881,-0.008557547,-0.5183823,-0.8550904,0.005184161,
1,2,4.391,0.8336707,0.763305,1.663669,-0.007908677,-0.6125918,-0.7903362,0.006126074,
1,2,4.393,0.8335164,0.7680907,1.655456,-0.007156488,-0.6987902,-0.7152568,0.006987872,
1,2,4.395,0.833362,0.77283,1.647243,-0.006310826,-0.7758524,-0.6308353,0.007758307,
1,2,4.397,0.8332024,0.7775364,1.639021,-0.005382753,-0.8427733,-0.538176,0.008427332,
1,2,4.399,0.8330377,0.7821944,1.630791,-0.004384408,-0.8986802,-0.4384907,0.008986223,
1,2,4.401,0.832873,0.7868114,1.622562,-0.003328845,-0.9428445,-0.3330831,0.009427695,
1,2,4.403,0.8327084,0.7913874,1.614335,-0.002229863,-0.9746915,-0.223331,0.009746001,
1,2,4.405,0.8325437,0.7959225,1.60611,-0.001101821,-0.9938071,-0.1106684,0.009937008,
1,2,4.407,0.8323792,0.8004165,1.597887,4.054711E-05,-0.9999441,0.003433134,0.009998241,
1,2,4.409,0.8322147,0.8048696,1.589666,0.001182324,-0.9930245,0.1174836,0.009928924,
1,2,4.411,0.8320501,0.8092818,1.581446,0.002308602,-0.9731407,0.2299939,0.009729985,
1,2,4.413,0.8318856,0.8136529,1.573229,0.003404679,-0.9405545,0.3394956,0.009404038,
1,2,4.415,0.8317212,0.8179832,1.565012,0.004456256,-0.8956934,0.4445598,0.00895536,
1,2,4.417,0.8315569,0.8222726,1.556798,0.005449614,-0.8391448,0.5438161,0.00838983,
1,2,4.419,0.8313925,0.8265211,1.548586,0.006371803,-0.7716487,0.6359703,0.007714846,
1,2,4.421,0.8312281,0.8307287,1.540375,0.007210798,-0.6940876,0.719821,0.006939233,
1,2,4.423,0.8310639,0.8348954,1.532166,0.007955669,-0.6074752,0.7942756,0.006073129,
1,2,4.425,0.8308996,0.8390213,1.523959,0.008596714,-0.5129428,0.8583645,0.005127848,
1,2,4.427,0.8307353,0.8431063,1.515753,0.009125588,-0.4117247,0.9112533,0.004115732,
1,2,4.429,0.8305712,0.8471506,1.507549,0.009535412,-0.3051423,0.9522541,0.003049992,
1,2,4.431,0.830407,0.8511539,1.499347,0.009820863,-0.1945863,0.9808343,0.001944537,
1,2,4.433,0.8302429,0.8551165,1.491147,0.009978238,-0.08149891,0.9966232,0.0008137858,
1,2,4.435,0.8300788,0.8590383,1.482948,0.0100055,0.032645,0.9994169,-0.0003275118,
1,2,4.437,0.8299148,0.8629193,1.474752,0.009902327,0.146357,0.9891812,-0.001464476,
1,2,4.439,0.8297508,0.8667596,1.466557,0.009670075,0.2581551,0.9660516,-0.002582288,
1,2,4.441,0.8295868,0.8705591,1.458363,0.009311795,0.3665823,0.9303318,-0.003666381,
1,2,4.443,0.8294229,0.8743178,1.450172,0.008832178,0.470226,0.8824893,-0.004702632,
1,2,4.445,0.829259,0.8780358,1.441982,0.008237493,0.5677367,0.8231494,-0.005677545,
1,2,4.447,0.8291046,0.88171,1.433769,0.007535513,0.6578444,0.7530875,-0.006578424,
1,2,4.449,0.8289502,0.8853378,1.425556,0.006735394,0.7393766,0.6732178,-0.007393547,
1,2,4.451,0.8287959,0.8889348,1.417343,0.005847577,0.8112727,0.5845824,-0.00811231,
1,2,4.453,0.8286415,0.8924854,1.409131,0.00488364,0.8725978,0.4883372,-0.008725367,
1,2,4.455,0.8284871,0.8960052,1.40098,0.003856147,0.9225547,0.3857368,-0.00922475,
1,2,4.457,0.8283327,0.8994787,1.392829,0.002778491,0.9604948,0.2781185,-0.009603973,
1,2,4.459,0.8281783,0.9029213,1.384678,0.001664712,0.9859259,0.1668844,-0.00985812,
1,2,4.461,0.828024,0.9063175,1.376526,0.0005293163,0.9985186,0.05348333,-0.009983899,
1,2,4.463,0.8278696,0.9096675,1.368375,-0.0006129112,0.9981116,-0.06060812,-0.009979695,
1,2,4.465,0.8277152,0.9129866,1.360224,-0.0017471,0.9847118,-0.1739046,-0.009845585,
1,2,4.467,0.8275608,0.9162593,1.352073,-0.002858491,0.9584957,-0.2849317,-0.00958333,
1,2,4.469,0.8274065,0.9194858,1.343922,-0.003932626,0.9198065,-0.3922449,-0.009196364,
1,2,4.471,0.8272521,0.9226814,1.335771,-0.004955528,0.8691496,-0.4944481,-0.008689743,
1,2,4.473,0.8270977,0.9258307,1.32762,-0.005913896,0.8071861,-0.5902123,-0.00807008,
1,2,4.475,0.8269433,0.9289336,1.319469,-0.006795267,0.734724,-0.6782923,-0.007345453,
1,2,4.477,0.826789,0.9320057,1.311318,-0.007588192,0.6527078,-0.7575437,-0.006525308,
1,2,4.479,0.8266346,0.9350315,1.303167,-0.008282371,0.5622055,-0.826937,-0.005620328,
1,2,4.481,0.8264802,0.9380109,1.295016,-0.008868789,0.4643957,-0.8855713,-0.004642297,
1,2,4.483,0.8263258,0.9409595,1.286865,-0.009339838,0.3605515,-0.9326857,-0.003603944,
1,2,4.485,0.8261715,0.9438618,1.278714,-0.009689412,0.2520241,-0.9676692,-0.002518781,
1,2,4.487,0.8260171,0.9467177,1.270563,-0.009912981,0.1402253,-0.990069,-0.001400926,
1,2,4.489,0.8258627,0.9495428,1.262412,-0.01000766,0.02660923,-0.9995958,-0.0002649198,
1,2,4.491,0.8257083,0.952337,1.254261,-0.009972237,-0.0873467,-0.9961277,0.0008744681,
1,2,4.493,0.825554,0.9550849,1.24611,-0.009807195,-0.2001615,-0.9797118,0.002002429,
1,2,4.495,0.8253996,0.9577865,1.237959,-0.009514698,-0.3103689,-0.9505635,0.003104308,
1,2,4.497,0.8252452,0.9604572,1.229807,-0.009098566,-0.4165373,-0.9090636,0.004165785,
1,2,4.499,0.8250908,0.9630816,1.221656,-0.008564228,-0.5172874,-0.8557532,0.005173077,
1,2,4.501,0.8249364,0.9656597,1.213505,-0.007918646,-0.6113113,-0.7913271,0.006113105,
1,2,4.503,0.8247821,0.9682069,1.205354,-0.007170218,-0.6973884,-0.7166237,0.006973664,
1,2,4.505,0.8246277,0.9707078,1.197203,-0.006328686,-0.7744019,-0.632615,0.007743589,
1,2,4.507,0.8244733,0.9731624,1.189052,-0.005404995,-0.841353,-0.5403935,0.008412896,
1,2,4.509,0.8243189,0.9755861,1.180901,-0.004411152,-0.8973737,-0.4411582,0.008972906,
1,2,4.511,0.8241646,0.9779634,1.17275,-0.003360069,-0.9417381,-0.3361985,0.009416364,
1,2,4.513,0.8240102,0.9802945,1.164599,-0.002265408,-0.9738718,-0.2268786,0.009737529,
1,2,4.515,0.8238558,0.9825947,1.156448,-0.001141389,-0.9933593,-0.1146183,0.009932245,
1,2,4.517,0.8237014,0.9848641,1.148297,-2.607354E-06,-0.9999496,-0.0008756595,0.009998007,
1,2,4.519,0.8235471,0.9870871,1.140146,0.00113615,-0.9935592,0.1128724,0.00993398,
1,2,4.521,0.8233927,0.9892638,1.131995,0.002260103,-0.9742729,0.2251496,0.009741017,
1,2,4.523,0.8232383,0.9914096,1.123844,0.003354666,-0.9423431,0.334499,0.009421639,
1,2,4.525,0.8230839,0.9935091,1.115693,0.004405639,-0.8981859,0.439502,0.008980012,
1,2,4.527,0.8229296,0.9955623,1.107603,0.005399391,-0.8423764,0.5387967,0.008421885,
1,2,4.529,0.8227752,0.9975846,1.099514,0.00632304,-0.7756402,0.631096,0.007754516,
1,2,4.531,0.8226208,0.9995607,1.091425,0.007164614,-0.6988449,0.7152033,0.006986581,
1,2,4.533,0.8224664,1.001499,1.083336,0.007913207,-0.6129879,0.7900289,0.006128054,
1,2,4.535,0.8223121,1.003413,1.075246,0.008559123,-0.5191845,0.8546036,0.005190086,
1,2,4.537,0.8221577,1.005266,1.067157,0.009094003,-0.4186524,0.9080914,0.004184855,
1,2,4.539,0.8220033,1.007087,1.059068,0.009510922,-0.3126961,0.9498004,0.003125404,
1,2,4.541,0.8218489,1.008878,1.050978,0.009804497,-0.2026905,0.9791917,0.002025482,
1,2,4.543,0.8216946,1.010607,1.042889,0.009970939,-0.09006246,0.9958858,0.000899354,
1,2,4.545,0.8215402,1.012305,1.0348,0.01000811,0.02372768,0.9996684,-0.0002383771,
1,2,4.547,0.8213858,1.013972,1.02671,0.009915541,0.1372047,0.9904922,-0.00137296,
1,2,4.549,0.8212314,1.015578,1.018621,0.009694458,0.2488978,0.9684781,-0.002489691,
1,2,4.551,0.821077,1.017153,1.010532,0.009347742,0.3573595,0.9339133,-0.003574099,
1,2,4.553,0.8209227,1.018696,1.002442,0.008879908,0.4611848,0.8872477,-0.004612134,
1,2,4.555,0.8207683,1.020178,0.9943532,0.008297035,0.559029,0.8290878,-0.005590352,
1,2,4.557,0.8206139,1.021629,0.9862639,0.00760669,0.6496253,0.7601887,-0.00649609,
1,2,4.559,0.8204595,1.02305,0.9781746,0.006817835,0.7318012,0.6814448,-0.007317625,
1,2,4.561,0.8203052,1.024408,0.9700853,0.005940702,0.8044934,0.5938775,-0.008044328,
1,2,4.563,0.8201508,1.025736,0.961996,0.004986665,0.8667618,0.4986221,-0.0086668,
1,2,4.565,0.8199964,1.027033,0.9539067,0.00396809,0.9178014,0.3969138,-0.009176996,
1,2,4.567,0.819842,1.028268,0.9458174,0.00289818,0.9569531,0.2900704,-0.009568322,
1,2,4.569,0.8196877,1.029503,0.937728,0.001790795,0.9837115,0.1794762,-0.009835732,
1,2,4.571,0.8195333,1.030676,0.9296387,0.0006602777,0.9977322,0.06656362,-0.009975782,
1,2,4.573,0.8193789,1.031818,0.9215494,-0.0004787331,0.9988352,-0.04720523,-0.009986675,
1,2,4.575,0.8192245,1.03293,0.9134601,-0.001611494,0.9870083,-0.1603576,-0.009868292,
1,2,4.577,0.8190702,1.03398,0.9053708,-0.002723344,0.9624065,-0.2714292,-0.009622184,
1,2,4.579,0.8189158,1.034998,0.8972815,-0.003799895,0.9253498,-0.3789824,-0.00925155,
1,2,4.581,0.8187614,1.035986,0.8892077,-0.004827217,0.8763199,-0.4816258,-0.008761209,
1,2,4.583,0.818607,1.036913,0.8811492,-0.005792025,0.8159528,-0.5780321,-0.008157524,
1,2,4.585,0.8184527,1.037808,0.8730908,-0.006681846,0.7450311,-0.6669547,-0.00744832,
1,2,4.587,0.8182983,1.038673,0.8650324,-0.007485177,0.6644742,-0.7472443,-0.00664279,
1,2,4.589,0.8181439,1.039475,0.8569739,-0.008191639,0.5753254,-0.8178634,-0.005751366,
1,2,4.591,0.8179895,1.040247,0.8489155,-0.008792109,0.4787391,-0.8779002,-0.004785592,
1,2,4.593,0.8178352,1.040988,0.8408571,-0.009278838,0.3759655,-0.9265797,-0.003757971,
1,2,4.595,0.8176808,1.041667,0.8327987,-0.009645544,0.2683347,-0.9632738,-0.002681801,
1,2,4.597,0.8175264,1.042316,0.8247402,-0.009887505,0.1572394,-0.9875098,-0.001571009,
1,2,4.599,0.817372,1.042933,0.8166818,-0.01000161,0.04411643,-0.9989762,-0.0004399599,
1,2,4.601,0.8172176,1.043489,0.8086234,-0.0099864,-0.06957137,-0.9975268,0.0006967211,
1,2,4.603,0.8170633,1.044045,0.8005649,-0.009842092,-0.1823544,-0.983182,0.001824339,
1,2,4.605,0.8169089,1.044539,0.7925065,-0.009570573,-0.2927749,-0.9561291,0.002928319,
1,2,4.607,0.8167545,1.045002,0.7844481,-0.009175369,-0.399406,-0.9167196,0.003994396,
1,2,4.609,0.8166001,1.045434,0.7763897,-0.008661603,-0.50087,-0.8654646,0.0050088,
1,2,4.611,0.8164458,1.045805,0.7683312,-0.008035935,-0.595857,-0.8030283,0.00595843,
1,2,4.613,0.8162914,1.046144,0.7602728,-0.00730646,-0.68314,-0.7302189,0.006831021,
1,2,4.615,0.816137,1.046453,0.7522144,-0.006482623,-0.7615927,-0.6479788,0.007615315,
1,2,4.617,0.8159826,1.0467,0.7441559,-0.005575077,-0.830203,-0.5573716,0.008301191,
1,2,4.619,0.8158283,1.046916,0.7361284,-0.00459556,-0.8880858,-0.4595689,0.008879802,
1,2,4.621,0.8156739,1.047101,0.7281008,-0.003556732,-0.9344954,-0.3558349,0.009343695,
1,2,4.623,0.8155195,1.047225,0.7200733,-0.002472018,-0.9688337,-0.2475102,0.009686891,
1,2,4.625,0.8153651,1.047318,0.7120457,-0.001355432,-0.9906592,-0.1359944,0.009904976,
1,2,4.627,0.8152108,1.047379,0.7040182,-0.000221398,-0.9996917,-0.02272787,0.009995153,
1,2,4.629,0.8150564,1.047379,0.6959906,0.0009154417,-0.9958165,0.09082678,0.009956275,
1,2,4.631,0.814902,1.047348,0.6879631,0.002040409,-0.9790855,0.2032034,0.009788863,
1,2,4.633,0.8147476,1.047287,0.6799355,0.003138983,-0.9497165,0.3129515,0.009495097,
1,2,4.635,0.8145933,1.047194,0.671908,0.004196989,-0.9080903,0.418655,0.009078787,
1,2,4.637,0.8144389,1.047071,0.6638804,0.005200777,-0.854746,0.51895,0.008545322,
1,2,4.639,0.8142845,1.046885,0.6558529,0.0061374,-0.7903737,0.6125433,0.007901608,
1,2,4.641,0.8141301,1.046669,0.6478253,0.006994783,-0.7158057,0.6982278,0.007155963,
1,2,4.643,0.8139758,1.046422,0.6397977,0.007761877,-0.6320052,0.7748995,0.006318019,
1,2,4.645,0.8138214,1.046113,0.6317702,0.008428795,-0.5400551,0.8415702,0.005398607,
1,2,4.647,0.813667,1.045774,0.6237426,0.008986947,-0.4411425,0.8973813,0.004409596,
1,2,4.649,0.8135126,1.045403,0.6157151,0.009429149,-0.3365444,0.9416144,0.003363753,
1,2,4.651,0.8133582,1.044971,0.6076875,0.009749717,-0.2276108,0.9737007,0.002274578,
1,2,4.653,0.8132039,1.044508,0.59966,0.009944533,-0.115747,0.9932283,0.001156123,
1,2,4.655,0.8130495,1.044014,0.5916633,0.0100111,-0.002395879,0.9999471,2.281333E-05,
1,2,4.657,0.8128951,1.043458,0.5836666,0.009948586,0.1109808,0.9937721,-0.001110735,
1,2,4.659,0.8127407,1.042872,0.5756699,0.009757808,0.2229212,0.9747851,-0.002229908,
1,2,4.661,0.8125864,1.042254,0.5676733,0.009441244,0.3319826,0.9432324,-0.003320277,
1,2,4.663,0.812432,1.041606,0.5596766,0.009002997,0.4367592,0.8995228,-0.004367793,
1,2,4.665,0.8122776,1.040926,0.5516799,0.008448731,0.5359014,0.8442214,-0.00535896,
1,2,4.667,0.8121232,1.040185,0.5436832,0.007785605,0.6281322,0.7780424,-0.006281011,
1,2,4.669,0.8119689,1.039414,0.5356866,0.007022184,0.7122642,0.7018403,-0.007122077,
1,2,4.671,0.8118145,1.038611,0.5276899,0.006168315,0.7872144,0.6165983,-0.007871331,
1,2,4.673,0.8116601,1.037746,0.5196932,0.005235014,0.8520185,0.5234163,-0.008519135,
1,2,4.675,0.8115057,1.036851,0.5116965,0.004234314,0.905843,0.4234957,-0.009057158,
1,2,4.677,0.8113514,1.035925,0.5036998,0.003179119,0.9479963,0.3181245,-0.009478483,
1,2,4.679,0.811197,1.034937,0.4957032,0.002083028,0.9779369,0.208661,-0.009777701,
1,2,4.681,0.8110426,1.033918,0.4877142,0.0009601617,0.9952813,0.09651545,-0.009950978,
1,2,4.683,0.8108882,1.032868,0.479733,-0.0001750157,0.9998078,-0.01686778,-0.009996098,
1,2,4.685,0.8107339,1.031757,0.4717517,-0.001307886,0.9914598,-0.1300284,-0.009912498,
1,2,4.687,0.8105795,1.030614,0.4637705,-0.002423862,0.970347,-0.2415094,-0.009701279,
1,2,4.689,0.8104251,1.029441,0.4557892,-0.003508579,0.9367427,-0.349876,-0.009365174,
1,2,4.691,0.8102707,1.028237,0.447808,-0.004548079,0.8910813,-0.4537335,-0.008908528,
1,2,4.693,0.8101164,1.027002,0.4398268,-0.005528986,0.8339526,-0.5517455,-0.008337237,
1,2,4.695,0.809962,1.025705,0.4318455,-0.006438687,0.7660932,-0.6426516,-0.007658669,
1,2,4.697,0.8098076,1.024377,0.4238643,-0.007265481,0.6883783,-0.7252829,-0.006881577,
1,2,4.699,0.8096532,1.023019,0.4158985,-0.007998743,0.6018091,-0.7985773,-0.006015971,
1,2,4.701,0.8094988,1.021599,0.4079327,-0.008629053,0.5075008,-0.8615932,-0.005073003,
1,2,4.703,0.8093445,1.020147,0.3999669,-0.009148315,0.4066678,-0.9135213,-0.004064816,
1,2,4.705,0.8091901,1.018665,0.3920011,-0.009549866,0.300608,-0.9536952,-0.003004387,
1,2,4.707,0.8090357,1.017122,0.3840353,-0.009828558,0.1906866,-0.9815999,-0.001905367,
1,2,4.709,0.8088813,1.015547,0.3760695,-0.009980826,0.07831786,-0.9968782,-0.0007818942,
1,2,4.711,0.808727,1.013942,0.3681037,-0.01000473,-0.03505266,-0.9993354,0.0003515778,
1,2,4.713,0.8085726,1.012305,0.3601379,-0.009899973,-0.147967,-0.9889417,0.001480473,
1,2,4.715,0.8084182,1.010638,0.352172,-0.009667929,-0.2589732,-0.9658327,0.002590276,
1,2,4.717,0.8082638,1.008909,0.3442217,-0.0093116,-0.3666446,-0.9303073,0.003666722,
1,2,4.719,0.8081095,1.007149,0.3362713,-0.008835581,-0.4695972,-0.8828241,0.004695977,
1,2,4.721,0.8079551,1.005358,0.328321,-0.008246013,-0.5665084,-0.8239952,0.005664817,
1,2,4.723,0.8078007,1.003506,0.3203706,-0.007550486,-0.6561337,-0.7545784,0.006560798,
1,2,4.725,0.8076463,1.001622,0.3124202,-0.006757956,-0.7373222,-0.6754673,0.007372417,
1,2,4.727,0.807492,0.9997033,0.3044699,-0.005878622,-0.8090317,-0.5876799,0.008089256,
1,2,4.729,0.8073376,0.9977427,0.2965195,-0.004923794,-0.8703424,-0.4923456,0.008702121,
1,2,4.731,0.8071832,0.9957513,0.2885691,-0.003905753,-0.9204679,-0.3906904,0.009203149,
1,2,4.733,0.8070288,0.9937135,0.2806265,-0.002837585,-0.9587659,-0.284021,0.009585924,
1,2,4.735,0.8068745,0.9916294,0.2726915,-0.001733019,-0.9847465,-0.1737084,0.009845544,
1,2,4.737,0.8067201,0.9895145,0.2647566,-0.0006062459,-0.9980773,-0.06116994,0.009978691,
1,2,4.739,0.8065657,0.9873532,0.2568217,0.0005282569,-0.9985893,0.05214858,0.009983676,
1,2,4.741,0.8064113,0.9851611,0.2488868,0.001655919,-0.9862777,0.1647919,0.009860453,
1,2,4.743,0.8062569,0.9829226,0.2409518,0.002762264,-0.9613025,0.2753136,0.009610622,
1,2,4.745,0.8061026,0.9806533,0.2330208,0.00383309,-0.9239861,0.3822952,0.009237413,
1,2,4.747,0.8059482,0.9783376,0.2250936,0.004854656,-0.8748096,0.4843637,0.008745634,
1,2,4.749,0.8057938,0.9759757,0.2171663,0.005813853,-0.8144058,0.5802096,0.008141615,
1,2,4.751,0.8056394,0.9735829,0.2092391,0.006698379,-0.7435518,0.6686035,0.007433125,
1,2,4.753,0.8054851,0.9711592,0.2013119,0.007496894,-0.6631586,0.748412,0.006629274,
1,2,4.755,0.8053307,0.9686891,0.1933924,0.008199167,-0.574259,0.8186125,0.005740389,
1,2,4.757,0.8051763,0.9661728,0.185473,0.008796195,-0.4779953,0.8783054,0.00477789,
1,2,4.759,0.8050219,0.9636256,0.1775535,0.009280335,-0.3756036,0.9267264,0.003754138,
1,2,4.761,0.8048676,0.9610321,0.169634,0.009645394,-0.2683985,0.963256,0.002682277,
1,2,4.763,0.8047132,0.9584077,0.1617222,0.009886706,-0.1577557,0.9874274,0.001576064,
1,2,4.765,0.8045588,0.955737,0.1538104,0.0100012,-0.04509505,0.9989326,0.0004496915,
1,2,4.767,0.8044044,0.9530354,0.1458987,0.009987414,0.06813841,0.9976257,-0.0006823907,
1,2,4.769,0.8042501,0.9502875,0.1379869,0.009845555,0.1804924,0.9835255,-0.001805665,
1,2,4.771,0.8040957,0.9474933,0.1300828,0.009577458,0.2905265,0.9568146,-0.002905727,
1,2,4.773,0.8039413,0.9446682,0.1221788,0.009186578,0.3968301,0.9178375,-0.00396848,
1,2,4.775,0.8037869,0.9418123,0.1142747,0.008677948,0.4980409,0.8670958,-0.004980302,
1,2,4.777,0.8036326,0.93891,0.1063745,0.008058107,0.5928622,0.8052418,-0.005928227,
1,2,4.779,0.8034782,0.9359614,0.09847434,0.007335017,0.6800798,0.73307,-0.00680012,
1,2,4.781,0.8033238,0.932982,0.090578,0.006517953,0.7585771,0.6515066,-0.007584817,
1,2,4.783,0.8031694,0.9299562,0.08268167,0.005617407,0.8273494,0.5615986,-0.008272276,
1,2,4.785,0.8030151,0.9268996,0.0747892,0.004644928,0.8855173,0.464499,-0.008853706,
1,2,4.787,0.8028607,0.9237966,0.06689672,0.003612986,0.9323368,0.361453,-0.009321669,
1,2,4.789,0.8027063,0.9206628,0.05900811,0.00253481,0.9672099,0.2537816,-0.009670191,
1,2,4.791,0.8025519,0.9174826,0.05112046,0.001424219,0.9896917,0.142865,-0.009894826,
1,2,4.793,0.8023975,0.9142716,0.04323474,0.0002954436,0.9994962,0.03012411,-0.00999271,
1,2,4.795,0.8022432,0.9110143,0.03535094,-0.0008370576,0.9964997,-0.08299683,-0.009962614,
1,2,4.797,0.8020888,0.907726,0.02746862,-0.001958783,0.9807425,-0.1950492,-0.009804942,
1,2,4.799,0.8019344,0.9043915,0.01958821,-0.00305537,0.9524285,-0.3045983,-0.009521735,
1,2,4.801,0.80178,0.9010107,0.01170996,-0.004112783,0.9119219,-0.4102421,-0.009116637,
1,2,4.803,0.8016257,0.897599,0.003833769,-0.005117492,0.8597432,-0.5106286,-0.008594849,
1,2,4.805,0.8014713,0.8941564,-0.004040501,-0.006056645,0.7965623,-0.6044738,-0.007963073,
1,2,4.807,0.8013169,0.8906675,-0.01191271,-0.00691823,0.7231892,-0.6905774,-0.007229408,
1,2,4.809,0.8011625,0.8871323,-0.01978325,-0.007691232,0.6405647,-0.767839,-0.006403262,
1,2,4.811,0.8010082,0.8835662,-0.0276516,-0.008365775,0.5497476,-0.8352709,-0.005495223,
1,2,4.813,0.8008538,0.8799692,-0.03551759,-0.008933242,0.4519012,-0.8920119,-0.00451692,
1,2,4.815,0.8006994,0.876326,-0.04338208,-0.00938639,0.3482783,-0.9373378,-0.003480879,
1,2,4.817,0.800545,0.8726364,-0.05124465,-0.009719439,0.2402055,-0.9706705,-0.002400366,
1,2,4.819,0.8003907,0.8689159,-0.05910528,-0.009928148,0.1290658,-0.9915856,-0.001289206,
1,2,4.821,0.8002363,0.8651491,-0.06696385,-0.01000987,0.01628099,-0.9998174,-0.0001616177,
1,2,4.823,0.8000819,0.8613515,-0.07482159,-0.009963572,-0.0967062,-0.9952627,0.0009679781,
1,2,4.825,0.7999275,0.8575075,-0.08267547,-0.009789873,-0.208451,-0.9779816,0.002085136,
1,2,4.827,0.7997732,0.8536327,-0.09052742,-0.009491011,-0.3175246,-0.9481972,0.003175575,
1,2,4.829,0.7996188,0.8497115,-0.09837744,-0.009070827,-0.4225333,-0.9062921,0.004225357,
1,2,4.831,0.7994644,0.8457595,-0.1062255,-0.008534713,-0.5221353,-0.8528041,0.005221073,
1,2,4.833,0.79931,0.8417612,-0.1140717,-0.007889538,-0.615058,-0.7884184,0.00615,
1,2,4.835,0.7991557,0.837732,-0.1219159,-0.007143569,-0.700115,-0.7139601,0.007000277,
1,2,4.837,0.7990013,0.8336564,-0.1297582,-0.00630635,-0.7762208,-0.6303819,0.007761052,
1,2,4.839,0.7988469,0.8295346,-0.1376005,-0.005388596,-0.8424042,-0.5387534,0.008422619,
1,2,4.841,0.7986925,0.8253819,-0.145439,-0.004402039,-0.8978215,-0.4402461,0.008976541,
1,2,4.843,0.7985381,0.8211983,-0.1532736,-0.003359298,-0.9417662,-0.3361198,0.009415758,
1,2,4.845,0.7983838,0.8169684,-0.1611082,-0.002273704,-0.9736787,-0.2277057,0.009734677,
1,2,4.847,0.7982294,0.8126922,-0.1689427,-0.001159129,-0.9931535,-0.1163891,0.009929246,
1,2,4.849,0.798075,0.8083851,-0.1767696,-2.980977E-05,-0.9999436,-0.003592033,0.009996998,
1,2,4.851,0.7979206,0.8040471,-0.1845965,0.00109983,-0.9939646,0.1092448,0.009937089,
1,2,4.853,0.7977663,0.7996628,-0.1924233,0.002215366,-0.9752949,0.2206807,0.009750306,
1,2,4.855,0.7976119,0.7952322,-0.2002463,0.003302559,-0.9441748,0.3292932,0.009439054,
1,2,4.857,0.7974575,0.7907708,-0.2080655,0.004347535,-0.9010036,0.4336963,0.009007324,
1,2,4.859,0.7973031,0.7862784,-0.2158846,0.005336962,-0.8463344,0.532558,0.00846065,
1,2,4.861,0.7971488,0.7817398,-0.2237038,0.006258222,-0.7808667,0.6246176,0.007806028,
1,2,4.863,0.7969944,0.7771548,-0.2315191,0.007099569,-0.7054378,0.7087013,0.007051826,
1,2,4.865,0.79684,0.772539,-0.2393305,0.007850282,-0.6210117,0.7837374,0.006207684,
1,2,4.867,0.7966856,0.7678922,-0.2471419,0.008500795,-0.5286673,0.8487701,0.005284388,
1,2,4.869,0.7965313,0.7631992,-0.2549533,0.009042831,-0.4295835,0.9029717,0.00429373,
1,2,4.871,0.7963769,0.7584599,-0.2627648,0.00946949,-0.3250258,0.9456522,0.003248358,
1,2,4.873,0.7962225,0.7536896,-0.2705762,0.009775348,-0.2163282,0.9762694,0.002161614,
1,2,4.875,0.7960681,0.7488886,-0.2783722,0.009956528,-0.104878,0.9944348,0.001047364,
1,2,4.877,0.7959138,0.7440411,-0.2861682,0.01001074,0.007903658,0.9999187,-8.017872E-05,
1,2,4.879,0.7957594,0.7391474,-0.2939641,0.009937314,0.1205783,0.9926534,-0.001206636,
1,2,4.881,0.795605,0.7342228,-0.3017601,0.009737205,0.2317092,0.9727336,-0.002317642,
1,2,4.883,0.7954506,0.7292674,-0.3095561,0.009412985,0.3398803,0.9404154,-0.003399043,
1,2,4.885,0.7952963,0.7242656,-0.3173521,0.008968809,0.4437135,0.8961129,-0.00443706,
1,2,4.887,0.7951419,0.7192175,-0.3251481,0.008410353,0.5418862,0.8403924,-0.005418471,
1,2,4.889,0.7949875,0.7141385,-0.3329287,0.00774476,0.6331482,0.773966,-0.00633078,
1,2,4.891,0.7948331,0.7090287,-0.3407092,0.006980523,0.7163381,0.6976817,-0.007162374,
1,2,4.893,0.7946787,0.7038725,-0.3484898,0.006127396,0.7903971,0.6125132,-0.007902673,
1,2,4.895,0.7945244,0.69867,-0.3562703,0.005196264,0.8543833,0.5195471,-0.00854226,
1,2,4.897,0.79437,0.6934367,-0.3640509,0.004198998,0.9074836,0.4199686,-0.009073008,
1,2,4.899,0.7942156,0.6881725,-0.3718314,0.003148311,0.9490234,0.3150471,-0.009488173,
1,2,4.901,0.7940612,0.6828619,-0.379612,0.002057592,0.9784757,0.2061195,-0.009782488,
1,2,4.903,0.7939069,0.6775051,-0.3873771,0.0009407357,0.9954677,0.09457376,-0.009952229,
1,2,4.905,0.7937525,0.6721174,-0.3951422,-0.0001880359,0.9997849,-0.01816984,-0.009995255,
1,2,4.907,0.7935981,0.6666988,-0.4029073,-0.001314349,0.9913748,-0.1306758,-0.009911039,
1,2,4.909,0.7934437,0.6612338,-0.4106724,-0.00242387,0.9703463,-0.2415121,-0.009700675,
1,2,4.911,0.7932894,0.6557226,-0.4184375,-0.003502479,0.9369693,-0.3492685,-0.009366862,
1,2,4.913,0.793135,0.6501805,-0.4262027,-0.004536457,0.8916708,-0.4525741,-0.008913868,
1,2,4.915,0.7929806,0.6446075,-0.4339601,-0.005512654,0.8350289,-0.5501152,-0.008347481,
1,2,4.917,0.7928262,0.6389883,-0.4417097,-0.00641866,0.7677664,-0.6406519,-0.007674924,
1,2,4.919,0.7926719,0.6333227,-0.4494594,-0.007242961,0.6907407,-0.7230334,-0.006904771,
1,2,4.921,0.7925175,0.6276262,-0.4572091,-0.007975082,0.6049334,-0.7962132,-0.006046835,
1,2,4.923,0.7923631,0.6218988,-0.4649588,-0.008605733,0.5114374,-0.8592623,-0.005112045,
1,2,4.925,0.7922087,0.6161252,-0.4727084,-0.009126908,0.4114428,-0.9113806,-0.0041123,
1,2,4.927,0.7920544,0.6103052,-0.4804581,-0.009532003,0.3062223,-0.9519075,-0.003060323,
1,2,4.929,0.7919,0.6044543,-0.4882001,-0.009815884,0.1971147,-0.9803294,-0.0019695,
1,2,4.931,0.7917456,0.5985726,-0.4959343,-0.009974964,0.08550756,-0.9962873,-0.0008537051,
1,2,4.933,0.7915912,0.5926446,-0.5036759,-0.01000724,-0.02717997,-0.9995805,0.0002728755,
1,2,4.935,0.7914369,0.5866857,-0.5114101,-0.009912333,-0.1395155,-0.9901693,0.001395921,
1,2,4.937,0.7912825,0.5806804,-0.5191289,-0.009691465,-0.2500716,-0.9681756,0.002501161,
1,2,4.939,0.7911281,0.5746443,-0.5268477,-0.009347463,-0.3574438,-0.933881,0.003574553,
1,2,4.941,0.7909737,0.5685619,-0.5345665,-0.00888472,-0.4602684,-0.8877234,0.004602466,
1,2,4.943,0.7908193,0.5624486,-0.5422853,-0.008309139,-0.5572398,-0.8302914,0.005571851,
1,2,4.945,0.790665,0.556289,-0.5500041,-0.007628047,-0.6471274,-0.7623162,0.006470403,
1,2,4.947,0.7905106,0.5500985,-0.5577229,-0.006850114,-0.7287909,-0.6846634,0.007286723,
1,2,4.949,0.7903562,0.5438617,-0.5654417,-0.005985237,-0.8011946,-0.5983204,0.00801046,
1,2,4.951,0.7902018,0.5375941,-0.5731605,-0.005044414,-0.8634207,-0.5043854,0.00863244,
1,2,4.953,0.7900475,0.5312801,-0.5808793,-0.004039603,-0.9146813,-0.4040523,0.009144787,
1,2,4.955,0.7898931,0.5249352,-0.5885981,-0.00298357,-0.9543273,-0.2985958,0.009541012,
1,2,4.957,0.7897387,0.5185595,-0.5963169,-0.00188973,-0.9818577,-0.1893556,0.009816111,
1,2,4.959,0.7895843,0.5121375,-0.6040357,-0.0007719725,-0.9969252,-0.07771883,0.00996661,
1,2,4.961,0.78943,0.5056691,-0.6117391,0.0003555143,-0.9993409,0.03489751,0.009990625,
1,2,4.963,0.7892756,0.4991699,-0.619427,0.001478424,-0.9890764,0.1470644,0.009887873,
1,2,4.965,0.7891212,0.4926321,-0.627115,0.002582508,-0.9662642,0.2573588,0.009659683,
1,2,4.967,0.7889668,0.4860556,-0.6348029,0.003653764,-0.931196,0.3643816,0.009308968,
1,2,4.969,0.7888125,0.4794406,-0.6424908,0.004678611,-0.884319,0.4667762,0.008840202,
1,2,4.971,0.7886581,0.472787,-0.6501787,0.00564406,-0.8262296,0.5632448,0.008259354,
1,2,4.973,0.7885037,0.4660948,-0.6578667,0.006537879,-0.7576665,0.6525652,0.007573805,
1,2,4.975,0.7883493,0.4593717,-0.6655546,0.007348748,-0.6795013,0.7336061,0.006792271,
1,2,4.977,0.788195,0.4526024,-0.6732425,0.008066405,-0.5927264,0.8053417,0.005924675,
1,2,4.979,0.7880406,0.4458021,-0.6809304,0.008681768,-0.4984436,0.8668644,0.004982033,
1,2,4.981,0.7878862,0.4389555,-0.6886184,0.009187056,-0.3978489,0.9173964,0.003976306,
1,2,4.983,0.7877318,0.4320781,-0.6963063,0.009575887,-0.2922187,0.9562992,0.002920251,
1,2,4.985,0.7875775,0.4251543,-0.7039942,0.009843354,-0.1828922,0.983082,0.001827258,
1,2,4.987,0.7874231,0.4181997,-0.7116513,0.009986096,-0.07125535,0.9974079,0.0007111838,
1,2,4.989,0.7872687,0.4112064,-0.7193083,0.01000232,0.04127719,0.9990976,-0.0004138293,
1,2,4.991,0.7871143,0.4041746,-0.7269654,0.009891851,0.1532799,0.9881321,-0.001533529,
1,2,4.993,0.7869599,0.3971042,-0.7346224,0.009656109,0.2633348,0.9646526,-0.002633741,
1,2,4.995,0.7868056,0.3899952,-0.7422795,0.009298103,0.3700481,0.9289587,-0.003700531,
1,2,4.997,0.7866512,0.3828553,-0.7499365,0.008822386,0.4720691,0.8815048,-0.004720398,
1,2,4.999,0.7864968,0.3756691,-0.7575936,0.008235004,0.5681072,0.8228937,-0.005680438,
1,2,5.001,0.7863424,0.368452,-0.7652506,0.007543417,0.6569478,0.7538698,-0.00656851,
1,2,5.003,0.7861881,0.3611886,-0.7729077,0.006756396,0.7374677,0.6753084,-0.007373389,
1,2,5.005,0.7860337,0.3538943,-0.7805647,0.005883917,0.8086495,0.5882057,-0.008084902,
1,2,5.007,0.7858793,0.3465537,-0.7882218,0.004937042,0.8695944,0.4936655,-0.008694066,
1,2,5.009,0.7857249,0.3391823,-0.7958788,0.003927764,0.9195331,0.3928855,-0.009193191,
1,2,5.011,0.7855706,0.3317722,-0.803505,0.002868862,0.957836,0.2871417,-0.009575986,
1,2,5.013,0.7854162,0.3243236,-0.8111312,0.00177374,0.9840208,0.1777726,-0.009837631,
1,2,5.015,0.7852618,0.3168364,-0.8187574,0.0006562544,0.9977589,0.06616213,-0.00997484,
1,2,5.017,0.7851074,0.3093105,-0.8263835,-0.0004694598,0.9988786,-0.04627797,-0.0099859,
1,2,5.019,0.7849531,0.3017538,-0.8340097,-0.001589165,0.9873684,-0.1581256,-0.009870697,
1,2,5.021,0.7847987,0.2941508,-0.8416359,-0.002688707,0.9633763,-0.267967,-0.009630713,
1,2,5.023,0.7846443,0.2865169,-0.8492621,-0.00375419,0.9272077,-0.374414,-0.009269002,
1,2,5.025,0.7844899,0.2788367,-0.8568882,-0.004772156,0.8793225,-0.4761218,-0.008790164,
1,2,5.027,0.7843356,0.2711256,-0.8645144,-0.005729741,0.8203281,-0.5718058,-0.008200275,
1,2,5.029,0.7841812,0.2633759,-0.8721406,-0.006614864,0.750972,-0.6602582,-0.007506807,
1,2,5.031,0.7840268,0.2555877,-0.8797668,-0.007416357,0.6721326,-0.7403633,-0.006718546,
1,2,5.033,0.7838724,0.247763,-0.8873775,-0.008124111,0.5848075,-0.8111105,-0.005845463,
1,2,5.035,0.783718,0.2399014,-0.8949728,-0.008729205,0.4901014,-0.871608,-0.004898604,
1,2,5.037,0.7835637,0.2320012,-0.9025681,-0.009224016,0.389212,-0.9210938,-0.003889943,
1,2,5.039,0.7834093,0.2240624,-0.9101634,-0.009602319,0.2834143,-0.9589453,-0.002832229,
1,2,5.041,0.7832549,0.216085,-0.9177587,-0.00985936,0.1740453,-0.9846867,-0.001738825,
1,2,5.043,0.7831005,0.2080729,-0.925354,-0.009991916,0.06248635,-0.9979957,-0.000623544,
1,2,5.045,0.7829462,0.2000222,-0.9329493,-0.009998341,-0.04985403,-0.9987063,0.0004995338,
1,2,5.047,0.7827918,0.1919329,-0.9405446,-0.009878576,-0.1615577,-0.9868125,0.001616232,
1,2,5.049,0.7826374,0.183805,-0.9481399,-0.00963416,-0.2712153,-0.9624667,0.00271246,
1,2,5.051,0.782483,0.1756424,-0.9557352,-0.009268203,-0.3774436,-0.9259786,0.003774389,
1,2,5.053,0.7823287,0.1674412,-0.9633305,-0.008785343,-0.4789029,-0.8778109,0.004788629,
1,2,5.055,0.7821743,0.1592013,-0.9709258,-0.008191697,-0.5743145,-0.8185737,0.005742396,
1,2,5.057,0.7820199,0.1509268,-0.9784902,-0.007494776,-0.6624761,-0.7490163,0.006623673,
1,2,5.059,0.7818655,0.1426136,-0.9860547,-0.006703385,-0.7422776,-0.670018,0.007421362,
1,2,5.061,0.7817112,0.1342619,-0.9936191,-0.005827522,-0.8127143,-0.5825766,0.008125423,
1,2,5.063,0.7815568,0.1258716,-1.001188,-0.004878249,-0.8729002,-0.4877965,0.008726996,
1,2,5.065,0.7814024,0.1174449,-1.008784,-0.003867549,-0.9220785,-0.3868738,0.00921852,
1,2,5.067,0.781248,0.1089832,-1.016348,-0.00280817,-0.9596317,-0.2810821,0.00959382,
1,2,5.069,0.7810937,0.1004829,-1.023882,-0.001713476,-0.985089,-0.1717554,0.009848193,
1,2,5.071,0.7809393,0.09194396,-1.031415,-0.0005972645,-0.9981319,-0.06027184,0.009978455,
1,2,5.073,0.7807849,0.0833703,-1.038949,0.000526395,-0.998599,0.05196341,0.009982995,
1,2,5.075,0.7806305,0.07475805,-1.046482,0.001643346,-0.9864866,0.1635365,0.009861778,
1,2,5.077,0.7804762,0.0661072,-1.054016,0.002739523,-0.9619501,0.2730422,0.00961636,
1,2,5.079,0.7803218,0.05742049,-1.061549,0.003801122,-0.925301,0.3791015,0.009249854,
1,2,5.081,0.7801674,0.04869631,-1.069083,0.004814787,-0.8770034,0.4803802,0.008766904,CourtEnter
1,2,5.083,0.780013,0.03993547,-1.076617,0.005767764,-0.8176674,0.575604,0.008173612,
1,2,5.085,0.7798585,0.03739109,-1.084213,0.006633947,-0.7495802,0.6618379,0.007490395,
1,2,5.087,0.7797041,0.04414311,-1.09187,0.007403197,-0.6740931,0.7385787,0.006734994,
1,2,5.089,0.7795497,0.05085364,-1.099527,0.008086617,-0.5907993,0.8067565,0.005901599,
1,2,5.091,0.7793953,0.05752172,-1.107184,0.008676302,-0.5006656,0.8655829,0.004999877,CourtExit
1,2,5.093,0.779241,0.0641488,-1.114841,0.009165439,-0.4047375,0.9143781,0.00404029,
1,2,5.095,0.7790866,0.07073487,-1.122498,0.009548377,-0.304127,0.9525788,0.003033962,
1,2,5.097,0.7789322,0.07727848,-1.130155,0.009820704,-0.2000002,0.9797446,0.001992556,
1,2,5.099,0.7787778,0.08378157,-1.137812,0.00997929,-0.09356354,0.995563,0.0009281408,
1,2,5.101,0.7786235,0.09024221,-1.145469,0.01002231,0.01395023,0.9998525,-0.0001469564,
1,2,5.103,0.7784691,0.09666232,-1.153126,0.009949297,0.1212961,0.9925658,-0.001220287,
1,2,5.105,0.7783147,0.10304,-1.160783,0.00976111,0.2272313,0.9737893,-0.002279425,
1,2,5.107,0.7781603,0.1093752,-1.16844,0.009459949,0.33053,0.9437423,-0.003312115,
1,2,5.109,0.778006,0.1156699,-1.176097,0.009049322,0.4299974,0.9027746,-0.00430641,
1,2,5.111,0.7778516,0.121924,-1.183754,0.008533996,0.5244827,0.8513621,-0.00525081,
1,2,5.113,0.7776972,0.1281338,-1.191411,0.007919959,0.6128937,0.7901019,-0.006134398,
1,2,5.115,0.7775428,0.134305,-1.199068,0.007214325,0.6942086,0.7197042,-0.006946961,
1,2,5.117,0.7773885,0.1404337,-1.206725,0.006425277,0.7674881,0.6409851,-0.007679113,
1,2,5.119,0.7772341,0.14652,-1.214383,0.005561953,0.8318862,0.5548561,-0.008322401,
1,2,5.121,0.7770797,0.1525677,-1.221978,0.004634351,0.8866593,0.462315,-0.0088694,
1,2,5.123,0.7769253,0.1585729,-1.229573,0.003653211,0.9311759,0.364433,-0.009313799,
1,2,5.125,0.7767709,0.1645357,-1.237168,0.002629886,0.964923,0.2623428,-0.009650479,
1,2,5.127,0.7766166,0.1704599,-1.244764,0.001576216,0.9875122,0.1572253,-0.009875565,
1,2,5.129,0.7764622,0.1763416,-1.252359,0.0005043851,0.9986843,0.05029643,-0.009986475,
1,2,5.131,0.7763078,0.1821809,-1.259954,-0.0005732155,0.9983123,-0.0572077,-0.009981948,
1,2,5.133,0.7761534,0.1879815,-1.26755,-0.001644131,0.9864023,-0.1640446,-0.009862054,
1,2,5.135,0.7759991,0.1937398,-1.275145,-0.002695986,0.9630941,-0.2689795,-0.009628203,
1,2,5.137,0.7758447,0.1994555,-1.28274,-0.003716627,0.9286588,-0.3708005,-0.009283112,
1,2,5.139,0.7756903,0.2051327,-1.290336,-0.00469427,0.8834963,-0.4683314,-0.008830789,
1,2,5.141,0.7755359,0.2107674,-1.297931,-0.005617626,0.8281304,-0.5604464,-0.00827648,
1,2,5.143,0.7753816,0.2163597,-1.305526,-0.006476041,0.7632022,-0.6460823,-0.007626602,
1,2,5.145,0.7752272,0.2219134,-1.313121,-0.007259615,0.6894631,-0.7242517,-0.00688868,
1,2,5.147,0.7750728,0.2274246,-1.320717,-0.007959311,0.6077662,-0.794053,-0.006071248,
1,2,5.149,0.7749184,0.2328934,-1.328312,-0.008567062,0.519056,-0.8546816,-0.00518376,
1,2,5.151,0.7747641,0.2383236,-1.335907,-0.009075867,0.4243581,-0.905439,-0.004236472,
1,2,5.153,0.7746097,0.2437113,-1.343503,-0.009479872,0.3247665,-0.9457412,-0.003240332,
1,2,5.155,0.7744553,0.2490565,-1.351098,-0.009774429,0.2214318,-0.9751244,-0.002206844,
1,2,5.157,0.7743009,0.2543607,-1.358693,-0.009956154,0.1155471,-0.9932514,-0.001147943,
1,2,5.159,0.7741466,0.259625,-1.366289,-0.01002297,0.008334833,-0.9999151,-7.585307E-05,
1,2,5.161,0.7739922,0.2648506,-1.373884,-0.009974133,-0.09896778,-0.9950402,0.0009970517,
1,2,5.163,0.7738378,0.2700299,-1.381479,-0.009810215,-0.2051225,-0.978685,0.002058394,
1,2,5.165,0.7736834,0.2751706,-1.389074,-0.009533131,-0.3089051,-0.9510401,0.00309593,
1,2,5.167,0.7735291,0.2802728,-1.39667,-0.009146095,-0.4091187,-0.9124262,0.004097695,
1,2,5.169,0.7733747,0.2853286,-1.404265,-0.00865359,-0.504608,-0.8632905,0.005052143,
1,2,5.171,0.7732203,0.2903458,-1.41186,-0.008061311,-0.5942726,-0.8042013,0.005948273,
1,2,5.173,0.7730659,0.2953244,-1.419456,-0.007376107,-0.6770795,-0.7358418,0.006775761,
1,2,5.175,0.7729115,0.3002567,-1.427051,-0.006605893,-0.752075,-0.6590016,0.007525076,
1,2,5.177,0.7727572,0.3051504,-1.434646,-0.00575956,-0.8183958,-0.5745679,0.008187595,
1,2,5.179,0.7726028,0.3100056,-1.442242,-0.004846878,-0.8752788,-0.4835152,0.008755691,
1,2,5.181,0.7724484,0.3148144,-1.449837,-0.00387838,-0.9220698,-0.3868944,0.009222837,
1,2,5.183,0.772294,0.3195846,-1.457432,-0.002865236,-0.9582312,-0.2858198,0.00958366,
1,2,5.185,0.7721397,0.3243162,-1.465027,-0.001819128,-0.9833481,-0.1814569,0.009834022,
1,2,5.187,0.7719853,0.3290015,-1.472623,-0.0007521155,-0.9971328,-0.07500868,0.009971057,
1,2,5.189,0.7718309,0.3336483,-1.480218,0.0003235051,-0.9994283,0.03229802,0.009993203,
1,2,5.191,0.7716765,0.3382564,-1.487813,0.00139534,-0.9902101,0.1392268,0.009900223,
1,2,5.193,0.7715222,0.3428259,-1.495409,0.002451046,-0.9695861,0.2445462,0.009693208,
1,2,5.195,0.7713678,0.3473569,-1.503004,0.003478465,-0.9377959,0.3470433,0.009374562,
1,2,5.197,0.7712134,0.3518415,-1.510599,0.00446577,-0.895207,0.4455384,0.008947968,
1,2,5.199,0.771059,0.3562875,-1.518164,0.005401598,-0.8423119,0.5388977,0.008418358,
1,2,5.201,0.7709047,0.3606949,-1.525697,0.006275181,-0.779721,0.6260472,0.007791845,
1,2,5.203,0.7707503,0.3650561,-1.533231,0.007076473,-0.7081567,0.7059845,0.007075659,
1,2,5.205,0.7705959,0.3693786,-1.540764,0.007796261,-0.6284438,0.7777905,0.006278058,
1,2,5.207,0.7704415,0.3736625,-1.548298,0.008426275,-0.5415015,0.8406402,0.005408236,
1,2,5.209,0.7702872,0.3779002,-1.555831,0.008959275,-0.4483312,0.8938114,0.004476214,
1,2,5.211,0.7701328,0.3820992,-1.563365,0.009389143,-0.3500064,0.9366937,0.003492728,
1,2,5.213,0.7699784,0.3862596,-1.570899,0.009710947,-0.2476592,0.9687954,0.002469102,
1,2,5.215,0.769824,0.3903737,-1.578432,0.009921006,-0.1424678,0.9897487,0.001417121,
1,2,5.217,0.7696697,0.394457,-1.585966,0.01001692,-0.03564277,0.9993144,0.0003488911,
1,2,5.219,0.7695153,0.3984939,-1.593499,0.009997593,0.07158682,0.997384,-0.0007232965,
1,2,5.221,0.7693609,0.4024923,-1.601033,0.009863278,0.1779875,0.9839817,-0.00178711,
1,2,5.223,0.7692065,0.406452,-1.608566,0.009615531,0.2823357,0.9592634,-0.002830314,
1,2,5.225,0.7690521,0.4103654,-1.6161,0.009257221,0.3834319,0.9235148,-0.003840916,
1,2,5.227,0.7688978,0.4142403,-1.623633,0.008792483,0.4801139,0.8771489,-0.004807302,
1,2,5.229,0.7687434,0.4180765,-1.631167,0.008226677,0.5712708,0.8207005,-0.005718366,
1,2,5.231,0.768589,0.4218664,-1.6387,0.007566325,0.6558555,0.75482,-0.006563643,
1,2,5.233,0.7684346,0.4256178,-1.646234,0.006819027,0.7328969,0.6802661,-0.007333427,
1,2,5.235,0.7682803,0.4293305,-1.653768,0.005993392,0.8015105,0.597897,-0.008018881,
1,2,5.237,0.7681259,0.4330047,-1.661301,0.005098921,0.8609089,0.5086607,-0.008612141,
1,2,5.239,0.7679715,0.4366402,-1.668835,0.004145899,0.9104112,0.4135835,-0.009106406,
1,2,5.241,0.7678171,0.4402295,-1.676368,0.003145284,0.9494501,0.3137587,-0.009496009,
1,2,5.243,0.7676628,0.4437801,-1.683902,0.002108582,0.9775785,0.210334,-0.009776491,
1,2,5.245,0.7675084,0.4472922,-1.691435,0.001047708,0.9944748,0.1044981,-0.009944644,
1,2,5.247,0.767354,0.4507579,-1.698969,-2.514769E-05,0.9999468,-0.002532914,-0.009998554,
1,2,5.249,0.7671996,0.4541851,-1.706502,-0.00109766,0.9939333,-0.1095295,-0.009937622,
1,2,5.251,0.7670453,0.4575736,-1.714036,-0.002157513,0.9765049,-0.2152629,-0.009762558,
1,2,5.253,0.7668909,0.4609236,-1.72157,-0.003192538,0.9478638,-0.3185191,-0.009475397,
1,2,5.255,0.7667365,0.4642349,-1.729103,-0.004190854,0.9083401,-0.4181127,-0.009079447,
1,2,5.257,0.7665821,0.4675,-1.736637,-0.005141004,0.8583895,-0.512901,-0.008579273,
1,2,5.259,0.7664278,0.4707265,-1.74417,-0.006032088,0.7985869,-0.6017964,-0.007980633,
1,2,5.261,0.7662734,0.4739143,-1.751704,-0.006853885,0.7296202,-0.6837794,-0.007290412,
1,2,5.263,0.766119,0.4770559,-1.759237,-0.007596973,0.6522824,-0.75791,-0.006516547,
1,2,5.265,0.7659646,0.4801588,-1.766771,-0.008252837,0.5674621,-0.8233387,-0.005667931,
1,2,5.267,0.7658103,0.4832232,-1.774304,-0.008813961,0.4761339,-0.8793158,-0.004754314,
1,2,5.269,0.7656559,0.486249,-1.781838,-0.00927392,0.3793468,-0.9252003,-0.00378619,
1,2,5.271,0.7655015,0.4892361,-1.789371,-0.009627454,0.2782119,-0.9604675,-0.002774672,
1,2,5.273,0.7653471,0.492177,-1.796905,-0.009870521,0.1738904,-0.984714,-0.001731372,
1,2,5.275,0.7651927,0.4950793,-1.804439,-0.01000035,0.06757911,-0.9976636,-0.0006682617,
1,2,5.277,0.7650384,0.497943,-1.811972,-0.01001547,-0.03950227,-0.9991692,0.0004024616,
1,2,5.279,0.764884,0.5007603,-1.819506,-0.009915717,-0.1461254,-0.9892154,0.001468518,
1,2,5.281,0.7647296,0.5035391,-1.827039,-0.00970226,-0.2510677,-0.9679177,0.002517681,
1,2,5.283,0.7645752,0.5062715,-1.834511,-0.009377556,-0.3531263,-0.935522,0.003537923,
1,2,5.285,0.7644209,0.5089731,-1.841983,-0.008945347,-0.4511311,-0.8924015,0.004517551,
1,2,5.287,0.7642665,0.5116438,-1.849455,-0.008410604,-0.5439593,-0.8390518,0.005445339,
1,2,5.289,0.7641121,0.5142682,-1.856926,-0.007779472,-0.6305473,-0.7760862,0.006310659,
1,2,5.291,0.7639577,0.5168463,-1.864398,-0.007059197,-0.7099036,-0.7042277,0.007103601,
1,2,5.293,0.7638034,0.5193935,-1.87187,-0.006258047,-0.7811197,-0.6243011,0.007815087,
1,2,5.295,0.763649,0.5218944,-1.879342,-0.005385212,-0.8433807,-0.5372232,0.008436979,
1,2,5.297,0.7634946,0.524349,-1.886814,-0.004450711,-0.8959743,-0.4439933,0.008962157,
1,2,5.299,0.7633402,0.5267727,-1.894285,-0.003465256,-0.9382991,-0.3456803,0.009384619,
1,2,5.301,0.7631859,0.5291501,-1.901757,-0.002440145,-0.9698715,-0.2434116,0.00969954,
1,2,5.303,0.7630315,0.5314811,-1.909229,-0.00138713,-0.9903316,-0.1383592,0.009903328,
1,2,5.305,0.7628771,0.5337813,-1.916701,-0.0003182742,-0.9994466,-0.03172676,0.009993664,
1,2,5.307,0.7627227,0.5360352,-1.924173,0.0007541748,-0.9971135,0.07526397,0.009969527,
1,2,5.309,0.7625684,0.5382583,-1.931644,0.001817938,-0.9833609,0.1813878,0.009831215,
1,2,5.311,0.762414,0.540435,-1.939116,0.002860835,-0.9583476,0.2854295,0.009580323,
1,2,5.313,0.7622596,0.5425808,-1.946588,0.003870924,-0.9223617,0.3861979,0.009219742,
1,2,5.315,0.7621052,0.5446803,-1.95406,0.004836645,-0.8758169,0.4825398,0.008753617,
1,2,5.317,0.7619509,0.5467335,-1.961532,0.00574695,-0.8192475,0.5733529,0.008187299,
1,2,5.319,0.7617965,0.5487558,-1.969003,0.006591421,-0.7533027,0.6575979,0.007527284,
1,2,5.321,0.7616421,0.5507318,-1.976475,0.007360405,-0.6787385,0.7343119,0.006781143,
1,2,5.323,0.7614877,0.5526615,-1.983947,0.008045111,-0.5964094,0.802618,0.005957425,
1,2,5.325,0.7613333,0.5545604,-1.991419,0.008637717,-0.5072588,0.8617356,0.005065568,
1,2,5.327,0.761179,0.5564129,-1.998891,0.009131453,-0.4123076,0.9109897,0.004115787,
1,2,5.329,0.7610246,0.5582345,-2.00631,0.009520684,-0.3126432,0.9498179,0.003118958,
1,2,5.331,0.7608702,0.5600098,-2.01372,0.009800971,-0.2094063,0.9777774,0.002086492,
1,2,5.333,0.7607158,0.5617543,-2.02113,0.009969125,-0.1037787,0.99455,0.001030203,
1,2,5.335,0.7605615,0.5634524,-2.02854,0.01002323,0.00303125,0.9999452,-3.781984E-05,
1,2,5.337,0.7604071,0.5651042,-2.03595,0.009962696,0.1098015,0.993903,-0.001105361,
1,2,5.339,0.7602527,0.5667252,-2.04336,0.009788219,0.2153112,0.9764941,-0.002160211,
1,2,5.341,0.7600983,0.5682998,-2.05077,0.009501816,0.3183539,0.947919,-0.003190309,
1,2,5.343,0.759944,0.5698282,-2.05818,0.009106775,0.4177515,0.908506,-0.004183878,
1,2,5.345,0.7597896,0.5713256,-2.06559,0.008607629,0.5123683,0.8587074,-0.005129566,
1,2,5.347,0.7596352,0.5727922,-2.073,0.008010098,0.601123,0.7990938,-0.006016565,
1,2,5.349,0.7594808,0.5742124,-2.08041,0.007321026,0.6830019,0.730348,-0.006834746,
1,2,5.351,0.7593265,0.5755864,-2.08782,0.006548302,0.7570701,0.653257,-0.007574763,
1,2,5.353,0.7591721,0.5769295,-2.09523,0.005700769,0.8224819,0.5687031,-0.008228171,
1,2,5.355,0.7590177,0.5782262,-2.10264,0.004788124,0.8784913,0.4776535,-0.008787514,
1,2,5.357,0.7588633,0.5794767,-2.11005,0.003820804,0.9244592,0.3811498,-0.009246414,
1,2,5.359,0.758709,0.5806962,-2.11746,0.002809867,0.9598618,0.2802952,-0.009599639,
1,2,5.361,0.7585546,0.5818695,-2.124871,0.001766874,0.984296,0.1762427,-0.00984317,
1,2,5.363,0.7584002,0.5830119,-2.132281,0.0007037418,0.9974841,0.07018138,-0.009974237,
1,2,5.365,0.7582458,0.5841079,-2.139691,-0.0003673811,0.9992772,-0.03667678,-0.009991357,
1,2,5.367,0.7580914,0.5851731,-2.147101,-0.001434259,0.9896562,-0.1431111,-0.009894356,
1,2,5.369,0.7579371,0.586192,-2.154511,-0.002484706,0.9687325,-0.2479061,-0.009684352,
1,2,5.371,0.7577827,0.5871646,-2.161921,-0.003506733,0.9367466,-0.3498655,-0.009363759,
1,2,5.373,0.7576283,0.5881063,-2.169331,-0.00448867,0.8940654,-0.447825,-0.008936255,
1,2,5.375,0.7574739,0.5890017,-2.176741,-0.005419311,0.8411775,-0.5406668,-0.008406735,
1,2,5.377,0.7573196,0.5898507,-2.184151,-0.006288038,0.7786881,-0.6273316,-0.007781259,
1,2,5.379,0.7571652,0.5906689,-2.191561,-0.007084941,0.7073119,-0.7068309,-0.00706698,
1,2,5.381,0.7570108,0.5914562,-2.198971,-0.007800933,0.6278648,-0.7782581,-0.006272062,
1,2,5.383,0.7568564,0.5921972,-2.206381,-0.008427855,0.5412547,-0.8407992,-0.005405591,
1,2,5.385,0.7567021,0.5928919,-2.213791,-0.00895856,0.4484712,-0.8937413,-0.004477465,
1,2,5.387,0.7565477,0.5935557,-2.221201,-0.009387007,0.350574,-0.9364815,-0.003498283,
1,2,5.389,0.7563933,0.5941733,-2.228611,-0.009708319,0.2486807,-0.9685338,-0.002479227,
1,2,5.391,0.7562389,0.5947444,-2.236021,-0.009918846,0.1439545,-0.9895336,-0.001431929,
1,2,5.393,0.7560846,0.5952848,-2.243431,-0.0100162,0.03759057,-0.999243,-0.0003683426,
1,2,5.395,0.7559302,0.5957788,-2.250841,-0.009999286,-0.0691973,-0.9975527,0.000699394,
1,2,5.397,0.7557758,0.5962419,-2.258251,-0.009868312,-0.1751912,-0.9844835,0.001759105,
1,2,5.399,0.7556214,0.5966587,-2.265661,-0.009624786,-0.2791823,-0.9601858,0.002798705,
1,2,5.401,0.7554671,0.5970446,-2.273072,-0.009271502,-0.3799848,-0.9249384,0.003806339,
1,2,5.403,0.7553127,0.5973843,-2.280482,-0.008812502,-0.4764495,-0.8791448,0.00477052,
1,2,5.405,0.7551583,0.5976776,-2.287892,-0.008253031,-0.567477,-0.8233283,0.00568026,
1,2,5.407,0.7550039,0.59794,-2.295302,-0.007599487,-0.6520303,-0.7581267,0.006525196,
1,2,5.409,0.7548496,0.5981562,-2.302712,-0.006859331,-0.729146,-0.6842849,0.007295698,
1,2,5.411,0.7546952,0.5983414,-2.310122,-0.006041015,-0.7979461,-0.6026456,0.007982997,
1,2,5.413,0.7545408,0.5984803,-2.317532,-0.005153874,-0.8576477,-0.5141404,0.008579269,
1,2,5.415,0.7543864,0.5985884,-2.324942,-0.00420803,-0.9075711,-0.4197792,0.009077727,
1,2,5.417,0.754232,0.5986502,-2.332352,-0.00321427,-0.947149,-0.3206379,0.009472708,
1,2,5.419,0.7540777,0.5986656,-2.339762,-0.002183924,-0.9759317,-0.2178471,0.009759721,
1,2,5.421,0.7539233,0.5986502,-2.347172,-0.001128737,-0.9935925,-0.1125784,0.009935511,
1,2,5.423,0.7537689,0.5985884,-2.354582,-6.073305E-05,-0.9999319,-0.006031166,0.009998091,
1,2,5.425,0.7536145,0.5984958,-2.361992,0.001007916,-0.9948788,0.1005801,0.009946761,
1,2,5.427,0.7534602,0.5983568,-2.369402,0.002065034,-0.9784924,0.2060407,0.009782121,
1,2,5.429,0.7533058,0.598187,-2.376812,0.003098582,-0.9509608,0.3091497,0.009506061,
1,2,5.431,0.7531514,0.5979709,-2.384222,0.004096792,-0.9125993,0.4087329,0.009121742,
1,2,5.433,0.752997,0.5977085,-2.391632,0.0050483,-0.863846,0.5036567,0.008633552,
1,2,5.435,0.7528427,0.5974151,-2.399042,0.005942276,-0.8052577,0.5928407,0.00804707,
1,2,5.437,0.7526883,0.5970755,-2.406452,0.00676855,-0.7375026,0.6752702,0.007368984,
1,2,5.439,0.7525339,0.596705,-2.413862,0.00751772,-0.6613535,0.7500076,0.006607026,
1,2,5.441,0.7523795,0.5962882,-2.421273,0.008181269,-0.5776785,0.816203,0.005769885,
1,2,5.443,0.7522252,0.5958405,-2.428683,0.008751656,-0.4874311,0.873104,0.004867099,
1,2,5.445,0.7520708,0.5953465,-2.436093,0.009222399,-0.3916394,0.9200643,0.003908953,
1,2,5.447,0.7519164,0.5948062,-2.443503,0.009588155,-0.2913946,0.9565505,0.002906361,
1,2,5.449,0.751762,0.594235,-2.450913,0.009844774,-0.1878381,0.9821489,0.001870739,
1,2,5.451,0.7516077,0.5936175,-2.458323,0.009989352,-0.08214861,0.9965697,0.0008138755,
1,2,5.453,0.7514533,0.5929691,-2.465733,0.01002026,0.02447105,0.9996503,-0.0002522018,
1,2,5.455,0.7512989,0.5922744,-2.473143,0.009937158,0.1308076,0.9913571,-0.001315362,
1,2,5.457,0.7511445,0.5915489,-2.480553,0.009741009,0.2356513,0.971786,-0.00236351,
1,2,5.459,0.7509902,0.590777,-2.487963,0.009434058,0.3378098,0.9411611,-0.003384724,
1,2,5.461,0.7508358,0.5899588,-2.495373,0.009019814,0.4361214,0.8998321,-0.004367393,
1,2,5.463,0.7506814,0.5891097,-2.502783,0.008502998,0.5294684,0.8482705,-0.005300346,
1,2,5.465,0.750527,0.5882298,-2.510193,0.007889505,0.6167898,0.7870643,-0.006172976,
1,2,5.467,0.7503726,0.5873035,-2.517603,0.00718632,0.6970935,0.7169104,-0.00697537,
1,2,5.469,0.7502183,0.586331,-2.525013,0.006401452,0.7694672,0.6386078,-0.007698413,
1,2,5.471,0.7500639,0.5853275,-2.532423,0.005543839,0.8330894,0.553048,-0.008333897,
1,2,5.473,0.7499095,0.5842777,-2.539833,0.004623237,0.8872374,0.4612045,-0.008874604,
1,2,5.475,0.7497551,0.5831817,-2.547243,0.00365012,0.9312974,0.3641223,-0.009314404,
1,2,5.477,0.7496008,0.5820547,-2.554653,0.002635554,0.9647698,0.2629055,-0.009648314,
1,2,5.479,0.7494464,0.5808969,-2.562063,0.001591079,0.9872755,0.1587051,-0.009872548,
1,2,5.481,0.749292,0.5796928,-2.569474,0.0005285675,0.9985601,0.05270574,-0.009984576,
1,2,5.483,0.7491376,0.5784423,-2.576884,-0.0005399036,0.998497,-0.05388781,-0.009983138,
1,2,5.485,0.7489833,0.577161,-2.584294,-0.001602194,0.9870884,-0.1598644,-0.009868264,
1,2,5.487,0.7488289,0.5758334,-2.591704,-0.002646236,0.9644654,-0.2640201,-0.009641279,
1,2,5.489,0.7486745,0.5744749,-2.599114,-0.003660169,0.9308864,-0.3651717,-0.009304769,
1,2,5.491,0.7485201,0.57307,-2.606524,-0.004632482,0.8867345,-0.4621708,-0.008862581,
1,2,5.493,0.7483658,0.5716344,-2.613934,-0.005552132,0.8325126,-0.5539158,-0.008319745,
1,2,5.495,0.7482114,0.5701523,-2.621282,-0.006408683,0.7688379,-0.6393656,-0.007682441,
1,2,5.497,0.748057,0.568624,-2.628569,-0.007192415,0.6964346,-0.7175506,-0.006957921,
1,2,5.499,0.7479026,0.5670648,-2.635855,-0.007894441,0.6161259,-0.7875842,-0.006154422,
1,2,5.501,0.7477483,0.5654747,-2.643142,-0.008506798,0.5288247,-0.848672,-0.005281076,
1,2,5.503,0.7475939,0.5638384,-2.650428,-0.009022544,0.4355236,-0.9001216,-0.004347811,
1,2,5.505,0.7474395,0.5621557,-2.657715,-0.009435839,0.3372823,-0.9413503,-0.003365229,
1,2,5.507,0.7472851,0.5604421,-2.665001,-0.009742004,0.2352166,-0.9718913,-0.002344494,
1,2,5.509,0.7471308,0.5586822,-2.672288,-0.009937579,0.1304858,-0.9913996,-0.001297194,
1,2,5.511,0.7469764,0.5568914,-2.679574,-0.01002036,0.02427861,-0.9996551,-0.0002352203,
1,2,5.513,0.746822,0.5550544,-2.686861,-0.009989419,-0.08219948,-0.9965655,0.000829373,
1,2,5.515,0.7466676,0.5531864,-2.694148,-0.009845125,-0.18774,-0.9821677,0.001884507,
1,2,5.517,0.7465132,0.5512722,-2.701434,-0.00958913,-0.2911456,-0.9566262,0.00291821,
1,2,5.519,0.7463589,0.5493116,-2.708721,-0.009224355,-0.3912434,-0.9202327,0.003918757,
1,2,5.521,0.7462045,0.5473201,-2.716007,-0.00875495,-0.4868981,-0.8734013,0.004874801,
1,2,5.523,0.7460501,0.5452978,-2.723294,-0.008186257,-0.5770255,-0.8166648,0.005775506,
1,2,5.525,0.7458957,0.5432292,-2.73058,-0.007524738,-0.6606038,-0.7506679,0.006610662,
1,2,5.527,0.7457414,0.5411142,-2.737867,-0.00677791,-0.7366862,-0.6761608,0.007370802,
1,2,5.529,0.745587,0.5389684,-2.745153,-0.005954252,-0.8044109,-0.5939891,0.008047323,
1,2,5.531,0.7454326,0.5367762,-2.75244,-0.005063114,-0.8630111,-0.5050858,0.008632562,
1,2,5.533,0.7452782,0.5345532,-2.759727,-0.004114613,-0.9118237,-0.41046,0.009119896,
1,2,5.535,0.7451239,0.5322839,-2.767013,-0.003119509,-0.9502968,-0.3111851,0.009503813,
1,2,5.537,0.7449695,0.5299837,-2.7743,-0.002089085,-0.9779953,-0.208387,0.009779979,
1,2,5.539,0.7448151,0.5276372,-2.781586,-0.001035029,-0.9946071,-0.1032316,0.009945276,
1,2,5.541,0.7446607,0.5252444,-2.788873,3.070908E-05,-0.9999453,0.003088999,0.009997847,
1,2,5.543,0.7445064,0.5228207,-2.796159,0.001096051,-0.9939509,0.1093697,0.009937109,
1,2,5.545,0.744352,0.5203661,-2.803446,0.002148923,-0.9766935,0.214406,0.00976377,
1,2,5.547,0.7441976,0.5178652,-2.810732,0.003177396,-0.9483702,0.317008,0.009479806,
1,2,5.549,0.7440432,0.515318,-2.818019,0.004169823,-0.9093034,0.4160136,0.009088451,
1,2,5.551,0.7438889,0.5127399,-2.825305,0.005114965,-0.8599373,0.5103018,0.008594155,
1,2,5.553,0.7437345,0.5101155,-2.832592,0.006002122,-0.8008323,0.5988052,0.008002529,
1,2,5.555,0.7435801,0.5074602,-2.839879,0.006821254,-0.7326593,0.680522,0.007320291,
1,2,5.557,0.7434257,0.5047587,-2.847165,0.007563095,-0.6561919,0.7545277,0.006555181,
1,2,5.559,0.7432714,0.5020262,-2.854452,0.00821925,-0.5722971,0.8199853,0.005715873,
1,2,5.561,0.743117,0.4992432,-2.861738,0.008782305,-0.4819259,0.8761548,0.004811883,
1,2,5.563,0.7429626,0.4964259,-2.869025,0.009245897,-0.3861025,0.9224015,0.003853453,
1,2,5.565,0.7428082,0.4935699,-2.876311,0.009604793,-0.2859124,0.9582034,0.002851443,
1,2,5.567,0.7426538,0.4906754,-2.883598,0.009854943,-0.1824905,0.9831566,0.001817203,
1,2,5.569,0.7424995,0.4877422,-2.890884,0.009993534,-0.07700769,0.9969801,0.0007624424,
1,2,5.571,0.7423451,0.4847705,-2.898171,0.01001901,0.0293417,0.9995192,-0.0003008968,
1,2,5.573,0.7421907,0.4817601,-2.905457,0.009931101,0.1353541,0.9907466,-0.00136078,
1,2,5.575,0.7420363,0.4787112,-2.912744,0.009730818,0.2398298,0.9707633,-0.002405214,
1,2,5.577,0.741882,0.475616,-2.920031,0.009420439,0.3415871,0.9397967,-0.003422383,
1,2,5.579,0.7417276,0.4724899,-2.927317,0.009003498,0.439475,0.898199,-0.004400783,
1,2,5.581,0.7415732,0.4693174,-2.934604,0.008484718,0.5323865,0.846442,-0.00532935,
1,2,5.583,0.7414188,0.4661141,-2.94189,0.007869991,0.6192714,0.7851132,-0.006197589,
1,2,5.585,0.7412645,0.4628645,-2.949177,0.007166278,0.6991479,0.714907,-0.006995686,
1,2,5.587,0.7411101,0.459584,-2.956463,0.006381554,0.7711136,0.636619,-0.007714629,
1,2,5.589,0.7409557,0.4562572,-2.96375,0.0055247,0.8343558,0.5511356,-0.008346296,
1,2,5.591,0.7408013,0.4528995,-2.971036,0.004605417,0.8881606,0.4594243,-0.008883558,
1,2,5.593,0.740647,0.4494956,-2.978323,0.00363411,0.9319211,0.3625231,-0.009320354,
1,2,5.595,0.7404926,0.446053,-2.98561,0.002621765,0.9651441,0.2615282,-0.009651762,
1,2,5.597,0.7403382,0.4425718,-2.992896,0.00157983,0.9874554,0.1575816,-0.009874051,
1,2,5.599,0.7401838,0.439052,-3.000183,0.0005200895,0.9986044,0.05185896,-0.009984721,
1,2,5.601,0.7400295,0.4354936,-3.007469,-0.0005454769,0.9984667,-0.05444473,-0.009982539,
1,2,5.603,0.7398751,0.4318967,-3.014756,-0.00160483,0.9870457,-0.1601281,-0.009867548,
1,2,5.605,0.7397207,0.4282611,-3.022042,-0.002645996,0.9644718,-0.2639971,-0.00964106,
1,2,5.607,0.7395663,0.424587,-3.029329,-0.003657217,0.9310015,-0.3648783,-0.00930565,
1,2,5.609,0.739412,0.4208742,-3.036615,-0.004627071,0.887015,-0.4616323,-0.008865127,
1,2,5.611,0.7392576,0.4171229,-3.043902,-0.005544608,0.8330105,-0.5531669,-0.008324482,
1,2,5.613,0.7391032,0.413333,-3.051188,-0.006399471,0.7695994,-0.6384486,-0.007689835,
1,2,5.615,0.7389488,0.4094967,-3.058475,-0.007182016,0.6974996,-0.7165154,-0.006968369,
1,2,5.617,0.7387944,0.4056296,-3.065762,-0.007883415,0.6175263,-0.7864865,-0.006168245,
1,2,5.619,0.7386401,0.4017162,-3.073048,-0.008495761,0.5305839,-0.8475733,-0.005298511,
1,2,5.621,0.7384857,0.3977719,-3.080335,-0.00901215,0.437655,-0.8990872,-0.004368993,
1,2,5.623,0.7383313,0.3937812,-3.087621,-0.009426768,0.3397893,-0.9404482,-0.003390197,
1,2,5.625,0.7381769,0.3897597,-3.094908,-0.009734951,0.2380926,-0.9711908,-0.002373177,
1,2,5.627,0.7380226,0.3856919,-3.102194,-0.009933237,0.1337133,-0.9909694,-0.001329421,
1,2,5.629,0.7378682,0.3815933,-3.109481,-0.0100194,0.02783016,-0.9995625,-0.0002707122,
1,2,5.631,0.7377138,0.3774483,-3.116767,-0.009992487,-0.07836188,-0.9968746,0.0007909971,
1,2,5.633,0.7375594,0.3732724,-3.124054,-0.009852817,-0.1836644,-0.9829379,0.001843727,
1,2,5.635,0.7374051,0.3690502,-3.131341,-0.009601983,-0.2868892,-0.9579113,0.0028756,
1,2,5.637,0.7372507,0.3647971,-3.138627,-0.009242832,-0.3868722,-0.9220789,0.003874978,
1,2,5.639,0.7370963,0.3604978,-3.145914,-0.008779432,-0.4824857,-0.8758466,0.004830591,
1,2,5.641,0.7369419,0.3561675,-3.1532,-0.008217027,-0.572652,-0.8197373,0.005731668,
1,2,5.643,0.7367876,0.351791,-3.160487,-0.007561976,-0.6563552,-0.7543856,0.006568056,
1,2,5.645,0.7366332,0.3473835,-3.167711,-0.00682168,-0.7326521,-0.6805297,0.007330331,
1,2,5.647,0.7364788,0.3429298,-3.174875,-0.006004499,-0.8006835,-0.599004,0.008009905,
1,2,5.649,0.7363244,0.3384374,-3.182038,-0.005119659,-0.8596838,-0.5107287,0.008599134,
1,2,5.651,0.7361701,0.3339065,-3.189201,-0.004177149,-0.908989,-0.4167,0.009091385,
1,2,5.653,0.7360157,0.329337,-3.196364,-0.003187599,-0.948045,-0.3179789,0.009481127,
1,2,5.655,0.7358613,0.3247288,-3.203527,-0.002162171,-0.9764132,-0.2156788,0.009763985,
1,2,5.657,0.7357069,0.3200821,-3.21069,-0.001112428,-0.9937754,-0.1109532,0.009936783,
1,2,5.659,0.7355525,0.3153968,-3.217853,-5.020329E-05,-0.9999377,-0.004982676,0.009997594,
1,2,5.661,0.7353982,0.3106729,-3.225016,0.001012533,-0.9948323,0.1010386,0.009945749,
1,2,5.663,0.7352438,0.3059104,-3.232179,0.002063806,-0.9785186,0.2059159,0.009781851,
1,2,5.665,0.7350894,0.3011093,-3.239342,0.003091773,-0.9511822,0.308468,0.00950776,
1,2,5.667,0.734935,0.2962696,-3.246505,0.00408486,-0.9131327,0.4075399,0.009126585,
1,2,5.669,0.7347807,0.2913913,-3.253668,0.005031886,-0.8648002,0.5020166,0.008642636,
1,2,5.671,0.7346263,0.2864745,-3.260831,0.005922192,-0.8067307,0.5908346,0.008061378,
1,2,5.673,0.7344719,0.281519,-3.267994,0.006745762,-0.7395799,0.6729944,0.007389371,
1,2,5.675,0.7343175,0.2765249,-3.275157,0.007493334,-0.6641051,0.7475724,0.006634199,
1,2,5.677,0.7341632,0.2714923,-3.28232,0.008156504,-0.5811572,0.8137298,0.005804375,
1,2,5.679,0.7340088,0.266421,-3.289483,0.008727817,-0.4916713,0.8707233,0.004909255,
1,2,5.681,0.7338544,0.2613112,-3.296646,0.009200856,-0.3966558,0.9179128,0.003958922,
1,2,5.683,0.7337,0.2561627,-3.303809,0.009570315,-0.2971812,0.9547686,0.002964083,
1,2,5.685,0.7335457,0.2509757,-3.310972,0.009832053,-0.1943675,0.9808776,0.001935939,
1,2,5.687,0.7333913,0.2457501,-3.318135,0.009983141,-0.0893721,0.995948,0.0008860673,
1,2,5.689,0.7332369,0.2404858,-3.325299,0.0100219,0.01662333,0.9998116,-0.0001737165,
1,2,5.691,0.7330825,0.235183,-3.332462,0.009947902,0.122426,0.9924271,-0.001231488,
1,2,5.693,0.7329282,0.2298416,-3.339625,0.009762006,0.2268459,0.9738791,-0.00227535,
1,2,5.695,0.7327738,0.2244616,-3.346788,0.009466321,0.3287087,0.9443783,-0.003293562,
1,2,5.697,0.7326194,0.219043,-3.353951,0.009064189,0.4268691,0.904258,-0.004274677,
1,2,5.699,0.732465,0.2135858,-3.361114,0.008560147,0.5202241,0.8539711,-0.00520767,
1,2,5.701,0.7323107,0.20809,-3.368277,0.007959883,0.6077245,0.7940848,-0.006082055,
1,2,5.703,0.7321563,0.2025595,-3.37544,0.007270156,0.6883878,0.7252738,-0.006888011,
1,2,5.705,0.7320019,0.1969904,-3.382603,0.006498737,0.7613079,0.6483133,-0.007616491,
1,2,5.707,0.7318475,0.1913827,-3.389766,0.005654314,0.8256665,0.5640697,-0.008259319,
1,2,5.709,0.7316931,0.1857364,-3.396929,0.004746387,0.8807418,0.473491,-0.008809282,
1,2,5.711,0.7315388,0.1800515,-3.404092,0.00378517,0.9259164,0.3775961,-0.009260214,
1,2,5.713,0.7313844,0.174328,-3.411255,0.002781472,0.9606841,0.2774636,-0.009607067,
1,2,5.715,0.73123,0.1685659,-3.418418,0.001746578,0.9846562,0.1742192,-0.009845961,
1,2,5.717,0.7310756,0.1627652,-3.425581,0.0006921187,0.997565,0.06902313,-0.009974232,
1,2,5.719,0.7309213,0.156926,-3.432744,-0.0003700574,0.9992674,-0.03694249,-0.009990454,
1,2,5.721,0.7307669,0.1510481,-3.439907,-0.001428019,0.9897462,-0.1424873,-0.009894464,
1,2,5.723,0.7306125,0.1451316,-3.44707,-0.002469883,0.9691101,-0.246426,-0.00968736,
1,2,5.725,0.7304581,0.1391766,-3.454233,-0.003483953,0.9375927,-0.3475918,-0.009371486,
1,2,5.727,0.7303038,0.1331829,-3.461396,-0.004458851,0.8955497,-0.4448491,-0.008950404,
1,2,5.729,0.7301494,0.1271507,-3.46856,-0.005383635,0.843455,-0.5371068,-0.008428862,
1,2,5.731,0.729995,0.1210818,-3.475723,-0.006247934,0.781895,-0.62333,-0.007812733,
1,2,5.733,0.7298406,0.1149743,-3.482886,-0.007042055,0.7115623,-0.7025518,-0.007108945,
1,2,5.735,0.7296863,0.1088282,-3.490049,-0.007757098,0.6332477,-0.7738845,-0.006325414,
1,2,5.737,0.7295319,0.1026435,-3.497212,-0.008385054,0.5478317,-0.8365288,-0.005470946,
1,2,5.739,0.7293775,0.09642021,-3.504375,-0.00891889,0.4562734,-0.8897833,-0.004555142,
1,2,5.741,0.7292231,0.09015833,-3.511538,-0.009352634,0.3596016,-0.9330522,-0.003588286,
1,2,5.743,0.7290688,0.08385786,-3.518701,-0.009681436,0.2589013,-0.9658518,-0.002581233,
1,2,5.745,0.7289144,0.07752265,-3.525864,-0.009901628,0.1553028,-0.9878162,-0.001545286,
1,2,5.747,0.72876,0.07114885,-3.533027,-0.01001076,0.04996842,-0.9987006,-0.0004920693,
1,2,5.749,0.7286056,0.06473646,-3.54019,-0.01000762,-0.05592029,-0.998385,0.000566603,
1,2,5.751,0.7284513,0.05828547,-3.547353,-0.009892274,-0.1611759,-0.9868749,0.001618861,
1,2,5.753,0.7282969,0.05179588,-3.554516,-0.009666027,-0.2646185,-0.9643011,0.002652908,
1,2,5.755,0.7281425,0.04526771,-3.561679,-0.009331434,-0.3650889,-0.9309188,0.003657154,CourtEnter
1,2,5.757,0.7279881,0.0387019,-3.568842,-0.008892266,-0.4614614,-0.8871037,0.00462035,
1,2,5.759,0.7278336,0.03654664,-3.57602,-0.008363311,-0.5509491,-0.8344787,0.005517272,
1,2,5.761,0.7276793,0.04160921,-3.583183,-0.00775795,-0.6329685,-0.7741128,0.006337824,
1,2,5.763,0.7275249,0.04663125,-3.590346,-0.007072158,-0.7084189,-0.7057212,0.007092598,
1,2,5.765,0.7273705,0.05161278,-3.597509,-0.006313061,-0.7765188,-0.6300146,0.007773779,
1,2,5.767,0.7272161,0.05655281,-3.604672,-0.005488543,-0.8365632,-0.5477791,0.008374317,CourtExit
1,2,5.769,0.7270617,0.06145232,-3.611835,-0.004607159,-0.8879308,-0.4598683,0.008887996,
1,2,5.771,0.7269074,0.06631089,-3.618998,-0.003678059,-0.9300904,-0.3671944,0.009309503,
1,2,5.773,0.726753,0.07112935,-3.626161,-0.002710877,-0.9626065,-0.2707188,0.009634487,
1,2,5.775,0.7265986,0.07590536,-3.633324,-0.001715647,-0.9851434,-0.171442,0.009859591,
1,2,5.777,0.7264442,0.08064277,-3.640487,-0.0007026857,-0.9974692,-0.07039334,0.009982498,
1,2,5.779,0.7262899,0.08533774,-3.64765,0.0003175056,-0.9994575,0.0313796,0.01000195,
1,2,5.781,0.7261355,0.08999217,-3.654813,0.001334354,-0.9910894,0.1328221,0.009917763,
1,2,5.783,0.7259811,0.09460609,-3.661976,0.002337324,-0.9724532,0.2328833,0.009730823,
1,2,5.785,0.7258267,0.09917948,-3.669139,0.003316028,-0.9437435,0.3305268,0.009443083,
1,2,5.787,0.7256724,0.1037123,-3.676302,0.004260334,-0.9052594,0.4247414,0.00905754,
1,2,5.789,0.725518,0.1082028,-3.683465,0.005160464,-0.8574007,0.5145521,0.008578201,
1,2,5.791,0.7253636,0.1126546,-3.690628,0.006007104,-0.8006647,0.5990291,0.008010045,
1,2,5.793,0.7252092,0.1170639,-3.697791,0.006791493,-0.7356402,0.6772984,0.007358969,
1,2,5.795,0.7250549,0.1214347,-3.704954,0.00750552,-0.663002,0.7485507,0.006631728,
1,2,5.797,0.7249005,0.1257637,-3.712117,0.008141802,-0.5835032,0.812049,0.005835865,
1,2,5.799,0.7247461,0.1300515,-3.71928,0.008693764,-0.497968,0.8671376,0.004979628,
1,2,5.801,0.7245917,0.1343007,-3.726444,0.009155705,-0.4072825,0.9132472,0.00407189,
1,2,5.803,0.7244374,0.1385075,-3.733607,0.009522859,-0.3123859,0.9499024,0.003122052,
1,2,5.805,0.724283,0.1426717,-3.74077,0.009791441,-0.2142613,0.976725,0.002139953,
1,2,5.807,0.7241286,0.1467974,-3.747933,0.009958688,-0.1139242,0.9934389,0.001135759,
1,2,5.809,0.7239742,0.1508846,-3.755096,0.01002288,-0.01241332,0.9998727,0.0001198647,
1,2,5.811,0.7238199,0.1549292,-3.762259,0.009983373,0.08922091,0.9959614,-0.0008972188,
1,2,5.813,0.7236655,0.1589314,-3.769422,0.009840589,0.1899271,0.9817471,-0.001904969,
1,2,5.815,0.7235111,0.162895,-3.776585,0.009596021,0.2886637,0.9573781,-0.002892964,
1,2,5.817,0.7233567,0.16682,-3.783748,0.009252211,0.38441,0.9231081,-0.003850986,
1,2,5.819,0.7232023,0.1707026,-3.790911,0.00881273,0.4761761,0.8792929,-0.004769134,
1,2,5.821,0.723048,0.1745427,-3.798074,0.008282138,0.5630136,0.8263869,-0.00563792,
1,2,5.823,0.7228936,0.1783442,-3.805237,0.007665934,0.6440254,0.7649385,-0.006448366,
1,2,5.825,0.7227392,0.1821071,-3.8124,0.006970501,0.7183746,0.6955845,-0.007192102,
1,2,5.827,0.7225848,0.1858276,-3.819563,0.00620304,0.7852935,0.6190427,-0.00786145,
1,2,5.829,0.7224305,0.1895056,-3.826726,0.005371494,0.8440915,0.5361056,-0.008449499,
1,2,5.831,0.7222761,0.193145,-3.833889,0.004484468,0.8941622,0.4476313,-0.008950185,
1,2,5.833,0.7221217,0.1967458,-3.841052,0.003551136,0.9349893,0.3545348,-0.009358346,
1,2,5.835,0.7219673,0.2003042,-3.848215,0.002581151,0.9661521,0.2577789,-0.009669777,
1,2,5.837,0.721813,0.2038201,-3.855378,0.001584541,0.9873301,0.158364,-0.009881274,
1,2,5.839,0.7216586,0.2072974,-3.862541,0.0005716069,0.9983059,0.05731769,-0.009990668,
1,2,5.841,0.7215042,0.2107361,-3.869704,-0.0004471861,0.9989674,-0.04431613,-0.009996839,
1,2,5.843,0.7213498,0.2141324,-3.876868,-0.001461313,0.9893095,-0.1454874,-0.009899742,
1,2,5.845,0.7211955,0.2174862,-3.884031,-0.002460295,0.9694333,-0.2451511,-0.009700392,
1,2,5.847,0.7210411,0.2208015,-3.891194,-0.003433821,0.9395455,-0.3422781,-0.009400865,
1,2,5.849,0.7208867,0.2240781,-3.898357,-0.004371841,0.899956,-0.4358658,-0.009004267,
1,2,5.851,0.7207323,0.2273123,-3.90552,-0.005264671,0.8510754,-0.5249482,-0.008514709,
1,2,5.853,0.720578,0.2305079,-3.912683,-0.0061031,0.7934092,-0.6086062,-0.007937255,
1,2,5.855,0.7204236,0.233661,-3.919846,-0.006878479,0.7275544,-0.6859769,-0.007277881,
1,2,5.857,0.7202692,0.2367755,-3.927009,-0.007582812,0.6541919,-0.7562623,-0.006543405,
1,2,5.859,0.7201148,0.2398515,-3.934172,-0.008208839,0.57408,-0.818738,-0.005741421,
1,2,5.861,0.7199605,0.2428849,-3.941335,-0.008750111,0.4880465,-0.8727602,-0.004880215,
1,2,5.863,0.7198061,0.245876,-3.948498,-0.009201052,0.3969799,-0.9177727,-0.003968682,
1,2,5.865,0.7196517,0.2488284,-3.955661,-0.009557021,0.3018208,-0.953312,-0.003016238,
1,2,5.867,0.7194973,0.2517415,-3.962824,-0.009814362,0.2035517,-0.979013,-0.002032715,
1,2,5.869,0.7193429,0.2546129,-3.969987,-0.009970429,0.103187,-0.9946115,-0.001028264,
1,2,5.871,0.7191886,0.2574457,-3.97715,-0.01002363,0.001762368,-0.9999482,-1.325319E-05,
1,2,5.873,0.7190342,0.2602322,-3.984313,-0.00997342,-0.09967535,-0.9949695,0.001001846,
1,2,5.875,0.7188798,0.2629878,-3.991476,-0.009820342,-0.2000803,-0.9797282,0.002006563,
1,2,5.877,0.7187254,0.2656971,-3.998639,-0.009565989,-0.298417,-0.954383,0.002990538,
1,2,5.879,0.7185711,0.2683678,-4.005802,-0.009212995,-0.3936718,-0.9191965,0.003943626,
1,2,5.881,0.7184167,0.2709999,-4.012965,-0.008765012,-0.4848626,-0.8745329,0.004856002,
1,2,5.883,0.7182623,0.2735857,-4.020128,-0.008226675,-0.5710499,-0.8208542,0.005718269,
1,2,5.885,0.7181079,0.2761406,-4.027291,-0.007603545,-0.651346,-0.7587148,0.00652154,
1,2,5.887,0.7179536,0.2786492,-4.034454,-0.006902059,-0.7249235,-0.6887566,0.007257543,
1,2,5.889,0.7177992,0.2811193,-4.041617,-0.006129458,-0.791025,-0.6117018,0.007918701,
1,2,5.891,0.7176448,0.2835507,-4.04878,-0.005293715,-0.8489704,-0.5283457,0.008498208,
1,2,5.893,0.7174904,0.2859358,-4.055943,-0.004403451,-0.8981634,-0.4395479,0.008990104,
1,2,5.895,0.7173361,0.28829,-4.063107,-0.003467847,-0.9380984,-0.3462244,0.009389331,
1,2,5.897,0.7171817,0.2905979,-4.07027,-0.002496552,-0.968365,-0.2493375,0.009691787,
1,2,5.899,0.7170273,0.2928673,-4.077433,-0.001499578,-0.9886527,-0.1498861,0.009894371,
1,2,5.901,0.7168729,0.295098,-4.084596,-0.0004871988,-0.9987538,-0.04889476,0.009995009,
1,2,5.903,0.7167186,0.2972824,-4.091759,0.0005301557,-0.9985658,0.05259583,0.009992679,
1,2,5.905,0.7165642,0.299436,-4.098922,0.001542004,-0.9880918,0.1535403,0.009887418,
1,2,5.907,0.7164098,0.3015432,-4.106085,0.002537926,-0.967441,0.2528988,0.009680321,
1,2,5.909,0.7162554,0.3036118,-4.113248,0.003507666,-0.9368277,0.3496482,0.009373535,
1,2,5.911,0.7161011,0.3056419,-4.120411,0.004441242,-0.8965682,0.4427928,0.008970237,
1,2,5.913,0.7159467,0.3076256,-4.127574,0.005329045,-0.8470784,0.5313738,0.00847459,
1,2,5.915,0.7157923,0.3095785,-4.134737,0.006161942,-0.788869,0.6144798,0.007891709,
1,2,5.917,0.7156379,0.311485,-4.1419,0.00693136,-0.7225408,0.6912558,0.007227606,
1,2,5.919,0.7154835,0.313353,-4.149063,0.00762939,-0.6487774,0.7609123,0.006489129,
1,2,5.921,0.7153292,0.3151823,-4.156226,0.008248857,-0.5683392,0.8227335,0.005683892,
1,2,5.923,0.7151748,0.3169654,-4.163389,0.008783394,-0.4820547,0.8760839,0.004820188,
1,2,5.925,0.7150204,0.3187175,-4.170552,0.009227512,-0.3908129,0.9204156,0.003906914,
1,2,5.927,0.714866,0.3204234,-4.177715,0.009576654,-0.2955534,0.9552737,0.002953478,
1,2,5.929,0.7147117,0.3220907,-4.184878,0.009827239,-0.1972569,0.9803007,0.001969694,
1,2,5.931,0.7145573,0.3237193,-4.192041,0.009976701,-0.09693491,0.9952403,0.0009656876,
1,2,5.933,0.7144029,0.3253094,-4.199204,0.01002351,0.004379962,0.9999402,-4.821032E-05,
1,2,5.935,0.7142485,0.3268609,-4.206367,0.009967215,0.1056454,0.9943534,-0.001061567,
1,2,5.937,0.7140942,0.328366,-4.213531,0.009808394,0.2058197,0.9785387,-0.00206396,
1,2,5.939,0.7139398,0.3298326,-4.220694,0.009548695,0.3038727,0.95266,-0.00304508,
1,2,5.941,0.7137854,0.3312606,-4.227857,0.009190803,0.3987963,0.9169848,-0.003994839,
1,2,5.943,0.713631,0.33265,-4.23502,0.008738414,0.4896147,0.8718814,-0.004903475,
1,2,5.945,0.7134767,0.3340008,-4.242183,0.008196191,0.5753946,0.8178146,-0.00576165,
1,2,5.947,0.7133223,0.3353052,-4.249346,0.007569717,0.6552549,0.7553415,-0.006560549,
1,2,5.949,0.7131679,0.3365788,-4.256509,0.006865447,0.728375,0.6851055,-0.007291962,
1,2,5.951,0.7130135,0.3378061,-4.263672,0.00609063,0.7940043,0.6078297,-0.007948385,
1,2,5.953,0.7128592,0.3389948,-4.270835,0.005253241,0.851469,0.5243093,-0.008523075,
1,2,5.955,0.7127048,0.3401449,-4.277998,0.004361894,0.9001797,0.4354035,-0.009010138,
1,2,5.957,0.7125504,0.3412564,-4.285161,0.003425756,0.9396369,0.3420267,-0.00940458,
1,2,5.959,0.712396,0.3423294,-4.292324,0.002454456,0.9694363,0.2451391,-0.009702359,
1,2,5.961,0.7122416,0.343356,-4.299487,0.001457973,0.9892728,0.1457365,-0.009900427,
1,2,5.963,0.7120873,0.344344,-4.30665,0.0004465532,0.998944,0.04484077,-0.009996763,
1,2,5.965,0.7119329,0.3452934,-4.313813,-0.0005694116,0.9983519,-0.05651142,-0.00999039,
1,2,5.967,0.7117785,0.3462042,-4.320976,-0.001579484,0.9875035,-0.1572788,-0.009881385,
1,2,5.969,0.7116241,0.3470764,-4.328139,-0.002573289,0.966512,-0.2564264,-0.009670882,
1,2,5.971,0.7114698,0.3479023,-4.335302,-0.003540621,0.935594,-0.3529359,-0.009361057,
1,2,5.973,0.7113154,0.3486974,-4.342465,-0.004471549,0.8950683,-0.4458167,-0.008955102,
1,2,5.975,0.711161,0.3494461,-4.349628,-0.005356518,0.8453525,-0.5341152,-0.008457204,
1,2,5.977,0.7110066,0.3501562,-4.356791,-0.006186444,0.786958,-0.6169253,-0.007872482,
1,2,5.979,0.7108523,0.3508278,-4.363955,-0.006952814,0.7204858,-0.6933974,-0.007206951,
1,2,5.981,0.7106979,0.3514607,-4.371118,-0.007647767,0.6466193,-0.7627472,-0.006467454,
1,2,5.983,0.7105435,0.352055,-4.378281,-0.008264177,0.5661176,-0.8242636,-0.005661594,
1,2,5.985,0.7103891,0.3526031,-4.385444,-0.00879573,0.4798078,-0.8773164,-0.004797651,
1,2,5.987,0.7102348,0.3531202,-4.392607,-0.009236978,0.3885768,-0.9213619,-0.003884499,
1,2,5.989,0.7100804,0.3535911,-4.39977,-0.009583404,0.2933615,-0.9559491,-0.002931519,
1,2,5.991,0.709926,0.3540233,-4.406933,-0.009831465,0.1951394,-0.9807243,-0.001948496,
1,2,5.993,0.7097716,0.354417,-4.414096,-0.009978628,0.09491898,-0.9954345,-0.0009455191,
1,2,5.995,0.7096173,0.3547721,-4.421259,-0.0100234,-0.006271146,-0.9999301,6.711681E-05,
1,2,5.997,0.7094629,0.3550885,-4.428422,-0.009965319,-0.1073927,-0.9941662,0.001079021,
1,2,5.999,0.7093085,0.3553587,-4.435585,-0.009805011,-0.2074083,-0.9782032,0.002079812,
1,3,6.001,0.9998621,0.5056193,9.993085,-0.00330913,-0.9435973,-0.3309444,0.009434998,TrialStart
1,3,6.003,0.9995842,0.5168115,9.979253,-0.00330913,-0.9435973,-0.3309444,0.009434998,
1,3,6.005,0.9993063,0.5279575,9.965421,-0.00330913,-0.9435973,-0.3309444,0.009434998,
1,3,6.007,0.9990284,0.5390571,9.951589,-0.00330913,-0.9435973,-0.3309444,0.009434998,
1,3,6.009,0.9987506,0.5501105,9.937757,-0.00330913,-0.9435973,-0.3309444,0.009434998,
1,3,6.011,0.9984727,0.5611175,9.923924,-0.00330913,-0.9435973,-0.3309444,0.009434998,
1,3,6.013,0.9981948,0.5720936,9.910092,-0.00330913,-0.9435973,-0.3309444,0.009434998,
1,3,6.015,0.9979169,0.583008,9.89626,-0.00330913,-0.9435973,-0.3309444,0.009434998,
1,3,6.017,0.9976391,0.5938915,9.882428,-0.00330913,-0.9435973,-0.3309444,0.009434998,
1,3,6.019,0.9973612,0.6047287,9.868596,-0.00330913,-0.9435973,-0.3309444,0.009434998,
1,3,6.021,0.9970833,0.6155196,9.854764,-0.00330913,-0.9435973,-0.3309444,0.009434998,
1,3,6.023,0.9968054,0.6262642,9.840932,-0.00330913,-0.9435973,-0.3309444,0.009434998,
1,3,6.025,0.9965276,0.6369624,9.8271,-0.00330913,-0.9435973,-0.3309444,0.009434998,
1,3,6.027,0.9962497,0.6476298,9.813268,-0.00330913,-0.9435973,-0.3309444,0.009434998,
1,3,6.029,0.9959718,0.6582354,9.799436,-0.00330913,-0.9435973,-0.3309444,0.009434998,
1,3,6.031,0.9956939,0.6688102,9.785604,-0.00330913,-0.9435973,-0.3309444,0.009434998,
1,3,6.033,0.995416,0.6793386,9.771771,-0.00330913,-0.9435973,-0.3309444,0.009434998,
1,3,6.035,0.9951382,0.6898208,9.757939,-0.00330913,-0.9435973,-0.3309444,0.009434998,
1,3,6.037,0.9948603,0.7002566,9.744107,-0.00330913,-0.9435973,-0.3309444,0.009434998,
1,3,6.039,0.9945824,0.7106461,9.730275,-0.00330913,-0.9435973,-0.3309444,0.009434998,
1,3,6.041,0.9943045,0.7210047,9.716443,-0.00330913,-0.9435973,-0.3309444,0.009434998,
1,3,6.043,0.9940267,0.7313016,9.702611,-0.00330913,-0.9435973,-0.3309444,0.009434998,
1,3,6.045,0.9937488,0.7415676,9.688779,-0.00330913,-0.9435973,-0.3309444,0.009434998,
1,3,6.047,0.9934709,0.7517873,9.674947,-0.00330913,-0.9435973,-0.3309444,0.009434998,
1,3,6.049,0.993193,0.7619607,9.661115,-0.00330913,-0.9435973,-0.3309444,0.009434998,
1,3,6.051,0.9929152,0.7720878,9.647283,-0.00330913,-0.9435973,-0.3309444,0.009434998,
1,3,6.053,0.9926373,0.7821685,9.633451,-0.00330913,-0.9435973,-0.3309444,0.009434998,
1,3,6.055,0.9923594,0.7922184,9.619618,-0.00330913,-0.9435973,-0.3309444,0.009434998,
1,3,6.057,0.9920815,0.802222,9.605786,-0.00330913,-0.9435973,-0.3309444,0.009434998,
1,3,6.059,0.9918036,0.8121792,9.591954,-0.00330913,-0.9435973,-0.3309444,0.009434998,
1,3,6.061,0.9915258,0.8220901,9.578122,-0.00330913,-0.9435973,-0.3309444,0.009434998,
1,3,6.063,0.9912479,0.8319548,9.56429,-0.00330913,-0.9435973,-0.3309444,0.009434998,
1,3,6.065,0.99097,0.8417885,9.550458,-0.00330913,-0.9435973,-0.3309444,0.009434998,
1,3,6.067,0.9906921,0.8515605,9.536626,-0.00330913,-0.9435973,-0.3309444,0.009434998,
1,3,6.069,0.9904143,0.8613017,9.522794,-0.00330913,-0.9435973,-0.3309444,0.009434998,
1,3,6.071,0.9901364,0.8709965,9.508962,-0.00330913,-0.9435973,-0.3309444,0.009434998,
1,3,6.073,0.9898585,0.880645,9.49513,-0.00330913,-0.9435973,-0.3309444,0.009434998,
1,3,6.075,0.9895806,0.8902626,9.481297,-0.00330913,-0.9435973,-0.3309444,0.009434998,
1,3,6.077,0.9893028,0.8998185,9.467465,-0.00330913,-0.9435973,-0.3309444,0.009434998,
1,3,6.079,0.9890249,0.9093435,9.453633,-0.00330913,-0.9435973,-0.3309444,0.009434998,
1,3,6.081,0.988747,0.9188222,9.439801,-0.00330913,-0.9435973,-0.3309444,0.009434998,
1,3,6.083,0.9884691,0.9282545,9.425969,-0.00330913,-0.9435973,-0.3309444,0.009434998,
1,3,6.085,0.9881912,0.9376406,9.412137,-0.00330913,-0.9435973,-0.3309444,0.009434998,
1,3,6.087,0.9879134,0.9469804,9.398305,-0.00330913,-0.9435973,-0.3309444,0.009434998,
1,3,6.089,0.9876355,0.9562892,9.384473,-0.00330913,-0.9435973,-0.3309444,0.009434998,
1,3,6.091,0.9873576,0.9655518,9.370641,-0.00330913,-0.9435973,-0.3309444,0.009434998,
1,3,6.093,0.9870797,0.974768,9.356809,-0.00330913,-0.9435973,-0.3309444,0.009434998,
1,3,6.095,0.9868019,0.983938,9.342977,-0.00330913,-0.9435973,-0.3309444,0.009434998,
1,3,6.097,0.986524,0.9930616,9.329144,-0.00330913,-0.9435973,-0.3309444,0.009434998,
1,3,6.099,0.9862461,1.002154,9.315312,-0.00330913,-0.9435973,-0.3309444,0.009434998,
1,3,6.101,0.9859682,1.011201,9.30148,-0.00330913,-0.9435973,-0.3309444,0.009434998,
1,3,6.103,0.9856904,1.020216,9.287648,-0.00330913,-0.9435973,-0.3309444,0.009434998,
1,3,6.105,0.9854125,1.02917,9.273816,-0.00330913,-0.9435973,-0.3309444,0.009434998,
1,3,6.107,0.9851346,1.038093,9.259984,-0.00330913,-0.9435973,-0.3309444,0.009434998,
1,3,6.109,0.9848567,1.046954,9.246152,-0.00330913,-0.9435973,-0.3309444,0.009434998,
1,3,6.111,0.9845788,1.055785,9.23232,-0.00330913,-0.9435973,-0.3309444,0.009434998,
1,3,6.113,0.984301,1.064553,9.218488,-0.00330913,-0.9435973,-0.3309444,0.009434998,
1,3,6.115,0.9840231,1.073291,9.204656,-0.00330913,-0.9435973,-0.3309444,0.009434998,
1,3,6.117,0.9837452,1.081998,9.190824,-0.00330913,-0.9435973,-0.3309444,0.009434998,
1,3,6.119,0.9834673,1.090643,9.176991,-0.00330913,-0.9435973,-0.3309444,0.009434998,
1,3,6.121,0.9831895,1.099257,9.163159,-0.00330913,-0.9435973,-0.3309444,0.009434998,
1,3,6.123,0.9829116,1.10784,9.149327,-0.00330913,-0.9435973,-0.3309444,0.009434998,
1,3,6.125,0.9826337,1.116362,9.135495,-0.00330913,-0.9435973,-0.3309444,0.009434998,
1,3,6.127,0.9823558,1.124852,9.121663,-0.00330913,-0.9435973,-0.3309444,0.009434998,
1,3,6.129,0.982078,1.133312,9.107831,-0.00330913,-0.9435973,-0.3309444,0.009434998,
1,3,6.131,0.9818001,1.14171,9.093999,-0.00330913,-0.9435973,-0.3309444,0.009434998,
1,3,6.133,0.9815222,1.150077,9.080167,-0.00330913,-0.9435973,-0.3309444,0.009434998,
1,3,6.135,0.9812443,1.158383,9.066335,-0.00330913,-0.9435973,-0.3309444,0.009434998,
1,3,6.137,0.9809664,1.166657,9.052503,-0.00330913,-0.9435973,-0.3309444,0.009434998,
1,3,6.139,0.9806886,1.17487,9.038671,-0.00330913,-0.9435973,-0.3309444,0.009434998,
1,3,6.141,0.9804107,1.183052,9.024838,-0.00330913,-0.9435973,-0.3309444,0.009434998,
1,3,6.143,0.9801328,1.191203,9.011006,-0.00330913,-0.9435973,-0.3309444,0.009434998,
1,3,6.145,0.9798549,1.199293,8.997174,-0.00330913,-0.9435973,-0.3309444,0.009434998,
1,3,6.147,0.9795771,1.207351,8.983342,-0.00330913,-0.9435973,-0.3309444,0.009434998,
1,3,6.149,0.9792992,1.215379,8.96951,-0.00330913,-0.9435973,-0.3309444,0.009434998,
1,3,6.151,0.9790213,1.223344,8.955678,-0.00330913,-0.9435973,-0.3309444,0.009434998,
1,3,6.153,0.9787434,1.231279,8.941846,-0.00330913,-0.9435973,-0.3309444,0.009434998,
1,3,6.155,0.9784656,1.239183,8.928014,-0.00330913,-0.9435973,-0.3309444,0.009434998,
1,3,6.157,0.9781877,1.247026,8.914182,-0.00330913,-0.9435973,-0.3309444,0.009434998,
1,3,6.159,0.9779098,1.254837,8.90035,-0.00330913,-0.9435973,-0.3309444,0.009434998,
1,3,6.161,0.9776319,1.262587,8.886765,-0.00330913,-0.9435973,-0.3309444,0.009434998,
1,3,6.163,0.977354,1.270306,8.873426,-0.00330913,-0.9435973,-0.3309444,0.009434998,
1,3,6.165,0.9770762,1.277963,8.860088,-0.00330913,-0.9435973,-0.3309444,0.009434998,
1,3,6.167,0.9767983,1.285589,8.84675,-0.00330913,-0.9435973,-0.3309444,0.009434998,
1,3,6.169,0.9765204,1.293184,8.833412,-0.00330913,-0.9435973,-0.3309444,0.009434998,
1,3,6.171,0.9762425,1.300718,8.820074,-0.00330913,-0.9435973,-0.3309444,0.009434998,
1,3,6.173,0.9759647,1.30822,8.806736,-0.00330913,-0.9435973,-0.3309444,0.009434998,
1,3,6.175,0.9756868,1.315692,8.793398,-0.00330913,-0.9435973,-0.3309444,0.009434998,
1,3,6.177,0.9754089,1.323102,8.78006,-0.00330913,-0.9435973,-0.3309444,0.009434998,
1,3,6.179,0.975131,1.330481,8.766722,-0.00330913,-0.9435973,-0.3309444,0.009434998,
1,3,6.181,0.9748532,1.33783,8.753384,-0.00330913,-0.9435973,-0.3309444,0.009434998,
1,3,6.183,0.9745753,1.345116,8.740046,-0.00330913,-0.9435973,-0.3309444,0.009434998,
1,3,6.185,0.9742974,1.352372,8.726707,-0.00330913,-0.9435973,-0.3309444,0.009434998,
1,3,6.187,0.9740195,1.359597,8.713369,-0.00330913,-0.9435973,-0.3309444,0.009434998,
1,3,6.189,0.9737417,1.36676,8.700031,-0.00330913,-0.9435973,-0.3309444,0.009434998,
1,3,6.191,0.9734638,1.373892,8.686693,-0.00330913,-0.9435973,-0.3309444,0.009434998,
1,3,6.193,0.9731859,1.380993,8.673355,-0.00330913,-0.9435973,-0.3309444,0.009434998,
1,3,6.195,0.972908,1.388033,8.660017,-0.00330913,-0.9435973,-0.3309444,0.009434998,
1,3,6.197,0.9726301,1.395041,8.646679,-0.00330913,-0.9435973,-0.3309444,0.009434998,
1,3,6.199,0.9723523,1.401988,8.633341,-0.00330913,-0.9435973,-0.3309444,0.009434998,
1,3,6.201,0.9720744,1.408904,8.620003,-0.00330913,-0.9435973,-0.3309444,0.009434998,
1,3,6.203,0.9717965,1.415759,8.606665,-0.00330913,-0.9435973,-0.3309444,0.009434998,
1,3,6.205,0.9715186,1.422582,8.593327,-0.00330913,-0.9435973,-0.3309444,0.009434998,
1,3,6.207,0.9712408,1.429375,8.579988,-0.00330913,-0.9435973,-0.3309444,0.009434998,
1,3,6.209,0.9709629,1.436105,8.56665,-0.00330913,-0.9435973,-0.3309444,0.009434998,
1,3,6.211,0.970685,1.442805,8.553312,-0.00330913,-0.9435973,-0.3309444,0.009434998,
1,3,6.213,0.9704071,1.449474,8.539974,-0.00330913,-0.9435973,-0.3309444,0.009434998,
1,3,6.215,0.9701293,1.456082,8.526636,-0.00330913,-0.9435973,-0.3309444,0.009434998,
1,3,6.217,0.9698514,1.462658,8.513298,-0.00330913,-0.9435973,-0.3309444,0.009434998,
1,3,6.219,0.9695735,1.469204,8.49996,-0.00330913,-0.9435973,-0.3309444,0.009434998,
1,3,6.221,0.9692956,1.475687,8.486622,-0.00330913,-0.9435973,-0.3309444,0.009434998,
1,3,6.223,0.9690177,1.48214,8.473284,-0.00330913,-0.9435973,-0.3309444,0.009434998,
1,3,6.225,0.9687399,1.488562,8.459946,-0.00330913,-0.9435973,-0.3309444,0.009434998,
1,3,6.227,0.968462,1.494923,8.446608,-0.00330913,-0.9435973,-0.3309444,0.009434998,
1,3,6.229,0.9681841,1.501252,8.43327,-0.00330913,-0.9435973,-0.3309444,0.009434998,
1,3,6.231,0.9679062,1.507551,8.419931,-0.00330913,-0.9435973,-0.3309444,0.009434998,
1,3,6.233,0.9676284,1.513787,8.406593,-0.00330913,-0.9435973,-0.3309444,0.009434998,
1,3,6.235,0.9673505,1.519993,8.393255,-0.00330913,-0.9435973,-0.3309444,0.009434998,
1,3,6.237,0.9670726,1.526168,8.379917,-0.00330913,-0.9435973,-0.3309444,0.009434998,
1,3,6.239,0.9667947,1.532282,8.366579,-0.00330913,-0.9435973,-0.3309444,0.009434998,
1,3,6.241,0.9665169,1.538364,8.353241,-0.00330913,-0.9435973,-0.3309444,0.009434998,
1,3,6.243,0.966239,1.544416,8.339903,-0.00330913,-0.9435973,-0.3309444,0.009434998,
1,3,6.245,0.9659611,1.550405,8.326565,-0.00330913,-0.9435973,-0.3309444,0.009434998,
1,3,6.247,0.9656832,1.556364,8.313227,-0.00330913,-0.9435973,-0.3309444,0.009434998,
1,3,6.249,0.9654053,1.562292,8.299889,-0.00330913,-0.9435973,-0.3309444,0.009434998,
1,3,6.251,0.9651275,1.568159,8.286551,-0.00330913,-0.9435973,-0.3309444,0.009434998,
1,3,6.253,0.9648496,1.573994,8.273212,-0.00330913,-0.9435973,-0.3309444,0.009434998,
1,3,6.255,0.9645717,1.579799,8.259874,-0.00330913,-0.9435973,-0.3309444,0.009434998,
1,3,6.257,0.9642938,1.585541,8.246536,-0.00330913,-0.9435973,-0.3309444,0.009434998,
1,3,6.259,0.964016,1.591253,8.233198,-0.00330913,-0.9435973,-0.3309444,0.009434998,
1,3,6.261,0.9637381,1.596934,8.21986,-0.00330913,-0.9435973,-0.3309444,0.009434998,
1,3,6.263,0.9634602,1.602554,8.206522,-0.00330913,-0.9435973,-0.3309444,0.009434998,
1,3,6.265,0.9631823,1.608142,8.193184,-0.00330913,-0.9435973,-0.3309444,0.009434998,
1,3,6.267,0.9629045,1.6137,8.179846,-0.00330913,-0.9435973,-0.3309444,0.009434998,
1,3,6.269,0.9626266,1.619195,8.166508,-0.00330913,-0.9435973,-0.3309444,0.009434998,
1,3,6.271,0.9623487,1.62466,8.15317,-0.00330913,-0.9435973,-0.3309444,0.009434998,
1,3,6.273,0.9620708,1.630094,8.139832,-0.00330913,-0.9435973,-0.3309444,0.009434998,
1,3,6.275,0.9617929,1.635467,8.126493,-0.00330913,-0.9435973,-0.3309444,0.009434998,
1,3,6.277,0.9615151,1.640808,8.113155,-0.00330913,-0.9435973,-0.3309444,0.009434998,
1,3,6.279,0.9612372,1.646119,8.099817,-0.00330913,-0.9435973,-0.3309444,0.009434998,
1,3,6.281,0.9609593,1.651367,8.086479,-0.00330913,-0.9435973,-0.3309444,0.009434998,
1,3,6.283,0.9606814,1.656585,8.073141,-0.00330913,-0.9435973,-0.3309444,0.009434998,
1,3,6.285,0.9604036,1.661741,8.059803,-0.00330913,-0.9435973,-0.3309444,0.009434998,
1,3,6.287,0.9601257,1.666867,8.046465,-0.00330913,-0.9435973,-0.3309444,0.009434998,
1,3,6.289,0.9598478,1.67193,8.033127,-0.00330913,-0.9435973,-0.3309444,0.009434998,
1,3,6.291,0.9595699,1.676963,8.019789,-0.00330913,-0.9435973,-0.3309444,0.009434998,
1,3,6.293,0.9592921,1.681965,8.006451,-0.00330913,-0.9435973,-0.3309444,0.009434998,
1,3,6.295,0.9590142,1.686905,7.993113,-0.00330913,-0.9435973,-0.3309444,0.009434998,
1,3,6.297,0.9587363,1.691814,7.979774,-0.00330913,-0.9435973,-0.3309444,0.009434998,
1,3,6.299,0.9584584,1.696692,7.966436,-0.00330913,-0.9435973,-0.3309444,0.009434998,
1,3,6.301,0.9581805,1.701509,7.953098,-0.00330913,-0.9435973,-0.3309444,0.009434998,
1,3,6.303,0.9579027,1.706294,7.93976,-0.00330913,-0.9435973,-0.3309444,0.009434998,
1,3,6.305,0.9576248,1.711049,7.926422,-0.00330913,-0.9435973,-0.3309444,0.009434998,
1,3,6.307,0.9573469,1.715773,7.913084,-0.00330913,-0.9435973,-0.3309444,0.009434998,
1,3,6.309,0.957069,1.720466,7.899993,-0.00330913,-0.9435973,-0.3309444,0.009434998,
1,3,6.311,0.9567912,1.725097,7.886902,-0.00330913,-0.9435973,-0.3309444,0.009434998,
1,3,6.313,0.9565133,1.729698,7.873811,-0.00330913,-0.9435973,-0.3309444,0.009434998,
1,3,6.315,0.9562354,1.734267,7.86072,-0.00330913,-0.9435973,-0.3309444,0.009434998,
1,3,6.317,0.9559575,1.738775,7.847629,-0.00330913,-0.9435973,-0.3309444,0.009434998,
1,3,6.319,0.9556797,1.743252,7.834538,-0.00330913,-0.9435973,-0.3309444,0.009434998,
1,3,6.321,0.9554018,1.747698,7.821446,-0.00330913,-0.9435973,-0.3309444,0.009434998,
1,3,6.323,0.9551239,1.752082,7.808355,-0.00330913,-0.9435973,-0.3309444,0.009434998,
1,3,6.325,0.954846,1.756436,7.795264,-0.00330913,-0.9435973,-0.3309444,0.009434998,
1,3,6.327,0.9545681,1.760758,7.782173,-0.00330913,-0.9435973,-0.3309444,0.009434998,
1,3,6.329,0.9542903,1.765019,7.769082,-0.00330913,-0.9435973,-0.3309444,0.009434998,
1,3,6.331,0.9540124,1.769249,7.755991,-0.00330913,-0.9435973,-0.3309444,0.009434998,
1,3,6.333,0.9537345,1.773448,7.7429,-0.00330913,-0.9435973,-0.3309444,0.009434998,
1,3,6.335,0.9534566,1.777585,7.729809,-0.00330913,-0.9435973,-0.3309444,0.009434998,
1,3,6.337,0.9531788,1.781692,7.716718,-0.00330913,-0.9435973,-0.3309444,0.009434998,
1,3,6.339,0.9529009,1.785767,7.703627,-0.00330913,-0.9435973,-0.3309444,0.009434998,
1,3,6.341,0.952623,1.789781,7.690536,-0.00330913,-0.9435973,-0.3309444,0.009434998,
1,3,6.343,0.9523451,1.793764,7.677444,-0.00330913,-0.9435973,-0.3309444,0.009434998,
1,3,6.345,0.9520673,1.797716,7.664353,-0.00330913,-0.9435973,-0.3309444,0.009434998,
1,3,6.347,0.9517894,1.801606,7.651262,-0.00330913,-0.9435973,-0.3309444,0.009434998,
1,3,6.349,0.9515424,1.805465,7.638171,-0.00330913,-0.9435973,-0.3309444,0.009434998,
1,3,6.351,0.9512954,1.809294,7.62508,-0.00330913,-0.9435973,-0.3309444,0.009434998,
1,3,6.353,0.9510484,1.813061,7.611989,-0.00330913,-0.9435973,-0.3309444,0.009434998,
1,3,6.355,0.9508014,1.816797,7.598898,-0.00330913,-0.9435973,-0.3309444,0.009434998,
1,3,6.357,0.9505544,1.820502,7.585807,-0.00330913,-0.9435973,-0.3309444,0.009434998,
1,3,6.359,0.9503074,1.824145,7.572716,-0.00330913,-0.9435973,-0.3309444,0.009434998,
1,3,6.361,0.9500604,1.827757,7.559625,-0.00330913,-0.9435973,-0.3309444,0.009434998,
1,3,6.363,0.9498134,1.831339,7.546534,-0.00330913,-0.9435973,-0.3309444,0.009434998,
1,3,6.365,0.9495664,1.834859,7.533442,-0.00330913,-0.9435973,-0.3309444,0.009434998,
1,3,6.367,0.9493194,1.838348,7.520351,-0.00330913,-0.9435973,-0.3309444,0.009434998,
1,3,6.369,0.9490724,1.841806,7.50726,-0.00330913,-0.9435973,-0.3309444,0.009434998,
1,3,6.371,0.9488254,1.845202,7.494169,-0.00330913,-0.9435973,-0.3309444,0.009434998,
1,3,6.373,0.9485784,1.848567,7.481078,-0.00330913,-0.9435973,-0.3309444,0.009434998,
1,3,6.375,0.9483314,1.851902,7.467987,-0.00330913,-0.9435973,-0.3309444,0.009434998,
1,3,6.377,0.9480844,1.855175,7.454896,-0.00330913,-0.9435973,-0.3309444,0.009434998,
1,3,6.379,0.9478374,1.858416,7.441805,-0.00330913,-0.9435973,-0.3309444,0.009434998,
1,3,6.381,0.9475904,1.861627,7.428714,-0.00330913,-0.9435973,-0.3309444,0.009434998,
1,3,6.383,0.9473433,1.864777,7.415623,-0.00330913,-0.9435973,-0.3309444,0.009434998,
1,3,6.385,0.9470963,1.867895,7.402532,-0.00330913,-0.9435973,-0.3309444,0.009434998,
1,3,6.387,0.9468493,1.870983,7.389441,-0.00330913,-0.9435973,-0.3309444,0.009434998,
1,3,6.389,0.9466023,1.874008,7.376349,-0.00330913,-0.9435973,-0.3309444,0.009434998,
1,3,6.391,0.9463553,1.877003,7.363258,-0.00330913,-0.9435973,-0.3309444,0.009434998,
1,3,6.393,0.9461083,1.879967,7.350167,-0.00330913,-0.9435973,-0.3309444,0.009434998,
1,3,6.395,0.9458613,1.88287,7.337076,-0.00330913,-0.9435973,-0.3309444,0.009434998,
1,3,6.397,0.9456143,1.885772,7.323985,-0.00330913,-0.9435973,-0.3309444,0.009434998,
1,3,6.399,0.9453673,1.888612,7.310894,-0.00330913,-0.9435973,-0.3309444,0.009434998,
1,3,6.401,0.9451203,1.891422,7.297803,-0.00330913,-0.9435973,-0.3309444,0.009434998,
1,3,6.403,0.9448733,1.894201,7.284712,-0.00330913,-0.9435973,-0.3309444,0.009434998,
1,3,6.405,0.9446263,1.896918,7.271621,-0.00330913,-0.9435973,-0.3309444,0.009434998,
1,3,6.407,0.9443793,1.899604,7.25853,-0.00330913,-0.9435973,-0.3309444,0.009434998,
1,3,6.409,0.9441323,1.902259,7.245439,-0.00330913,-0.9435973,-0.3309444,0.009434998,
1,3,6.411,0.9438853,1.904853,7.232347,-0.00330913,-0.9435973,-0.3309444,0.009434998,
1,3,6.413,0.9436383,1.907415,7.219256,-0.00330913,-0.9435973,-0.3309444,0.009434998,
1,3,6.415,0.9433913,1.909947,7.206165,-0.00330913,-0.9435973,-0.3309444,0.009434998,
1,3,6.417,0.9431443,1.912417,7.193074,-0.00330913,-0.9435973,-0.3309444,0.009434998,
1,3,6.419,0.9428973,1.914856,7.18023,-0.00330913,-0.9435973,-0.3309444,0.009434998,
1,3,6.421,0.9426503,1.917265,7.167386,-0.00330913,-0.9435973,-0.3309444,0.009434998,
1,3,6.423,0.9424033,1.919611,7.154542,-0.00330913,-0.9435973,-0.3309444,0.009434998,
1,3,6.425,0.9421563,1.921927,7.141698,-0.00330913,-0.9435973,-0.3309444,0.009434998,
1,3,6.427,0.9419093,1.924212,7.128854,-0.00330913,-0.9435973,-0.3309444,0.009434998,
1,3,6.429,0.9416623,1.926435,7.11601,-0.00330913,-0.9435973,-0.3309444,0.009434998,
1,3,6.431,0.9414153,1.928627,7.103166,-0.00330913,-0.9435973,-0.3309444,0.009434998,
1,3,6.433,0.9411683,1.930788,7.090322,-0.00330913,-0.9435973,-0.3309444,0.009434998,
1,3,6.435,0.9409213,1.932887,7.077477,-0.00330913,-0.9435973,-0.3309444,0.009434998,
1,3,6.437,0.9406743,1.934956,7.064633,-0.00330913,-0.9435973,-0.3309444,0.009434998,
1,3,6.439,0.9404273,1.936994,7.051789,-0.00330913,-0.9435973,-0.3309444,0.009434998,
1,3,6.441,0.9401803,1.939001,7.038945,-0.00330913,-0.9435973,-0.3309444,0.009434998,
1,3,6.443,0.9399333,1.940977,7.026101,-0.00330913,-0.9435973,-0.3309444,0.009434998,
1,3,6.445,0.9396863,1.942891,7.013257,-0.00330913,-0.9435973,-0.3309444,0.009434998,
1,3,6.447,0.9394393,1.944774,7.000413,-0.00330913,-0.9435973,-0.3309444,0.009434998,
1,3,6.449,0.9391923,1.946627,6.987569,-0.00330913,-0.9435973,-0.3309444,0.009434998,
1,3,6.451,0.9389453,1.948418,6.974725,-0.00330913,-0.9435973,-0.3309444,0.009434998,
1,3,6.453,0.9386983,1.950178,6.961881,-0.00330913,-0.9435973,-0.3309444,0.009434998,
1,3,6.455,0.9384513,1.951907,6.949037,-0.00330913,-0.9435973,-0.3309444,0.009434998,
1,3,6.457,0.9382043,1.953574,6.936193,-0.00330913,-0.9435973,-0.3309444,0.009434998,
1,3,6.459,0.9379573,1.95521,6.923348,-0.00330913,-0.9435973,-0.3309444,0.009434998,
1,3,6.461,0.9377103,1.956816,6.910504,-0.00330913,-0.9435973,-0.3309444,0.009434998,
1,3,6.463,0.9374633,1.958359,6.89766,-0.00330913,-0.9435973,-0.3309444,0.009434998,
1,3,6.465,0.9372163,1.959872,6.884816,-0.00330913,-0.9435973,-0.3309444,0.009434998,
1,3,6.467,0.9369693,1.961354,6.871972,-0.00330913,-0.9435973,-0.3309444,0.009434998,
1,3,6.469,0.9367223,1.962775,6.859128,-0.00330913,-0.9435973,-0.3309444,0.009434998,
1,3,6.471,0.9364753,1.964164,6.846284,-0.00330913,-0.9435973,-0.3309444,0.009434998,
1,3,6.473,0.9362283,1.965523,6.83344,-0.00330913,-0.9435973,-0.3309444,0.009434998,
1,3,6.475,0.9359813,1.96685,6.820596,-0.00330913,-0.9435973,-0.3309444,0.009434998,
1,3,6.477,0.9357343,1.968147,6.807752,-0.00330913,-0.9435973,-0.3309444,0.009434998,
1,3,6.479,0.9354873,1.969382,6.794908,-0.00330913,-0.9435973,-0.3309444,0.009434998,
1,3,6.481,0.9352403,1.970586,6.782063,-0.00330913,-0.9435973,-0.3309444,0.009434998,
1,3,6.483,0.9349933,1.971759,6.769219,-0.00330913,-0.9435973,-0.3309444,0.009434998,
1,3,6.485,0.9347463,1.972871,6.756375,-0.00330913,-0.9435973,-0.3309444,0.009434998,
1,3,6.487,0.9344993,1.973951,6.743531,-0.00330913,-0.9435973,-0.3309444,0.009434998,
1,3,6.489,0.9342523,1.975001,6.730687,-0.00330913,-0.9435973,-0.3309444,0.009434998,
1,3,6.491,0.9340053,1.975989,6.717843,-0.00330913,-0.9435973,-0.3309444,0.009434998,
1,3,6.493,0.9337583,1.976946,6.704999,-0.00330913,-0.9435973,-0.3309444,0.009434998,
1,3,6.495,0.9335113,1.977873,6.692155,-0.00330913,-0.9435973,-0.3309444,0.009434998,
1,3,6.497,0.9332643,1.978737,6.679311,-0.00330913,-0.9435973,-0.3309444,0.009434998,
1,3,6.499,0.9330173,1.979571,6.666467,-0.00330913,-0.9435973,-0.3309444,0.009434998,
1,3,6.501,0.9327703,1.980374,6.653623,-0.00330913,-0.9435973,-0.3309444,0.009434998,
1,3,6.503,0.9325233,1.981145,6.640779,-0.00330913,-0.9435973,-0.3309444,0.009434998,
1,3,6.505,0.9322762,1.981886,6.627934,-0.00330913,-0.9435973,-0.3309444,0.009434998,
1,3,6.507,0.9320292,1.982566,6.61509,-0.00330913,-0.9435973,-0.3309444,0.009434998,
1,3,6.509,0.9317822,1.983214,6.602246,-0.00330913,-0.9435973,-0.3309444,0.009434998,
1,3,6.511,0.9315352,1.983832,6.589402,-0.00330913,-0.9435973,-0.3309444,0.009434998,
1,3,6.513,0.9312882,1.984387,6.576558,-0.00330913,-0.9435973,-0.3309444,0.009434998,
1,3,6.515,0.9310412,1.984912,6.563714,-0.00330913,-0.9435973,-0.3309444,0.009434998,
1,3,6.517,0.9307942,1.985406,6.55087,-0.00330913,-0.9435973,-0.3309444,0.009434998,
1,3,6.519,0.9305472,1.985838,6.538026,-0.00330913,-0.9435973,-0.3309444,0.009434998,
1,3,6.521,0.9303002,1.98624,6.525182,-0.00330913,-0.9435973,-0.3309444,0.009434998,
1,3,6.523,0.9300532,1.98661,6.512338,-0.00330913,-0.9435973,-0.3309444,0.009434998,
1,3,6.525,0.9298062,1.986919,6.499494,-0.00330913,-0.9435973,-0.3309444,0.009434998,
1,3,6.527,0.9295592,1.987228,6.48665,-0.00330913,-0.9435973,-0.3309444,0.009434998,
1,3,6.529,0.9293122,1.987475,6.473805,-0.00330913,-0.9435973,-0.3309444,0.009434998,
1,3,6.531,0.9290652,1.987691,6.460961,-0.00330913,-0.9435973,-0.3309444,0.009434998,
1,3,6.533,0.9288182,1.987876,6.448117,-0.00330913,-0.9435973,-0.3309444,0.009434998,
1,3,6.535,0.9285712,1.988,6.435397,-0.00330913,-0.9435973,-0.3309444,0.009434998,
1,3,6.537,0.9283242,1.988092,6.4228,-0.00330913,-0.9435973,-0.3309444,0.009434998,
1,3,6.539,0.9280772,1.988154,6.410203,-0.00330913,-0.9435973,-0.3309444,0.009434998,
1,3,6.541,0.9278302,1.988154,6.397605,-0.00330913,-0.9435973,-0.3309444,0.009434998,
1,3,6.543,0.9275832,1.988123,6.385008,-0.00330913,-0.9435973,-0.3309444,0.009434998,
1,3,6.545,0.9273362,1.988061,6.372411,-0.00330913,-0.9435973,-0.3309444,0.009434998,
1,3,6.547,0.9270892,1.987938,6.359814,-0.00330913,-0.9435973,-0.3309444,0.009434998,
1,3,6.549,0.9268422,1.987784,6.347217,-0.00330913,-0.9435973,-0.3309444,0.009434998,
1,3,6.551,0.9265952,1.987598,6.33462,-0.00330913,-0.9435973,-0.3309444,0.009434998,
1,3,6.553,0.9263482,1.987382,6.322023,-0.00330913,-0.9435973,-0.3309444,0.009434998,
1,3,6.555,0.9261012,1.987135,6.309426,-0.00330913,-0.9435973,-0.3309444,0.009434998,
1,3,6.557,0.9258542,1.986826,6.296829,-0.00330913,-0.9435973,-0.3309444,0.009434998,
1,3,6.559,0.9256072,1.986487,6.284232,-0.00330913,-0.9435973,-0.3309444,0.009434998,
1,3,6.561,0.9253602,1.986116,6.271635,-0.00330913,-0.9435973,-0.3309444,0.009434998,
1,3,6.563,0.9251132,1.985684,6.259037,-0.00330913,-0.9435973,-0.3309444,0.009434998,
1,3,6.565,0.9248662,1.985221,6.24644,-0.00330913,-0.9435973,-0.3309444,0.009434998,
1,3,6.567,0.9246192,1.984727,6.233843,-0.00330913,-0.9435973,-0.3309444,0.009434998,
1,3,6.569,0.9243722,1.984171,6.221246,-0.00330913,-0.9435973,-0.3309444,0.009434998,
1,3,6.571,0.9241252,1.983585,6.208649,-0.00330913,-0.9435973,-0.3309444,0.009434998,
1,3,6.573,0.9238782,1.982967,6.196052,-0.00330913,-0.9435973,-0.3309444,0.009434998,
1,3,6.575,0.9236312,1.982319,6.183455,-0.00330913,-0.9435973,-0.3309444,0.009434998,
1,3,6.577,0.9233842,1.981639,6.170858,-0.00330913,-0.9435973,-0.3309444,0.009434998,
1,3,6.579,0.9231372,1.980898,6.158261,-0.00330913,-0.9435973,-0.3309444,0.009434998,
1,3,6.581,0.9228902,1.980127,6.145664,-0.00330913,-0.9435973,-0.3309444,0.009434998,
1,3,6.583,0.9226432,1.979324,6.133067,-0.00330913,-0.9435973,-0.3309444,0.009434998,
1,3,6.585,0.9223962,1.978459,6.12047,-0.00330913,-0.9435973,-0.3309444,0.009434998,
1,3,6.587,0.9221492,1.977564,6.107872,-0.00330913,-0.9435973,-0.3309444,0.009434998,
1,3,6.589,0.9219022,1.976638,6.095275,-0.00330913,-0.9435973,-0.3309444,0.009434998,
1,3,6.591,0.9216552,1.97565,6.082678,-0.00330913,-0.9435973,-0.3309444,0.009434998,
1,3,6.593,0.9214082,1.974662,6.070081,-0.00330913,-0.9435973,-0.3309444,0.009434998,
1,3,6.595,0.9211612,1.973612,6.057484,-0.00330913,-0.9435973,-0.3309444,0.009434998,
1,3,6.597,0.9209142,1.972531,6.044887,-0.00330913,-0.9435973,-0.3309444,0.009434998,
1,3,6.599,0.9206672,1.97142,6.03229,-0.00330913,-0.9435973,-0.3309444,0.009434998,
1,3,6.601,0.9204202,1.970246,6.019693,-0.00330913,-0.9435973,-0.3309444,0.009434998,
1,3,6.603,0.9201732,1.969042,6.007096,-0.00330913,-0.9435973,-0.3309444,0.009434998,
1,3,6.605,0.9199262,1.967807,5.994499,-0.00330913,-0.9435973,-0.3309444,0.009434998,
1,3,6.607,0.9196792,1.966511,5.981902,-0.00330913,-0.9435973,-0.3309444,0.009434998,
1,3,6.609,0.9194322,1.965183,5.969305,-0.00330913,-0.9435973,-0.3309444,0.009434998,
1,3,6.611,0.9191852,1.963824,5.956707,-0.00330913,-0.9435973,-0.3309444,0.009434998,
1,3,6.613,0.9189382,1.962435,5.94411,-0.00330913,-0.9435973,-0.3309444,0.009434998,
1,3,6.615,0.9186912,1.961015,5.931513,-0.00330913,-0.9435973,-0.3309444,0.009434998,
1,3,6.617,0.9184442,1.959533,5.918916,-0.00330913,-0.9435973,-0.3309444,0.009434998,
1,3,6.619,0.9181972,1.95802,5.906319,-0.00330913,-0.9435973,-0.3309444,0.009434998,
1,3,6.621,0.9179502,1.956476,5.893722,-0.00330913,-0.9435973,-0.3309444,0.009434998,
1,3,6.623,0.9177032,1.954871,5.881125,-0.00330913,-0.9435973,-0.3309444,0.009434998,
1,3,6.625,0.9174562,1.953234,5.868528,-0.00330913,-0.9435973,-0.3309444,0.009434998,
1,3,6.627,0.9172091,1.951567,5.855931,-0.00330913,-0.9435973,-0.3309444,0.009434998,
1,3,6.629,0.9169621,1.949838,5.843334,-0.00330913,-0.9435973,-0.3309444,0.009434998,
1,3,6.631,0.9167151,1.948109,5.830737,-0.00330913,-0.9435973,-0.3309444,0.009434998,
1,3,6.633,0.9164681,1.946318,5.81814,-0.00330913,-0.9435973,-0.3309444,0.009434998,
1,3,6.635,0.9162211,1.944497,5.805542,-0.00330913,-0.9435973,-0.3309444,0.009434998,
1,3,6.637,0.9159741,1.942644,5.792945,-0.00330913,-0.9435973,-0.3309444,0.009434998,
1,3,6.639,0.9157271,1.94073,5.780348,-0.00330913,-0.9435973,-0.3309444,0.009434998,
1,3,6.641,0.9154801,1.938785,5.767751,-0.00330913,-0.9435973,-0.3309444,0.009434998,
1,3,6.643,0.9152331,1.936809,5.755154,-0.00330913,-0.9435973,-0.3309444,0.009434998,
1,3,6.645,0.9149861,1.934771,5.742557,-0.00330913,-0.9435973,-0.3309444,0.009434998,
1,3,6.647,0.9147391,1.932733,5.72996,-0.00330913,-0.9435973,-0.3309444,0.009434998,
1,3,6.649,0.9144921,1.930634,5.717363,-0.00330913,-0.9435973,-0.3309444,0.009434998,
1,3,6.651,0.9142451,1.928503,5.704766,-0.00330913,-0.9435973,-0.3309444,0.009434998,
1,3,6.653,0.9139981,1.926342,5.692169,-0.00330913,-0.9435973,-0.3309444,0.009434998,
1,3,6.655,0.9137511,1.924119,5.679572,-0.00330913,-0.9435973,-0.3309444,0.009434998,
1,3,6.657,0.9135041,1.921865,5.667222,-0.00330913,-0.9435973,-0.3309444,0.009434998,
1,3,6.659,0.9132571,1.91958,5.654871,-0.00330913,-0.9435973,-0.3309444,0.009434998,
1,3,6.661,0.9130101,1.917234,5.642521,-0.00330913,-0.9435973,-0.3309444,0.009434998,
1,3,6.663,0.9127631,1.914887,5.630171,-0.00330913,-0.9435973,-0.3309444,0.009434998,
1,3,6.665,0.9125161,1.912479,5.617821,-0.00330913,-0.9435973,-0.3309444,0.009434998,
1,3,6.667,0.9122691,1.91004,5.605471,-0.00330913,-0.9435973,-0.3309444,0.009434998,
1,3,6.669,0.9120221,1.90757,5.593121,-0.00330913,-0.9435973,-0.3309444,0.009434998,
1,3,6.671,0.9117751,1.905038,5.580771,-0.00330913,-0.9435973,-0.3309444,0.009434998,
1,3,6.673,0.9115281,1.902475,5.568421,-0.00330913,-0.9435973,-0.3309444,0.009434998,
1,3,6.675,0.9112811,1.899882,5.556071,-0.00330913,-0.9435973,-0.3309444,0.009434998,
1,3,6.677,0.9110341,1.897227,5.543721,-0.00330913,-0.9435973,-0.3309444,0.009434998,
1,3,6.679,0.9107871,1.894571,5.531371,-0.00330913,-0.9435973,-0.3309444,0.009434998,
1,3,6.681,0.9105401,1.891854,5.519021,-0.00330913,-0.9435973,-0.3309444,0.009434998,
1,3,6.683,0.9102931,1.889106,5.50667,-0.00330913,-0.9435973,-0.3309444,0.009434998,
1,3,6.685,0.9100461,1.886328,5.49432,-0.00330913,-0.9435973,-0.3309444,0.009434998,
1,3,6.687,0.9097991,1.883487,5.48197,-0.00330913,-0.9435973,-0.3309444,0.009434998,
1,3,6.689,0.9095521,1.880616,5.46962,-0.00330913,-0.9435973,-0.3309444,0.009434998,
1,3,6.691,0.9093051,1.877713,5.45727,-0.00330913,-0.9435973,-0.3309444,0.009434998,
1,3,6.693,0.9090581,1.874749,5.44492,-0.00330913,-0.9435973,-0.3309444,0.009434998,
1,3,6.695,0.9088111,1.871785,5.43257,-0.00330913,-0.9435973,-0.3309444,0.009434998,
1,3,6.697,0.9085641,1.86876,5.42022,-0.00330913,-0.9435973,-0.3309444,0.009434998,
1,3,6.699,0.9083171,1.865703,5.40787,-0.00330913,-0.9435973,-0.3309444,0.009434998,
1,3,6.701,0.9080701,1.862615,5.39552,-0.00330913,-0.9435973,-0.3309444,0.009434998,
1,3,6.703,0.9078231,1.859466,5.38317,-0.00330913,-0.9435973,-0.3309444,0.009434998,
1,3,6.705,0.9075761,1.856286,5.37082,-0.00330913,-0.9435973,-0.3309444,0.009434998,
1,3,6.707,0.9073291,1.853075,5.358469,-0.00330913,-0.9435973,-0.3309444,0.009434998,
1,3,6.709,0.9070821,1.849833,5.346119,-0.00330913,-0.9435973,-0.3309444,0.009434998,
1,3,6.711,0.9068351,1.84656,5.333769,-0.00330913,-0.9435973,-0.3309444,0.009434998,
1,3,6.713,0.9065881,1.843226,5.321419,-0.00330913,-0.9435973,-0.3309444,0.009434998,
1,3,6.715,0.9063411,1.83986,5.309069,-0.00330913,-0.9435973,-0.3309444,0.009434998,
1,3,6.717,0.9060941,1.836464,5.296719,-0.00330913,-0.9435973,-0.3309444,0.009434998,
1,3,6.719,0.9058471,1.833006,5.284369,-0.00330913,-0.9435973,-0.3309444,0.009434998,
1,3,6.721,0.9056001,1.829517,5.272019,-0.00330913,-0.9435973,-0.3309444,0.009434998,
1,3,6.723,0.9053531,1.825997,5.259669,-0.00330913,-0.9435973,-0.3309444,0.009434998,
1,3,6.725,0.9051061,1.822447,5.247319,-0.00330913,-0.9435973,-0.3309444,0.009434998,
1,3,6.727,0.9048591,1.818865,5.234969,-0.00330913,-0.9435973,-0.3309444,0.009434998,
1,3,6.729,0.9046121,1.815222,5.222619,-0.00330913,-0.9435973,-0.3309444,0.009434998,
1,3,6.731,0.9043651,1.811548,5.210268,-0.00330913,-0.9435973,-0.3309444,0.009434998,
1,3,6.733,0.9041181,1.807843,5.197918,-0.00330913,-0.9435973,-0.3309444,0.009434998,
1,3,6.735,0.9038711,1.804076,5.185568,-0.00330913,-0.9435973,-0.3309444,0.009434998,
1,3,6.737,0.9036241,1.800309,5.173218,-0.00330913,-0.9435973,-0.3309444,0.009434998,
1,3,6.739,0.9033771,1.796481,5.160868,-0.00330913,-0.9435973,-0.3309444,0.009434998,
1,3,6.741,0.9031301,1.792621,5.148518,-0.00330913,-0.9435973,-0.3309444,0.009434998,
1,3,6.743,0.9028831,1.788731,5.136168,-0.00330913,-0.9435973,-0.3309444,0.009434998,
1,3,6.745,0.9026361,1.784779,5.123818,-0.00330913,-0.9435973,-0.3309444,0.009434998,
1,3,6.747,0.902389,1.780796,5.111468,-0.00330913,-0.9435973,-0.3309444,0.009434998,
1,3,6.749,0.902142,1.776782,5.099118,-0.00330913,-0.9435973,-0.3309444,0.009434998,
1,3,6.751,0.901895,1.772738,5.086768,-0.00330913,-0.9435973,-0.3309444,0.009434998,
1,3,6.753,0.901648,1.768662,5.074418,-0.00330913,-0.9435973,-0.3309444,0.009434998,
1,3,6.755,0.901401,1.764525,5.062068,-0.00330913,-0.9435973,-0.3309444,0.009434998,
1,3,6.757,0.901154,1.760357,5.049717,-0.00330913,-0.9435973,-0.3309444,0.009434998,
1,3,6.759,0.900907,1.756158,5.037367,-0.00330913,-0.9435973,-0.3309444,0.009434998,
1,3,6.761,0.90066,1.751897,5.025017,-0.00330913,-0.9435973,-0.3309444,0.009434998,
1,3,6.763,0.900413,1.747636,5.012667,-0.00330913,-0.9435973,-0.3309444,0.009434998,
1,3,6.765,0.900166,1.743314,5.000317,-0.00330913,-0.9435973,-0.3309444,0.009434998,
1,3,6.767,0.899919,1.73896,4.987967,-0.00330913,-0.9435973,-0.3309444,0.009434998,
1,3,6.769,0.899672,1.734576,4.975617,-0.00330913,-0.9435973,-0.3309444,0.009434998,
1,3,6.771,0.899425,1.73013,4.963267,-0.00330913,-0.9435973,-0.3309444,0.009434998,
1,3,6.773,0.899178,1.725653,4.950917,-0.00330913,-0.9435973,-0.3309444,0.009434998,
1,3,6.775,0.898931,1.721145,4.938567,-0.00330913,-0.9435973,-0.3309444,0.009434998,
1,3,6.777,0.898684,1.716607,4.926217,-0.00330913,-0.9435973,-0.3309444,0.009434998,
1,3,6.779,0.898437,1.712037,4.91399,-0.00330913,-0.9435973,-0.3309444,0.009434998,
1,3,6.781,0.89819,1.707406,4.901887,-0.00330913,-0.9435973,-0.3309444,0.009434998,
1,3,6.783,0.897943,1.702744,4.889784,-0.00330913,-0.9435973,-0.3309444,0.009434998,
1,3,6.785,0.897696,1.698051,4.877681,-0.00330913,-0.9435973,-0.3309444,0.009434998,
1,3,6.787,0.897449,1.693296,4.865578,-0.00330913,-0.9435973,-0.3309444,0.009434998,
1,3,6.789,0.897202,1.688541,4.853475,-0.00330913,-0.9435973,-0.3309444,0.009434998,
1,3,6.791,0.896955,1.683725,4.841372,-0.00330913,-0.9435973,-0.3309444,0.009434998,
1,3,6.793,0.896708,1.678877,4.829268,-0.00330913,-0.9435973,-0.3309444,0.009434998,
1,3,6.795,0.896461,1.673999,4.817165,-0.00330913,-0.9435973,-0.3309444,0.009434998,
1,3,6.797,0.896214,1.669059,4.805062,-0.00330913,-0.9435973,-0.3309444,0.009434998,
1,3,6.799,0.895967,1.664088,4.792959,-0.00330913,-0.9435973,-0.3309444,0.009434998,
1,3,6.801,0.89572,1.659086,4.780856,-0.00330913,-0.9435973,-0.3309444,0.009434998,
1,3,6.803,0.895473,1.654053,4.768753,-0.00330913,-0.9435973,-0.3309444,0.009434998,
1,3,6.805,0.895226,1.64899,4.75665,-0.00330913,-0.9435973,-0.3309444,0.009434998,
1,3,6.807,0.894979,1.643865,4.744547,-0.00330913,-0.9435973,-0.3309444,0.009434998,
1,3,6.809,0.894732,1.638708,4.732444,-0.00330913,-0.9435973,-0.3309444,0.009434998,
1,3,6.811,0.894485,1.633521,4.720341,-0.00330913,-0.9435973,-0.3309444,0.009434998,
1,3,6.813,0.894238,1.628304,4.708238,-0.00330913,-0.9435973,-0.3309444,0.009434998,
1,3,6.815,0.893991,1.623055,4.696135,-0.00330913,-0.9435973,-0.3309444,0.009434998,
1,3,6.817,0.893744,1.617744,4.684031,-0.00330913,-0.9435973,-0.3309444,0.009434998,
1,3,6.819,0.893497,1.612403,4.671928,-0.00330913,-0.9435973,-0.3309444,0.009434998,
1,3,6.821,0.89325,1.607031,4.659825,-0.00330913,-0.9435973,-0.3309444,0.009434998,
1,3,6.823,0.893003,1.601596,4.647722,-0.00330913,-0.9435973,-0.3309444,0.009434998,
1,3,6.825,0.892756,1.596162,4.635619,-0.00330913,-0.9435973,-0.3309444,0.009434998,
1,3,6.827,0.892509,1.590667,4.623516,-0.00330913,-0.9435973,-0.3309444,0.009434998,
1,3,6.829,0.892262,1.58514,4.611413,-0.00330913,-0.9435973,-0.3309444,0.009434998,
1,3,6.831,0.892015,1.579582,4.59931,-0.00330913,-0.9435973,-0.3309444,0.009434998,
1,3,6.833,0.891768,1.573963,4.587207,-0.00330913,-0.9435973,-0.3309444,0.009434998,
1,3,6.835,0.891521,1.568344,4.575104,-0.00330913,-0.9435973,-0.3309444,0.009434998,
1,3,6.837,0.891274,1.562663,4.563001,-0.00330913,-0.9435973,-0.3309444,0.009434998,
1,3,6.839,0.891027,1.556951,4.550898,-0.00330913,-0.9435973,-0.3309444,0.009434998,
1,3,6.841,0.89078,1.551208,4.538795,-0.00330913,-0.9435973,-0.3309444,0.009434998,
1,3,6.843,0.890533,1.545404,4.526691,-0.00330913,-0.9435973,-0.3309444,0.009434998,
1,3,6.845,0.890286,1.539568,4.514588,-0.00330913,-0.9435973,-0.3309444,0.009434998,
1,3,6.847,0.890039,1.533702,4.502485,-0.00330913,-0.9435973,-0.3309444,0.009434998,
1,3,6.849,0.889792,1.527805,4.490382,-0.00330913,-0.9435973,-0.3309444,0.009434998,
1,3,6.851,0.889545,1.521877,4.478279,-0.00330913,-0.9435973,-0.3309444,0.009434998,
1,3,6.853,0.889298,1.515887,4.466176,-0.00330913,-0.9435973,-0.3309444,0.009434998,
1,3,6.855,0.889051,1.509866,4.454073,-0.00330913,-0.9435973,-0.3309444,0.009434998,
1,3,6.857,0.888804,1.503815,4.44197,-0.00330913,-0.9435973,-0.3309444,0.009434998,
1,3,6.859,0.888557,1.497732,4.429867,-0.00330913,-0.9435973,-0.3309444,0.009434998,
1,3,6.861,0.88831,1.491619,4.417764,-0.00330913,-0.9435973,-0.3309444,0.009434998,
1,3,6.863,0.888063,1.485444,4.405661,-0.00330913,-0.9435973,-0.3309444,0.009434998,
1,3,6.865,0.887816,1.479238,4.393558,-0.00330913,-0.9435973,-0.3309444,0.009434998,
1,3,6.867,0.887569,1.473001,4.381454,-0.00330913,-0.9435973,-0.3309444,0.009434998,
1,3,6.869,0.8873219,1.466734,4.369351,-0.00330913,-0.9435973,-0.3309444,0.009434998,
1,3,6.871,0.8870749,1.460435,4.357248,-0.00330913,-0.9435973,-0.3309444,0.009434998,
1,3,6.873,0.8868279,1.454075,4.345145,-0.00330913,-0.9435973,-0.3309444,0.009434998,
1,3,6.875,0.8865809,1.447684,4.333042,-0.00330913,-0.9435973,-0.3309444,0.009434998,
1,3,6.877,0.8863339,1.441262,4.320939,-0.00330913,-0.9435973,-0.3309444,0.009434998,
1,3,6.879,0.8860869,1.434809,4.308836,-0.00330913,-0.9435973,-0.3309444,0.009434998,
1,3,6.881,0.8858399,1.428325,4.296733,-0.00330913,-0.9435973,-0.3309444,0.009434998,
1,3,6.883,0.8855929,1.421779,4.28463,-0.00330913,-0.9435973,-0.3309444,0.009434998,
1,3,6.885,0.8853459,1.415203,4.272527,-0.00330913,-0.9435973,-0.3309444,0.009434998,
1,3,6.887,0.8850989,1.408596,4.260424,-0.00330913,-0.9435973,-0.3309444,0.009434998,
1,3,6.889,0.8848519,1.401957,4.248321,-0.00330913,-0.9435973,-0.3309444,0.009434998,
1,3,6.891,0.8846049,1.395288,4.236217,-0.00330913,-0.9435973,-0.3309444,0.009434998,
1,3,6.893,0.8843579,1.388558,4.224114,-0.00330913,-0.9435973,-0.3309444,0.009434998,
1,3,6.895,0.8841109,1.381796,4.212011,-0.00330913,-0.9435973,-0.3309444,0.009434998,
1,3,6.897,0.8838639,1.375003,4.199908,-0.00330913,-0.9435973,-0.3309444,0.009434998,
1,3,6.899,0.8836169,1.36818,4.187929,-0.00330913,-0.9435973,-0.3309444,0.009434998,
1,3,6.901,0.8833699,1.361326,4.176073,-0.00330913,-0.9435973,-0.3309444,0.009434998,
1,3,6.903,0.8831229,1.35441,4.164217,-0.00330913,-0.9435973,-0.3309444,0.009434998,
1,3,6.905,0.8828759,1.347463,4.15236,-0.00330913,-0.9435973,-0.3309444,0.009434998,
1,3,6.907,0.8826289,1.340485,4.140504,-0.00330913,-0.9435973,-0.3309444,0.009434998,
1,3,6.909,0.8823819,1.333476,4.128648,-0.00330913,-0.9435973,-0.3309444,0.009434998,
1,3,6.911,0.8821349,1.326437,4.116792,-0.00330913,-0.9435973,-0.3309444,0.009434998,
1,3,6.913,0.8818879,1.319335,4.104936,-0.00330913,-0.9435973,-0.3309444,0.009434998,
1,3,6.915,0.8816409,1.312203,4.09308,-0.00330913,-0.9435973,-0.3309444,0.009434998,
1,3,6.917,0.8813939,1.30504,4.081224,-0.00330913,-0.9435973,-0.3309444,0.009434998,
1,3,6.919,0.8811469,1.297846,4.069368,-0.00330913,-0.9435973,-0.3309444,0.009434998,
1,3,6.921,0.8808999,1.290621,4.057512,-0.00330913,-0.9435973,-0.3309444,0.009434998,
1,3,6.923,0.8806529,1.283335,4.045656,-0.00330913,-0.9435973,-0.3309444,0.009434998,
1,3,6.925,0.8804059,1.276017,4.0338,-0.00330913,-0.9435973,-0.3309444,0.009434998,
1,3,6.927,0.8801589,1.268669,4.021944,-0.00330913,-0.9435973,-0.3309444,0.009434998,
1,3,6.929,0.8799119,1.26129,4.010087,-0.00330913,-0.9435973,-0.3309444,0.009434998,
1,3,6.931,0.8796649,1.25388,3.998231,-0.00330913,-0.9435973,-0.3309444,0.009434998,
1,3,6.933,0.8794179,1.246408,3.986375,-0.00330913,-0.9435973,-0.3309444,0.009434998,
1,3,6.935,0.8791709,1.238905,3.974519,-0.00330913,-0.9435973,-0.3309444,0.009434998,
1,3,6.937,0.8789239,1.231372,3.962663,-0.00330913,-0.9435973,-0.3309444,0.009434998,
1,3,6.939,0.8786769,1.223807,3.950807,-0.00330913,-0.9435973,-0.3309444,0.009434998,
1,3,6.941,0.8784299,1.216212,3.938951,-0.00330913,-0.9435973,-0.3309444,0.009434998,
1,3,6.943,0.8781829,1.208555,3.927095,-0.00330913,-0.9435973,-0.3309444,0.009434998,
1,3,6.945,0.8779359,1.200898,3.915239,-0.00330913,-0.9435973,-0.3309444,0.009434998,
1,3,6.947,0.8776889,1.193179,3.903383,-0.00330913,-0.9435973,-0.3309444,0.009434998,
1,3,6.949,0.8774419,1.18543,3.891527,-0.00330913,-0.9435973,-0.3309444,0.009434998,
1,3,6.951,0.8771949,1.177649,3.879671,-0.00330913,-0.9435973,-0.3309444,0.009434998,
1,3,6.953,0.8769479,1.169807,3.867815,-0.00330913,-0.9435973,-0.3309444,0.009434998,
1,3,6.955,0.8767009,1.161964,3.855958,-0.00330913,-0.9435973,-0.3309444,0.009434998,
1,3,6.957,0.8764539,1.15406,3.844102,-0.00330913,-0.9435973,-0.3309444,0.009434998,
1,3,6.959,0.8762069,1.146125,3.832246,-0.00330913,-0.9435973,-0.3309444,0.009434998,
1,3,6.961,0.8759599,1.13816,3.82039,-0.00330913,-0.9435973,-0.3309444,0.009434998,
1,3,6.963,0.8757129,1.130132,3.808534,-0.00330913,-0.9435973,-0.3309444,0.009434998,
1,3,6.965,0.8754659,1.122105,3.796678,-0.00330913,-0.9435973,-0.3309444,0.009434998,
1,3,6.967,0.8752189,1.114015,3.784822,-0.00330913,-0.9435973,-0.3309444,0.009434998,
1,3,6.969,0.8749719,1.105895,3.772966,-0.00330913,-0.9435973,-0.3309444,0.009434998,
1,3,6.971,0.8747249,1.097744,3.76111,-0.00330913,-0.9435973,-0.3309444,0.009434998,
1,3,6.973,0.8744779,1.089562,3.749254,-0.00330913,-0.9435973,-0.3309444,0.009434998,
1,3,6.975,0.8742309,1.081349,3.737398,-0.00330913,-0.9435973,-0.3309444,0.009434998,
1,3,6.977,0.8739839,1.073075,3.725542,-0.00330913,-0.9435973,-0.3309444,0.009434998,
1,3,6.979,0.8737369,1.064769,3.713686,-0.00330913,-0.9435973,-0.3309444,0.009434998,
1,3,6.981,0.8734899,1.056433,3.701829,-0.00330913,-0.9435973,-0.3309444,0.009434998,
1,3,6.983,0.8732429,1.048066,3.689973,-0.00330913,-0.9435973,-0.3309444,0.009434998,
1,3,6.985,0.8729959,1.039668,3.678117,-0.00330913,-0.9435973,-0.3309444,0.009434998,
1,3,6.987,0.8727489,1.031208,3.666385,-0.00330913,-0.9435973,-0.3309444,0.009434998,
1,3,6.989,0.8725019,1.022748,3.654652,-0.00330913,-0.9435973,-0.3309444,0.009434998,
1,3,6.991,0.8722548,1.014227,3.64292,-0.00330913,-0.9435973,-0.3309444,0.009434998,
1,3,6.993,0.8720078,1.005674,3.631187,-0.00330913,-0.9435973,-0.3309444,0.009434998,
1,3,6.995,0.8717608,0.9970908,3.619454,-0.00330913,-0.9435973,-0.3309444,0.009434998,
1,3,6.997,0.8715138,0.9884612,3.607722,-0.00330913,-0.9435973,-0.3309444,0.009434998,
1,3,6.999,0.8712668,0.9798007,3.595989,-0.00330913,-0.9435973,-0.3309444,0.009434998,
1,3,7.001,0.8710198,0.9711093,3.584257,-0.00330913,-0.9435973,-0.3309444,0.009434998,
1,3,7.003,0.8707728,0.9623716,3.572524,-0.00330913,-0.9435973,-0.3309444,0.009434998,
1,3,7.005,0.8705258,0.9536031,3.560791,-0.00330913,-0.9435973,-0.3309444,0.009434998,
1,3,7.007,0.8702788,0.9448037,3.549059,-0.00330913,-0.9435973,-0.3309444,0.009434998,
1,3,7.009,0.8700318,0.9359579,3.537326,-0.00330913,-0.9435973,-0.3309444,0.009434998,
1,3,7.011,0.8697848,0.9270813,3.525594,-0.00330913,-0.9435973,-0.3309444,0.009434998,
1,3,7.013,0.8695378,0.9181738,3.513861,-0.00330913,-0.9435973,-0.3309444,0.009434998,
1,3,7.015,0.8692908,0.90922,3.502129,-0.00330913,-0.9435973,-0.3309444,0.009434998,
1,3,7.017,0.8690438,0.9002353,3.490396,-0.00330913,-0.9435973,-0.3309444,0.009434998,
1,3,7.019,0.8687968,0.8912197,3.478663,-0.00330913,-0.9435973,-0.3309444,0.009434998,
1,3,7.021,0.8685498,0.8821579,3.466931,-0.00330913,-0.9435973,-0.3309444,0.009434998,
1,3,7.023,0.8683028,0.8730651,3.455198,-0.00330913,-0.9435973,-0.3309444,0.009434998,
1,3,7.025,0.8680558,0.8639415,3.443466,-0.00330913,-0.9435973,-0.3309444,0.009434998,
1,3,7.027,0.8678088,0.8547716,3.431733,-0.00330913,-0.9435973,-0.3309444,0.009434998,
1,3,7.029,0.8675618,0.8455707,3.420001,-0.00330913,-0.9435973,-0.3309444,0.009434998,
1,3,7.031,0.8673148,0.8363391,3.408268,-0.00330913,-0.9435973,-0.3309444,0.009434998,
1,3,7.033,0.8670678,0.8270611,3.396535,-0.00330913,-0.9435973,-0.3309444,0.009434998,
1,3,7.035,0.8668208,0.8177522,3.384803,-0.00330913,-0.9435973,-0.3309444,0.009434998,
1,3,7.037,0.8665738,0.8084124,3.37307,-0.00330913,-0.9435973,-0.3309444,0.009434998,
1,3,7.039,0.8663268,0.7990264,3.361338,-0.00330913,-0.9435973,-0.3309444,0.009434998,
1,3,7.041,0.8660798,0.7896094,3.349605,-0.00330913,-0.9435973,-0.3309444,0.009434998,
1,3,7.043,0.8658328,0.7801616,3.337996,-0.00330913,-0.9435973,-0.3309444,0.009434998,
1,3,7.045,0.8655858,0.7706675,3.326387,-0.00330913,-0.9435973,-0.3309444,0.009434998,
1,3,7.047,0.8653388,0.7611425,3.314778,-0.00330913,-0.9435973,-0.3309444,0.009434998,
1,3,7.049,0.8650918,0.7515866,3.303169,-0.00330913,-0.9435973,-0.3309444,0.009434998,
1,3,7.051,0.8648448,0.7419999,3.29156,-0.00330913,-0.9435973,-0.3309444,0.009434998,
1,3,7.053,0.8645978,0.7323668,3.279951,-0.00330913,-0.9435973,-0.3309444,0.009434998,
1,3,7.055,0.8643508,0.7227029,3.268342,-0.00330913,-0.9435973,-0.3309444,0.009434998,
1,3,7.057,0.8641038,0.713008,3.256732,-0.00330913,-0.9435973,-0.3309444,0.009434998,
1,3,7.059,0.8638568,0.7032669,3.245123,-0.00330913,-0.9435973,-0.3309444,0.009434998,
1,3,7.061,0.8636098,0.6934949,3.233514,-0.00330913,-0.9435973,-0.3309444,0.009434998,
1,3,7.063,0.8633628,0.683692,3.221905,-0.00330913,-0.9435973,-0.3309444,0.009434998,
1,3,7.065,0.8631158,0.6738428,3.210296,-0.00330913,-0.9435973,-0.3309444,0.009434998,
1,3,7.067,0.8628688,0.6639628,3.198687,-0.00330913,-0.9435973,-0.3309444,0.009434998,
1,3,7.069,0.8626218,0.6540518,3.187078,-0.00330913,-0.9435973,-0.3309444,0.009434998,
1,3,7.071,0.8623748,0.6440946,3.175469,-0.00330913,-0.9435973,-0.3309444,0.009434998,
1,3,7.073,0.8621278,0.6341065,3.16386,-0.00330913,-0.9435973,-0.3309444,0.009434998,
1,3,7.075,0.8618808,0.6240875,3.152251,-0.00330913,-0.9435973,-0.3309444,0.009434998,
1,3,7.077,0.8616338,0.6140376,3.140642,-0.00330913,-0.9435973,-0.3309444,0.009434998,
1,3,7.079,0.8613868,0.6039414,3.129033,-0.00330913,-0.9435973,-0.3309444,0.009434998,
1,3,7.081,0.8611398,0.5938143,3.117424,-0.00330913,-0.9435973,-0.3309444,0.009434998,
1,3,7.083,0.8609082,0.5836564,3.105814,-0.00330913,-0.9435973,-0.3309444,0.009434998,
1,3,7.085,0.8606921,0.5734521,3.094205,-0.00330913,-0.9435973,-0.3309444,0.009434998,
1,3,7.087,0.860476,0.563217,3.082596,-0.00330913,-0.9435973,-0.3309444,0.009434998,
1,3,7.089,0.8602598,0.552951,3.070987,-0.00330913,-0.9435973,-0.3309444,0.009434998,
1,3,7.091,0.8600437,0.5426541,3.059378,-0.00330913,-0.9435973,-0.3309444,0.009434998,
1,3,7.093,0.8598276,0.5323109,3.047769,-0.00330913,-0.9435973,-0.3309444,0.009434998,
1,3,7.095,0.8596115,0.5219368,3.03616,-0.00330913,-0.9435973,-0.3309444,0.009434998,
1,3,7.097,0.8593953,0.5115319,3.024613,-0.00330913,-0.9435973,-0.3309444,0.009434998,
1,3,7.099,0.8591792,0.5010806,3.013127,-0.00330913,-0.9435973,-0.3309444,0.009434998,
1,3,7.101,0.8589631,0.4906062,3.001642,-0.00330913,-0.9435973,-0.3309444,0.009434998,
1,3,7.103,0.8587469,0.4800855,2.990156,-0.00330913,-0.9435973,-0.3309444,0.009434998,
1,3,7.105,0.8585308,0.4695339,2.97867,-0.00330913,-0.9435973,-0.3309444,0.009434998,
1,3,7.107,0.8583147,0.4589514,2.967185,-0.00330913,-0.9435973,-0.3309444,0.009434998,
1,3,7.109,0.8580986,0.4483303,2.955699,-0.00330913,-0.9435973,-0.3309444,0.009434998,
1,3,7.111,0.8578824,0.4376707,2.944214,-0.00330913,-0.9435973,-0.3309444,0.009434998,
1,3,7.113,0.8576663,0.4269801,2.932728,-0.00330913,-0.9435973,-0.3309444,0.009434998,
1,3,7.115,0.8574502,0.4162587,2.921242,-0.00330913,-0.9435973,-0.3309444,0.009434998,
1,3,7.117,0.8572341,0.405491,2.909757,-0.00330913,-0.9435973,-0.3309444,0.009434998,
1,3,7.119,0.8570179,0.3946924,2.898271,-0.00330913,-0.9435973,-0.3309444,0.009434998,
1,3,7.121,0.8568018,0.3838629,2.886786,-0.00330913,-0.9435973,-0.3309444,0.009434998,
1,3,7.123,0.8565857,0.3729948,2.8753,-0.00330913,-0.9435973,-0.3309444,0.009434998,
1,3,7.125,0.8563696,0.3620882,2.863815,-0.00330913,-0.9435973,-0.3309444,0.009434998,
1,3,7.127,0.8561534,0.3511506,2.852329,-0.00330913,-0.9435973,-0.3309444,0.009434998,
1,3,7.129,0.8559373,0.3401822,2.840843,-0.00330913,-0.9435973,-0.3309444,0.009434998,
1,3,7.131,0.8557212,0.3291752,2.829358,-0.00330913,-0.9435973,-0.3309444,0.009434998,
1,3,7.133,0.855505,0.3181296,2.817872,-0.00330913,-0.9435973,-0.3309444,0.009434998,
1,3,7.135,0.8552889,0.3070531,2.806387,-0.00330913,-0.9435973,-0.3309444,0.009434998,
1,3,7.137,0.8550728,0.2959458,2.794901,-0.00330913,-0.9435973,-0.3309444,0.009434998,
1,3,7.139,0.8548567,0.2847921,2.783416,-0.00330913,-0.9435973,-0.3309444,0.009434998,
1,3,7.141,0.8546405,0.2736076,2.77193,-0.00330913,-0.9435973,-0.3309444,0.009434998,
1,3,7.143,0.8544244,0.2623921,2.760444,-0.00330913,-0.9435973,-0.3309444,0.009434998,
1,3,7.145,0.8542083,0.2511458,2.748959,-0.00330913,-0.9435973,-0.3309444,0.009434998,
1,3,7.147,0.8539922,0.2398602,2.737473,-0.00330913,-0.9435973,-0.3309444,0.009434998,
1,3,7.149,0.853776,0.2285367,2.725988,-0.00330913,-0.9435973,-0.3309444,0.009434998,
1,3,7.151,0.8535599,0.2171823,2.714626,-0.00330913,-0.9435973,-0.3309444,0.009434998,
1,3,7.153,0.8533438,0.2057894,2.703264,-0.00330913,-0.9435973,-0.3309444,0.009434998,
1,3,7.155,0.8531277,0.1943656,2.691901,-0.00330913,-0.9435973,-0.3309444,0.009434998,
1,3,7.157,0.8529115,0.1829031,2.680539,-0.00330913,-0.9435973,-0.3309444,0.009434998,
1,3,7.159,0.8526954,0.1714098,2.669177,-0.00330913,-0.9435973,-0.3309444,0.009434998,
1,3,7.161,0.8524793,0.159878,2.657815,-0.00330913,-0.9435973,-0.3309444,0.009434998,
1,3,7.163,0.8522632,0.1483152,2.646453,-0.00330913,-0.9435973,-0.3309444,0.009434998,
1,3,7.165,0.852047,0.1367138,2.635091,-0.00330913,-0.9435973,-0.3309444,0.009434998,
1,3,7.167,0.8518309,0.1250816,2.623729,-0.00330913,-0.9435973,-0.3309444,0.009434998,
1,3,7.169,0.8516148,0.1134147,2.612367,-0.00330913,-0.9435973,-0.3309444,0.009434998,
1,3,7.171,0.8513986,0.1017129,2.601005,-0.00330913,-0.9435973,-0.3309444,0.009434998,
1,3,7.173,0.8511825,0.08997651,2.589643,-0.00330913,-0.9435973,-0.3309444,0.009434998,
1,3,7.175,0.8509664,0.07820534,2.578281,-0.00330913,-0.9435973,-0.3309444,0.009434998,
1,3,7.177,0.8507503,0.06639943,2.566919,-0.00330913,-0.9435973,-0.3309444,0.009434998,
1,3,7.179,0.8505341,0.05455912,2.555557,-0.00330913,-0.9435973,-0.3309444,0.009434998,
1,3,7.181,0.850318,0.04268471,2.544194,-0.00330913,-0.9435973,-0.3309444,0.009434998,CourtEnter
1,3,7.183,0.85013,0.03858821,2.534293,-0.002758207,-0.9610527,-0.2761844,0.009610496,
1,3,7.185,0.8499756,0.04773403,2.525895,-0.001635729,-0.9863988,-0.164066,0.009863969,
1,3,7.187,0.8498213,0.05683546,2.517497,-0.0004917195,-0.9987098,-0.049788,0.009987091,
1,3,7.189,0.8496669,0.06589371,2.509099,0.0006587008,-0.9978261,0.06513917,0.009978266,CourtExit
1,3,7.191,0.8495125,0.07490927,2.500701,0.001800335,-0.9837624,0.1791973,0.00983764,
1,3,7.193,0.8493581,0.08388238,2.492303,0.002918108,-0.9567072,0.2908804,0.009567099,
1,3,7.195,0.8492038,0.09281303,2.483905,0.003997266,-0.9170207,0.3987142,0.009170245,
1,3,7.197,0.8490494,0.1017012,2.475507,0.005023567,-0.8652298,0.5012758,0.008652348,
1,3,7.199,0.848895,0.110545,2.467109,0.005983477,-0.8020207,0.5972125,0.008020269,
1,3,7.201,0.8487406,0.1193464,2.458711,0.006864341,-0.7282301,0.6852597,0.007282376,
1,3,7.203,0.8485863,0.128104,2.450313,0.007654554,-0.6448343,0.7642569,0.006448426,
1,3,7.205,0.8484319,0.1368223,2.441915,0.008343706,-0.5529357,0.8331639,0.00552945,
1,3,7.207,0.8482775,0.1454944,2.433517,0.008922724,-0.4537486,0.8910735,0.004537588,
1,3,7.209,0.8481231,0.154124,2.425119,0.009383998,-0.3485831,0.9372244,0.003485944,
1,3,7.211,0.8479688,0.1627112,2.416721,0.009721467,-0.2388276,0.9710104,0.002388399,
1,3,7.213,0.8478144,0.1712559,2.408323,0.009930709,-0.1259303,0.9919886,0.001259435,
1,3,7.215,0.84766,0.1797582,2.399925,0.01000899,-0.01138075,0.9998852,0.0001139464,
1,3,7.217,0.8475056,0.188218,2.391526,0.009955312,0.1033103,0.9945989,-0.001032957,
1,3,7.219,0.8473513,0.1966353,2.383128,0.009770405,0.2166314,0.9762022,-0.00216616,
1,3,7.221,0.8471969,0.2050102,2.37473,0.009456739,0.327089,0.9449406,-0.003270731,
1,3,7.223,0.8470425,0.2133427,2.366332,0.009018473,0.4332284,0.9012287,-0.004332121,
1,3,7.225,0.8468881,0.2216327,2.357934,0.008461409,0.5336519,0.8456451,-0.005336354,
1,3,7.227,0.8467337,0.2298802,2.349536,0.007792912,0.6270378,0.7789246,-0.006270213,
1,3,7.229,0.8465794,0.2380814,2.341138,0.007021809,0.7121573,0.7019488,-0.00712141,
1,3,7.231,0.846425,0.2462441,2.33274,0.00615828,0.7878914,0.6157331,-0.007878753,
1,3,7.233,0.8462706,0.2543607,2.324342,0.005213715,0.8532447,0.5214151,-0.008532291,
1,3,7.235,0.8461162,0.2624345,2.315944,0.004200567,0.9073588,0.4202381,-0.009073438,
1,3,7.237,0.8459619,0.2704698,2.307546,0.003132187,0.9495238,0.3135357,-0.009495094,
1,3,7.239,0.8458075,0.2784588,2.299148,0.002022651,0.979187,0.2027136,-0.009791734,
1,3,7.241,0.8456531,0.2864091,2.29075,0.0008865725,0.9959608,0.08923121,-0.009959481,
1,3,7.243,0.8454987,0.2943209,2.282352,-0.000261095,0.999627,-0.02541749,-0.009996154,
1,3,7.245,0.8453444,0.3021864,2.273954,-0.001405248,0.9901401,-0.1397239,-0.009901298,
1,3,7.247,0.84519,0.3100055,2.265556,-0.002530835,0.9676276,-0.2521844,-0.009676187,
1,3,7.249,0.8450356,0.3177861,2.257158,-0.003623054,0.9323882,-0.3613199,-0.00932381,
1,3,7.251,0.8448812,0.325528,2.24876,-0.004667549,0.8848882,-0.465696,-0.008848828,
1,3,7.253,0.8447269,0.3332237,2.240361,-0.005650592,0.8257547,-0.5639408,-0.008257513,
1,3,7.255,0.8445725,0.340873,2.231963,-0.006559269,0.7557674,-0.6547636,-0.007557662,
1,3,7.257,0.8444181,0.3484837,2.223565,-0.00738165,0.6758491,-0.7369722,-0.0067585,
1,3,7.259,0.8442637,0.3560559,2.215167,-0.008106942,0.5870519,-0.8094875,-0.005870549,
1,3,7.261,0.8441094,0.3635817,2.206769,-0.008725632,0.490545,-0.8713585,-0.004905502,
1,3,7.263,0.843955,0.3710612,2.198371,-0.009229611,0.3875979,-0.9217742,-0.003876055,
1,3,7.265,0.8438006,0.3785022,2.189973,-0.00961228,0.2795649,-0.9600747,-0.002795747,
1,3,7.267,0.8436462,0.3859045,2.181575,-0.009868638,0.1678661,-0.9857591,-0.00167878,
1,3,7.269,0.8434919,0.3932605,2.173177,-0.009995341,0.05396945,-0.9984924,-0.0005398372,
1,3,7.271,0.8433375,0.4005779,2.164779,-0.009990753,-0.0606284,-0.9981103,0.0006061186,
1,3,7.273,0.8431831,0.407849,2.156381,-0.009854957,-0.1744224,-0.9846202,0.001744037,
1,3,7.275,0.8430287,0.4150816,2.147983,-0.009589764,-0.2859186,-0.9582017,0.002858978,
1,3,7.277,0.8428743,0.4222678,2.139585,-0.009198681,-0.3936534,-0.9192045,0.003936307,
1,3,7.279,0.84272,0.4294154,2.131187,-0.008686867,-0.4962138,-0.8681428,0.004961894,
1,3,7.281,0.8425656,0.4365244,2.122789,-0.008061061,-0.5922539,-0.8056893,0.005922283,
1,3,7.283,0.8424112,0.4435871,2.114391,-0.007329503,-0.680515,-0.7326659,0.006804883,
1,3,7.285,0.8422568,0.4506112,2.105993,-0.006501813,-0.7598402,-0.6500331,0.00759813,
1,3,7.287,0.8421025,0.457589,2.097594,-0.005588869,-0.8291905,-0.5588768,0.008291629,
1,3,7.289,0.8419481,0.4645282,2.089196,-0.004602664,-0.8876582,-0.4603944,0.008876306,
1,3,7.291,0.8417937,0.4714211,2.080798,-0.003556148,-0.9344785,-0.3558792,0.009344509,
1,3,7.293,0.8416393,0.4782754,2.0724,-0.002463059,-0.9690394,-0.2467033,0.009690124,
1,3,7.295,0.841485,0.4850911,2.064002,-0.001337741,-0.9908904,-0.1342993,0.009908641,
1,3,7.297,0.8413306,0.4918605,2.055666,-0.000194958,-0.9997472,-0.02014176,0.00999722,
1,3,7.299,0.8411762,0.4985913,2.047391,0.0009503068,-0.9954963,0.09427243,0.009954725,
1,3,7.301,0.8410218,0.5052757,2.039117,0.002083041,-0.9781959,0.2074436,0.009781738,
1,3,7.303,0.8408675,0.5119293,2.030842,0.003188398,-0.9480754,0.3178885,0.009480553,
1,3,7.305,0.8407131,0.5185366,2.022568,0.004251902,-0.9055319,0.4241603,0.009055142,
1,3,7.307,0.8405587,0.5250976,2.014293,0.005259623,-0.8511253,0.5248673,0.008511104,
1,3,7.309,0.8404043,0.5316123,2.006019,0.006198369,-0.7855707,0.618691,0.007855586,
1,3,7.311,0.84025,0.5380806,1.997727,0.007055853,-0.709729,0.7044038,0.0070972,
1,3,7.313,0.8400956,0.5445181,1.989391,0.007820861,-0.6245955,0.7808843,0.006245899,
1,3,7.315,0.8399412,0.5509093,1.981055,0.008483392,-0.5312868,0.8471329,0.005312848,
1,3,7.317,0.8397868,0.5572541,1.972718,0.009034786,-0.4310266,0.9022837,0.004310284,
1,3,7.319,0.8396325,0.5635681,1.964382,0.009467847,-0.3251289,0.9456168,0.003251345,
1,3,7.321,0.8394781,0.5698358,1.956046,0.009776924,-0.2149812,0.976567,0.002149907,
1,3,7.323,0.8393237,0.5760571,1.947709,0.009957999,-0.1020259,0.9947314,0.001020395,
1,3,7.325,0.8391693,0.5822476,1.939373,0.01000872,0.01225774,0.9998748,-0.000122401,
1,3,7.327,0.8390149,0.5883918,1.931037,0.009928455,0.1263739,0.9919323,-0.001263524,
1,3,7.329,0.8388606,0.5944896,1.922731,0.009718273,0.2388293,0.97101,-0.002388041,
1,3,7.331,0.8387062,0.6005566,1.914457,0.009380949,0.3481528,0.9373845,-0.003481242,
1,3,7.333,0.8385518,0.6065773,1.906182,0.008920919,0.4529152,0.8914976,-0.004528832,
1,3,7.335,0.8383974,0.6125516,1.897908,0.008344225,0.5517466,0.8339519,-0.005517116,
1,3,7.337,0.8382431,0.6184951,1.889633,0.007658429,0.6433556,0.7655022,-0.006433178,
1,3,7.339,0.8380887,0.6243923,1.881359,0.006872518,0.7265455,0.6870456,-0.007265053,
1,3,7.341,0.8379343,0.6302431,1.873084,0.005996789,0.80023,0.5996099,-0.008001878,
1,3,7.343,0.8377799,0.6360631,1.864809,0.005042709,0.8634474,0.5043399,-0.008634036,
1,3,7.345,0.8376256,0.6418368,1.856535,0.004022764,0.915373,0.4024826,-0.009153285,
1,3,7.347,0.8374712,0.6475641,1.84826,0.002950298,0.9553306,0.2953703,-0.009552858,
1,3,7.349,0.8373168,0.6532606,1.839986,0.001839337,0.9827996,0.1844041,-0.009827551,
1,3,7.351,0.8371624,0.6589108,1.831711,0.0007044074,0.9974237,0.07103487,-0.009973801,
1,3,7.353,0.8370081,0.6645146,1.823437,-0.0004396594,0.999014,-0.04325591,-0.009989717,
1,3,7.355,0.8368537,0.6700876,1.815162,-0.001577912,0.987552,-0.1569746,-0.009875116,
1,3,7.357,0.8366993,0.6756142,1.806888,-0.002695483,0.9631899,-0.2686358,-0.009631519,
1,3,7.359,0.8365449,0.6810946,1.798613,-0.003777781,0.9262482,-0.3767815,-0.009262132,
1,3,7.361,0.8363906,0.6865441,1.790338,-0.004810677,0.8772115,-0.4799999,-0.0087718,
1,3,7.363,0.8362362,0.6919472,1.782064,-0.005780689,0.8167225,-0.576944,-0.008166948,
1,3,7.365,0.8360818,0.6973041,1.773789,-0.006675164,0.7455727,-0.6663491,-0.007455494,
1,3,7.367,0.8359274,0.70263,1.765515,-0.007482438,0.6646934,-0.7470492,-0.006646746,
1,3,7.369,0.8357731,0.7079097,1.75724,-0.00819199,0.5751418,-0.8179926,-0.00575128,
1,3,7.371,0.8356187,0.7131431,1.748966,-0.00879457,0.4780882,-0.8782548,-0.004780798,
1,3,7.373,0.8354643,0.7183301,1.740691,-0.009282338,0.3748005,-0.9270514,-0.003747977,
1,3,7.375,0.8353099,0.7234708,1.732417,-0.009648948,0.2666279,-0.9637476,-0.00266631,
1,3,7.377,0.8351555,0.7285807,1.724142,-0.009889634,0.1549826,-0.9878665,-0.001549915,
1,3,7.379,0.8350012,0.7336442,1.715867,-0.01000128,0.04132164,-0.9990957,-0.0004133669,
1,3,7.381,0.8348468,0.7386614,1.707593,-0.009982453,-0.07287177,-0.9972911,0.0007285075,
1,3,7.383,0.8346924,0.7436478,1.699318,-0.009833419,-0.1861082,-0.9824783,0.001860813,
1,3,7.385,0.834538,0.7485878,1.691044,-0.009556145,-0.2969109,-0.9548528,0.002968781,
1,3,7.387,0.8343837,0.7534815,1.682769,-0.00915427,-0.4038354,-0.914777,0.004037971,
1,3,7.389,0.8342293,0.7583444,1.674495,-0.008633056,-0.5054881,-0.8627756,0.005054446,
1,3,7.391,0.8340749,0.7631763,1.66622,-0.007999319,-0.6005445,-0.7995288,0.006004966,
1,3,7.393,0.8339205,0.767962,1.657946,-0.007261337,-0.6877669,-0.7258628,0.006877149,
1,3,7.395,0.8337662,0.7727013,1.649671,-0.006428746,-0.7660195,-0.6427395,0.007659639,
1,3,7.397,0.8336118,0.7774098,1.641427,-0.005512419,-0.8342841,-0.5512441,0.008342258,
1,3,7.399,0.8334574,0.7820719,1.633214,-0.004524307,-0.8916727,-0.4525703,0.008916121,
1,3,7.401,0.833303,0.7866878,1.625002,-0.003477297,-0.9374394,-0.3480048,0.009373771,
1,3,7.403,0.8331487,0.7912728,1.616789,-0.002385042,-0.97099,-0.2389113,0.009709269,
1,3,7.405,0.8329943,0.7958114,1.608576,-0.001261776,-0.9918892,-0.1267115,0.009918261,
1,3,7.407,0.8328399,0.8003038,1.600363,-0.0001221385,-0.9998673,-0.01286759,0.009998049,
1,3,7.409,0.8326855,0.8047652,1.59215,0.001019026,-0.9948222,0.1011375,0.009947615,
1,3,7.411,0.8325312,0.8091804,1.583938,0.002146856,-0.9768221,0.213819,0.009767639,
1,3,7.413,0.8323768,0.8135492,1.575725,0.003246669,-0.9461035,0.3237101,0.009460485,
1,3,7.415,0.8322224,0.8178872,1.567512,0.004304149,-0.9030684,0.4293803,0.009030174,
1,3,7.417,0.832068,0.8221788,1.559299,0.005305536,-0.8482792,0.5294548,0.008482327,
1,3,7.419,0.8319137,0.8264242,1.551086,0.006237807,-0.7824509,0.6226319,0.007824099,
1,3,7.421,0.8317593,0.8306386,1.542874,0.007088839,-0.7064422,0.7077001,0.007064071,
1,3,7.423,0.8316049,0.8348068,1.534661,0.007847571,-0.6212436,0.7835536,0.006212148,
1,3,7.425,0.8314505,0.8389286,1.526448,0.008504143,-0.5279657,0.8492067,0.005279437,
1,3,7.427,0.8312961,0.8430196,1.518235,0.009050028,-0.4278235,0.9038069,0.004278084,
1,3,7.429,0.8311418,0.8470643,1.510022,0.009478145,-0.3221209,0.9466456,0.00322113,
1,3,7.431,0.8309874,0.8510626,1.50181,0.009782946,-0.2122338,0.9771677,0.002122333,
1,3,7.433,0.830833,0.8550301,1.493597,0.009960481,-0.09959201,0.994978,0.0009959937,
1,3,7.435,0.8306786,0.8589512,1.485384,0.01000847,0.01433881,0.9998471,-0.0001432369,
1,3,7.437,0.8305243,0.862826,1.477171,0.009926296,0.1280769,0.9917138,-0.001280543,
1,3,7.439,0.8303699,0.86667,1.468958,0.009715061,0.2401434,0.9706859,-0.002401134,
1,3,7.441,0.8302155,0.8704677,1.460746,0.009377531,0.3490815,0.937039,-0.003490443,
1,3,7.443,0.8300611,0.874219,1.452533,0.00891811,0.4534755,0.8912126,-0.004534314,
1,3,7.445,0.8299068,0.8779395,1.44432,0.008342797,0.5519693,0.8338045,-0.005519192,
1,3,7.447,0.8297524,0.8816136,1.436107,0.00765908,0.643284,0.7655624,-0.006432283,
1,3,7.449,0.829598,0.8852414,1.427894,0.006875866,0.7262337,0.6873752,-0.007261733,
1,3,7.451,0.8294436,0.8888384,1.419682,0.006003348,0.7997422,0.6002604,-0.007996777,
1,3,7.453,0.8292893,0.8923891,1.411469,0.005052879,0.8628558,0.5053514,-0.008627883,
1,3,7.455,0.8291349,0.8958934,1.403256,0.004036819,0.9147564,0.4038821,-0.009146866,
1,3,7.457,0.8289805,0.8993669,1.395043,0.002968372,0.9547718,0.2971719,-0.009547005,
1,3,7.459,0.8288261,0.9028094,1.38683,0.001861426,0.9823837,0.1866073,-0.009823119,
1,3,7.461,0.8286718,0.9062057,1.378618,0.0007303612,0.997236,0.073625,-0.009971644,
1,3,7.463,0.8285174,0.9095557,1.370405,-0.0004101322,0.9991373,-0.0403077,-0.00999067,
1,3,7.465,0.828363,0.9128748,1.362192,-0.001545242,0.9880653,-0.1537111,-0.009879971,
1,3,7.467,0.8282086,0.9161475,1.35401,-0.00266023,0.9641655,-0.265113,-0.009641003,
1,3,7.469,0.8280542,0.919374,1.345859,-0.003740625,0.9277504,-0.3730673,-0.009276891,
1,3,7.471,0.8278999,0.9225696,1.337708,-0.004772409,0.8792946,-0.4761732,-0.008792383,
1,3,7.473,0.8277455,0.9257188,1.329557,-0.005742196,0.819429,-0.5730935,-0.00819378,
1,3,7.475,0.8275911,0.9288218,1.321406,-0.006637413,0.7489321,-0.6625713,-0.007488874,
1,3,7.477,0.8274367,0.9318939,1.313255,-0.007446453,0.6687204,-0.7434466,-0.006686826,
1,3,7.479,0.8272824,0.9349197,1.305104,-0.008158833,0.5798364,-0.8146715,-0.005798059,
1,3,7.481,0.827128,0.9378991,1.296953,-0.008765326,0.4834345,-0.8753234,-0.004834116,
1,3,7.483,0.8269736,0.9408477,1.288802,-0.009258081,0.3807663,-0.9246172,-0.003807516,
1,3,7.485,0.8268192,0.94375,1.28065,-0.009630727,0.2731645,-0.9619153,-0.002731584,
1,3,7.487,0.8266649,0.9466059,1.272499,-0.009878445,0.1620252,-0.9867359,-0.001620281,
1,3,7.489,0.8265105,0.949431,1.264348,-0.009998045,0.04879057,-0.9987589,-0.0004880243,
1,3,7.491,0.8263561,0.9522098,1.256197,-0.009987996,-0.06507094,-0.9978305,0.0006505004,
1,3,7.493,0.8262017,0.9549577,1.248046,-0.009848446,-0.1780829,-0.9839647,0.001780531,
1,3,7.495,0.8260474,0.9576592,1.239895,-0.009581223,-0.2887803,-0.9573431,0.002887419,
1,3,7.497,0.825893,0.9603299,1.231744,-0.009189815,-0.3957287,-0.918313,0.003956821,
1,3,7.499,0.8257386,0.9629543,1.223593,-0.00867931,-0.4975424,-0.867382,0.004974881,
1,3,7.501,0.8255842,0.9655324,1.215442,-0.008056344,-0.5929027,-0.805212,0.005928411,
1,3,7.503,0.8254299,0.9680796,1.207291,-0.007329012,-0.6805745,-0.7326107,0.006805063,
1,3,7.505,0.8252755,0.9705805,1.19914,-0.006506754,-0.759423,-0.6505203,0.007593491,
1,3,7.507,0.8251211,0.9730351,1.190989,-0.005600234,-0.8284283,-0.560006,0.008283496,
1,3,7.509,0.8249667,0.9754588,1.182838,-0.00462121,-0.8866978,-0.4622414,0.008866152,
1,3,7.511,0.8248124,0.9778362,1.174687,-0.003582373,-0.9334786,-0.3584939,0.009333932,
1,3,7.513,0.824658,0.9801673,1.166536,-0.002497189,-0.9681662,-0.2501083,0.009680789,
1,3,7.515,0.8245036,0.9824675,1.158385,-0.001379721,-0.9903135,-0.1384892,0.009902254,
1,3,7.517,0.8243492,0.9847214,1.150234,-0.0002444418,-0.9996354,-0.02508239,0.009995476,
1,3,7.519,0.8241948,0.9869444,1.142083,0.0008939443,-0.9960133,0.08864345,0.009959271,
1,3,7.521,0.8240405,0.9891211,1.133932,0.0020207,-0.9794959,0.2012158,0.009794122,
1,3,7.523,0.8238861,0.9912669,1.12578,0.003121239,-0.9502991,0.3111777,0.009502193,
1,3,7.525,0.8237317,0.9933664,1.117629,0.004181324,-0.9088026,0.4171064,0.009087276,
1,3,7.527,0.8235773,0.9954196,1.109478,0.005187236,-0.8555455,0.5176311,0.008554762,
1,3,7.529,0.823423,0.9974419,1.101327,0.006125966,-0.7912186,0.6114516,0.007911559,
1,3,7.531,0.8232686,0.999418,1.093176,0.006985375,-0.7166561,0.6973549,0.007166009,
1,3,7.533,0.8231142,1.001354,1.085025,0.007754356,-0.6328244,0.7742307,0.006327775,
1,3,7.535,0.8229598,1.003268,1.076874,0.008422974,-0.5408093,0.8410857,0.005407715,
1,3,7.537,0.8228055,1.005121,1.068723,0.008982595,-0.4418024,0.8970566,0.004417742,
1,3,7.539,0.8226511,1.006942,1.060572,0.009425996,-0.3370853,0.9414209,0.003370674,
1,3,7.541,0.8224967,1.008733,1.052483,0.009747458,-0.2280136,0.9736065,0.002280063,
1,3,7.543,0.8223423,1.010462,1.044393,0.00994284,-0.1159985,0.993199,0.001160019,
1,3,7.545,0.822188,1.01216,1.036304,0.01000964,-0.00248887,0.9999468,2.503104E-05,
1,3,7.547,0.8220336,1.013827,1.028215,0.009947001,0.1110469,0.9937648,-0.00111022,
1,3,7.549,0.8218792,1.015433,1.020126,0.009755766,0.2231415,0.9747347,-0.002231059,
1,3,7.551,0.8217248,1.017008,1.012036,0.009438422,0.3323458,0.9431046,-0.003323,
1,3,7.553,0.8215705,1.018551,1.003947,0.008999088,0.4372487,0.899285,-0.004371931,
1,3,7.555,0.8214161,1.020033,0.9958417,0.008443462,0.536495,0.8438443,-0.005364303,
1,3,7.557,0.8212617,1.021484,0.9877216,0.00777874,0.6288027,0.7775006,-0.006287297,
1,3,7.559,0.8211073,1.022905,0.9796323,0.007013531,0.7129802,0.701113,-0.007128998,
1,3,7.561,0.820953,1.024263,0.971543,0.006157735,0.7879409,0.6156697,-0.00787854,
1,3,7.563,0.8207986,1.025591,0.9634537,0.005222423,0.8527179,0.5222762,-0.008526254,
1,3,7.565,0.8206442,1.026888,0.9553643,0.00421969,0.9064755,0.42214,-0.009063788,
1,3,7.567,0.8204898,1.028123,0.947275,0.003162499,0.9485213,0.3165558,-0.009484214,
1,3,7.569,0.8203354,1.029358,0.9391857,0.00206451,0.9783136,0.2068879,-0.00978212,
1,3,7.571,0.8201811,1.030531,0.9310964,0.0009399094,0.9954696,0.09455334,-0.009953674,
1,3,7.573,0.8200267,1.031673,0.9230071,-0.000196774,0.9997696,-0.01899688,-0.009996681,
1,3,7.575,0.8198723,1.032785,0.9149178,-0.00133086,0.9911598,-0.1322962,-0.009910604,
1,3,7.577,0.8197179,1.033835,0.9068285,-0.002447706,0.9697534,-0.2438818,-0.009696573,
1,3,7.579,0.8195636,1.034853,0.8987392,-0.003532898,0.9358287,-0.3523135,-0.009357372,
1,3,7.581,0.8194092,1.035841,0.8906499,-0.004572432,0.8898252,-0.4561919,-0.008897394,
1,3,7.583,0.8192548,1.036768,0.8825606,-0.005552897,0.8323388,-0.5541771,-0.008322597,
1,3,7.585,0.8191004,1.037663,0.8744713,-0.006461647,0.7641126,-0.6450053,-0.007640416,
1,3,7.587,0.8189461,1.038528,0.866382,-0.00728697,0.686029,-0.7275054,-0.00685967,
1,3,7.589,0.8187917,1.03933,0.8582927,-0.008018222,0.5990968,-0.8006141,-0.005990448,
1,3,7.591,0.8186373,1.040102,0.8502034,-0.008645987,0.5044389,-0.8633894,-0.005043974,
1,3,7.593,0.8184829,1.040843,0.8421141,-0.009162177,0.4032776,-0.915023,-0.004032473,
1,3,7.595,0.8183286,1.041523,0.8340402,-0.009560151,0.296919,-0.9548503,-0.002969004,
1,3,7.597,0.8181742,1.042171,0.8259818,-0.009834792,0.1867358,-0.9823592,-0.00186729,
1,3,7.599,0.8180198,1.042788,0.8179234,-0.009982576,0.0741493,-0.9971969,-0.0007415471,
1,3,7.601,0.8178654,1.043344,0.8098649,-0.01000162,-0.03938788,-0.9991739,0.0003937041,
1,3,7.603,0.8177111,1.043869,0.8018065,-0.009891684,-0.1524116,-0.9882665,0.001523823,
1,3,7.605,0.8175567,1.044363,0.7937481,-0.009654216,-0.2634646,-0.9646172,0.002634239,
1,3,7.607,0.8174023,1.044826,0.7856897,-0.009292292,-0.3711157,-0.9285327,0.003710639,
1,3,7.609,0.8172479,1.045258,0.7776312,-0.008810599,-0.4739775,-0.8804802,0.004739152,
1,3,7.611,0.8170936,1.045629,0.7695728,-0.008215361,-0.5707248,-0.8210805,0.005706525,
1,3,7.613,0.8169392,1.045969,0.7615144,-0.00751427,-0.6601113,-0.7511013,0.006600297,
1,3,7.615,0.8167848,1.046277,0.7534559,-0.006716375,-0.7409863,-0.6714457,0.007408964,
1,3,7.617,0.8166304,1.046524,0.7453975,-0.005831969,-0.812309,-0.5831417,0.008122117,
1,3,7.619,0.816476,1.04674,0.7373391,-0.004872463,-0.8731617,-0.4873282,0.008730584,
1,3,7.621,0.8163217,1.046926,0.7292807,-0.003850225,-0.922762,-0.3852406,0.00922654,
1,3,7.623,0.8161673,1.047049,0.7212222,-0.002778437,-0.9604726,-0.2781951,0.009603614,
1,3,7.625,0.8160129,1.047142,0.7131638,-0.00167091,-0.9858094,-0.1675711,0.00985696,
1,3,7.627,0.8158585,1.047204,0.7051054,-0.0005419127,-0.9984476,-0.05479411,0.009983337,
1,3,7.629,0.8157042,1.047204,0.6970469,0.0005940103,-0.9982266,0.05868325,0.009981137,
1,3,7.631,0.8155498,1.047173,0.6890039,0.00172223,-0.9851509,0.1713994,0.009850402,
1,3,7.633,0.8153954,1.047111,0.6809764,0.002828218,-0.9593908,0.2819031,0.00959284,
1,3,7.635,0.815241,1.047018,0.6729488,0.00389774,-0.9212797,0.388772,0.009211781,
1,3,7.637,0.8150867,1.046895,0.6649213,0.004917031,-0.8713101,0.4906308,0.008712152,
1,3,7.639,0.8149323,1.04671,0.6568937,0.005872978,-0.810127,0.5861691,0.008100397,
1,3,7.641,0.8147779,1.046493,0.6488662,0.006753287,-0.7385194,0.6741579,0.007384411,
1,3,7.643,0.8146235,1.046246,0.6408386,0.00754664,-0.6574105,0.7534662,0.006573421,
1,3,7.645,0.8144692,1.045938,0.6328111,0.00824284,-0.5678453,0.8230745,0.005677878,
1,3,7.647,0.8143148,1.045598,0.6247835,0.008832941,-0.4709777,0.8820884,0.004709319,
1,3,7.649,0.8141604,1.045228,0.616756,0.009309364,-0.3680549,0.9297502,0.003680214,
1,3,7.651,0.814006,1.044795,0.6087284,0.009666001,-0.2604019,0.9654484,0.002603813,
1,3,7.653,0.8138517,1.044332,0.6007009,0.009898276,-0.1494043,0.9887255,0.001493969,
1,3,7.655,0.8136973,1.043838,0.5926733,0.01000322,-0.03649027,0.9992839,0.0003649638,
1,3,7.657,0.8135429,1.043282,0.5846457,0.009979512,0.07688761,0.9969895,-0.0007686801,
1,3,7.659,0.8133885,1.042696,0.5766182,0.009827463,0.1892713,0.9818739,-0.001892383,
1,3,7.661,0.8132342,1.042078,0.5685906,0.009549052,0.2992158,0.9541331,-0.002991697,
1,3,7.663,0.8130798,1.041399,0.5605631,0.009147871,0.4053078,0.9141255,-0.00405249,
1,3,7.665,0.8129254,1.04072,0.5525355,0.008629103,0.506184,0.8623675,-0.005061133,
1,3,7.667,0.812771,1.039979,0.5445234,0.007999429,0.600548,0.7995262,-0.006004663,
1,3,7.669,0.8126166,1.039207,0.5365267,0.007266962,0.6871881,0.7264107,-0.006870964,
1,3,7.671,0.8124623,1.038404,0.5285301,0.006441131,0.7649918,0.6439625,-0.007648913,
1,3,7.673,0.8123079,1.03754,0.5205334,0.00553256,0.8329604,0.5532423,-0.008328523,
1,3,7.675,0.8121535,1.036644,0.5125367,0.004552938,0.890222,0.4554172,-0.008901075,
1,3,7.677,0.8119991,1.035718,0.50454,0.003514863,0.9360424,0.3517452,-0.009359232,
1,3,7.679,0.8118448,1.03473,0.4965433,0.002431679,0.9698346,0.243559,-0.00969712,
1,3,7.681,0.8116904,1.033711,0.4885467,0.00131731,0.9911662,0.1322491,-0.009910418,
1,3,7.683,0.811536,1.032661,0.48055,0.0001860718,0.9997649,0.01924586,-0.009996403,
1,3,7.685,0.8113816,1.03155,0.4725533,-0.000947502,0.9955221,-0.09399918,-0.00995399,
1,3,7.687,0.8112273,1.030407,0.4645566,-0.002068853,0.9784943,-0.2060317,-0.00978374,
1,3,7.689,0.8110729,1.029234,0.45656,-0.003163585,0.9489018,-0.315413,-0.009487861,
1,3,7.691,0.8109185,1.02803,0.4485633,-0.004217643,0.9071265,-0.4207392,-0.009070169,
1,3,7.693,0.8107641,1.026795,0.4405743,-0.005217498,0.8537065,-0.5206584,-0.008536045,
1,3,7.695,0.8106098,1.025498,0.4325931,-0.006150324,0.7893295,-0.6138884,-0.007892363,
1,3,7.697,0.8104554,1.024171,0.4246118,-0.007004155,0.7148231,-0.6992338,-0.007147399,
1,3,7.699,0.810301,1.022812,0.4166306,-0.007768044,0.6311454,-0.7756001,-0.006310734,
1,3,7.701,0.8101466,1.021392,0.4086494,-0.008432199,0.5393714,-0.8420085,-0.005393117,
1,3,7.703,0.8099923,1.019941,0.4006681,-0.008988114,0.44068,-0.8976085,-0.004406334,
1,3,7.705,0.8098379,1.018459,0.3926869,-0.009428671,0.3363385,-0.941688,-0.003363057,
1,3,7.707,0.8096835,1.016915,0.3847056,-0.009748231,0.2276869,-0.973683,-0.002276681,
1,3,7.709,0.8095291,1.01534,0.3767244,-0.009942714,0.1161194,-0.9931849,-0.001161151,
1,3,7.711,0.8093747,1.013735,0.3687509,-0.01000964,0.003067788,-0.9999452,-3.078184E-05,
1,3,7.713,0.8092204,1.012068,0.3607851,-0.009948178,-0.1100178,-0.9938793,0.001099926,
1,3,7.715,0.809066,1.0104,0.3528193,-0.009759126,-0.2216869,-0.9750666,0.002216472,
1,3,7.717,0.8089116,1.008671,0.3448535,-0.00944493,-0.3305076,-0.9437503,0.003304538,
1,3,7.719,0.8087572,1.006911,0.3368877,-0.009009637,-0.4350849,-0.9003339,0.004350177,
1,3,7.721,0.8086029,1.005121,0.3289219,-0.008458845,-0.5340786,-0.8453757,0.005339988,
1,3,7.723,0.8084485,1.003268,0.3209561,-0.007799633,-0.6262201,-0.7795821,0.006261287,
1,3,7.725,0.8082941,1.001385,0.3129902,-0.00704047,-0.7103294,-0.7037984,0.007102273,
1,3,7.727,0.8081397,0.9994619,0.3050244,-0.0061911,-0.7853297,-0.6189971,0.007852182,
1,3,7.729,0.8079854,0.9975013,0.2970741,-0.005262422,-0.850261,-0.5262665,0.008501413,
1,3,7.731,0.807831,0.9955099,0.2891237,-0.004266348,-0.9042928,-0.426796,0.009041664,
1,3,7.733,0.8076766,0.9934721,0.2811733,-0.003215653,-0.9467341,-0.3218614,0.009466029,
1,3,7.735,0.8075222,0.991388,0.273223,-0.002123809,-0.977043,-0.212808,0.009769085,
1,3,7.737,0.8073679,0.9892731,0.2652726,-0.001004808,-0.9948328,-0.1010336,0.009946968,
1,3,7.739,0.8072135,0.9871118,0.2573223,0.0001270091,-0.9998777,0.01202954,0.009997418,
1,3,7.741,0.8070591,0.9849042,0.2493725,0.001257145,-0.9921148,0.1249331,0.009919809,
1,3,7.743,0.8069047,0.9826658,0.2414299,0.002371125,-0.9716455,0.236231,0.009715152,
1,3,7.745,0.8067504,0.9803964,0.2334872,0.003454686,-0.9387337,0.3444982,0.009386089,
1,3,7.747,0.806596,0.9780808,0.2255446,0.004493954,-0.8938028,0.4483486,0.008936849,
1,3,7.749,0.8064416,0.9757189,0.2176058,0.00547563,-0.83743,0.5464531,0.008373206,
1,3,7.751,0.8062872,0.973326,0.2096708,0.006387152,-0.7703385,0.6375566,0.007702389,
1,3,7.753,0.8061329,0.9709023,0.2017359,0.007216866,-0.6933891,0.720494,0.006933005,
1,3,7.755,0.8059785,0.9684323,0.193801,0.007954161,-0.6075677,0.7942049,0.006074917,
1,3,7.757,0.8058241,0.965916,0.1858699,0.008589613,-0.5139745,0.8577471,0.005139119,
1,3,7.759,0.8056697,0.9633688,0.1779427,0.009115111,-0.4138083,0.910309,0.0041376,
1,3,7.761,0.8055153,0.9607753,0.1700155,0.009523941,-0.3083521,0.9512196,0.003083186,
1,3,7.763,0.805361,0.9581509,0.1620883,0.009810892,-0.1989558,0.9799574,0.001989376,
1,3,7.765,0.8052066,0.9554802,0.1541649,0.009972311,-0.08701964,0.9961563,0.0008701708,
1,3,7.767,0.8050522,0.9527786,0.1462454,0.01000615,0.02602412,0.9996112,-0.0002601095,
1,3,7.769,0.8048978,0.9500307,0.138326,0.009911999,0.1387294,0.9902798,-0.001387005,
1,3,7.771,0.8047435,0.9472365,0.1304065,0.009691081,0.2496547,0.9682832,-0.002496103,
1,3,7.773,0.8045891,0.9444114,0.1224896,0.009346236,0.3573817,0.9339048,-0.003573223,
1,3,7.775,0.8044347,0.9415554,0.1145759,0.008881896,0.4605333,0.887586,-0.004604595,
1,3,7.777,0.8042803,0.9386532,0.1066641,0.008304017,0.5577914,0.8299209,-0.005577042,
1,3,7.779,0.804126,0.9357046,0.09875429,0.00762,0.6479133,0.7616485,-0.006478137,
1,3,7.781,0.8039716,0.9327251,0.09084638,0.006838609,0.729748,0.6836431,-0.007296372,
1,3,7.783,0.8038172,0.9296994,0.0829404,0.005969845,0.802251,0.5969033,-0.008021304,
1,3,7.785,0.8036628,0.9266427,0.07503635,0.005024825,0.8644969,0.5025388,-0.008643681,
1,3,7.787,0.8035085,0.9235398,0.06713422,0.004015637,0.9156919,0.4017569,-0.009155565,
1,3,7.789,0.8033541,0.9204059,0.05923403,0.002955187,0.9551832,0.2958463,-0.00955043,
1,3,7.791,0.8031997,0.9172258,0.05133577,0.001857029,0.9824684,0.1861609,-0.009823251,
1,3,7.793,0.8030453,0.9139993,0.04343943,0.0007352005,0.9972005,0.07410249,-0.009970558,
1,3,7.795,0.802891,0.910742,0.03554503,-0.0003959638,0.9991933,-0.03889691,-0.009990487,
1,3,7.797,0.8027366,0.9074538,0.02765255,-0.001522015,0.988423,-0.1513939,-0.009882809,
1,3,7.799,0.8025822,0.9041193,0.01976153,-0.00262857,0.9650292,-0.2619516,-0.009648912,
1,3,7.801,0.8024278,0.9007384,0.01187243,-0.003701502,0.9293128,-0.3691583,-0.009291805,
1,3,7.803,0.8022735,0.8973267,0.003985379,-0.004727113,0.8817315,-0.4716457,-0.008816068,
1,3,7.805,0.8021191,0.8938841,-0.003899614,-0.005692316,0.8228948,-0.5681058,-0.008227794,
1,3,7.807,0.8019647,0.8903952,-0.01178256,-0.006584797,0.7535554,-0.6573082,-0.007534511,
1,3,7.809,0.8018103,0.88686,-0.0196637,-0.007393174,0.6746005,-0.7381152,-0.006745083,
1,3,7.811,0.8016559,0.8832939,-0.02754315,-0.008107145,0.5870392,-0.8094968,-0.005869603,
1,3,7.813,0.8015016,0.8796815,-0.03542065,-0.00871761,0.4919901,-0.8705433,-0.004919259,
1,3,7.815,0.8013472,0.8760383,-0.04329575,-0.009216796,0.3906674,-0.9204775,-0.003906189,
1,3,7.817,0.8011928,0.8723487,-0.05116893,-0.009598347,0.2843652,-0.9586638,-0.002843331,
1,3,7.819,0.8010384,0.8686282,-0.05904018,-0.009857418,0.1744403,-0.9846169,-0.00174425,
1,3,7.821,0.8008841,0.8648614,-0.0669095,-0.009990722,0.06229569,-0.9980076,-0.0006229763,
1,3,7.823,0.8007297,0.8610638,-0.07477689,-0.009996576,-0.05063781,-0.998667,0.0005061867,
1,3,7.825,0.8005753,0.8572198,-0.08264235,-0.009874927,-0.1629197,-0.9865886,0.001628833,
1,3,7.827,0.8004209,0.853345,-0.09050395,-0.009627344,-0.2731181,-0.9619285,0.002730646,
1,3,7.829,0.8002666,0.8494238,-0.09836555,-0.009257006,-0.3798279,-0.9250031,0.00379758,
1,3,7.831,0.8001122,0.8454718,-0.1062233,-0.008768653,-0.481689,-0.8762851,0.004816036,
1,3,7.833,0.7999578,0.8414735,-0.114081,-0.008168536,-0.5774034,-0.8163978,0.005773033,
1,3,7.835,0.7998034,0.8374442,-0.1219349,-0.007464317,-0.6657519,-0.7461063,0.006656382,
1,3,7.837,0.7996491,0.8333687,-0.1297864,-0.006664989,-0.7456096,-0.666308,0.007454837,
1,3,7.839,0.7994947,0.8292469,-0.1376365,-0.005780756,-0.8159601,-0.5780218,0.008158235,
1,3,7.841,0.7993403,0.8250942,-0.1454865,-0.004822902,-0.8759083,-0.482374,0.008757628,
1,3,7.843,0.7991859,0.8209106,-0.1533326,-0.003803643,-0.924692,-0.3805848,0.009245395,
1,3,7.845,0.7990316,0.8166807,-0.1611749,-0.002735974,-0.9616915,-0.2739519,0.009615338,
1,3,7.847,0.7988772,0.8124045,-0.1690172,-0.001633506,-0.9864372,-0.1638345,0.009862766,
1,3,7.849,0.7987228,0.8080974,-0.1768595,-0.000510289,-0.998616,-0.05163612,0.009984544,
1,3,7.851,0.7985684,0.8037594,-0.184698,0.0006193661,-0.9980747,0.06121394,0.009979141,
1,3,7.853,0.7984141,0.7993751,-0.1925326,0.001741073,-0.9848222,0.1732784,0.009846648,
1,3,7.855,0.7982597,0.7949445,-0.2003672,0.002840549,-0.9590294,0.2831302,0.009588771,
1,3,7.857,0.7981053,0.7904831,-0.2082017,0.003903797,-0.9210267,0.3893711,0.009208815,
1,3,7.859,0.7979509,0.7859907,-0.2160286,0.004917287,-0.8712999,0.490649,0.008711638,
1,3,7.861,0.7977965,0.7814521,-0.2238555,0.005868125,-0.8104839,0.5856755,0.008103586,
1,3,7.863,0.7976422,0.7768671,-0.2316823,0.006744217,-0.7393546,0.6732419,0.007392416,
1,3,7.865,0.7974878,0.7722512,-0.2395053,0.007534426,-0.6588192,0.7522348,0.006587201,
1,3,7.867,0.7973334,0.7676045,-0.2473245,0.008228707,-0.569904,0.8216503,0.005698201,
1,3,7.869,0.797179,0.7629115,-0.255141,0.008818244,-0.4737419,0.8806069,0.004736743,
1,3,7.871,0.7970247,0.7581722,-0.2629524,0.009295549,-0.3715574,0.9283561,0.003715071,
1,3,7.873,0.7968703,0.7534019,-0.2707638,0.009654571,-0.2646516,0.9642922,0.002646196,
1,3,7.875,0.7967159,0.7486008,-0.2785753,0.009890763,-0.154385,0.9879601,0.001543719,
1,3,7.877,0.7965615,0.7437534,-0.2863867,0.01000114,-0.04216072,0.9990608,0.0004216672,
1,3,7.879,0.7964072,0.7388597,-0.2941981,0.009984323,0.07059369,0.9974549,-0.000705684,
1,3,7.881,0.7962528,0.7339351,-0.3020096,0.009840541,0.1824442,0.9831653,-0.001823998,
1,3,7.883,0.7960984,0.7289796,-0.3098133,0.009571644,0.2919688,0.9563755,-0.002919056,
1,3,7.885,0.795944,0.7239779,-0.3176093,0.009181072,0.3977754,0.9174283,-0.003976942,
1,3,7.887,0.7957897,0.7189298,-0.3254052,0.008673812,0.4985196,0.8668208,-0.004984214,
1,3,7.889,0.7956353,0.7138508,-0.3332012,0.008056329,0.5929215,0.8051982,-0.005928075,
1,3,7.891,0.7954809,0.7087409,-0.3409972,0.00733649,0.6797827,0.7333454,-0.006796541,
1,3,7.893,0.7953265,0.7035848,-0.3487932,0.006523459,0.7580004,0.6521775,-0.007578588,
1,3,7.895,0.7951722,0.6983823,-0.3565892,0.005627583,0.8265822,0.5627272,-0.008264294,
1,3,7.897,0.7950178,0.693149,-0.3643775,0.00466026,0.8846585,0.4661325,-0.008844963,
1,3,7.899,0.7948634,0.6878847,-0.372158,0.003633789,0.9314932,0.3636216,-0.009313236,
1,3,7.901,0.794709,0.6825742,-0.3799386,0.002561216,0.9664932,0.2564975,-0.009663184,
1,3,7.903,0.7945547,0.6772174,-0.3877191,0.001456174,0.9892161,0.1461217,-0.009890383,
1,3,7.905,0.7944003,0.6718296,-0.3954997,0.0003327035,0.9993754,0.0338966,-0.009991967,
1,3,7.907,0.7942459,0.666411,-0.4032802,-0.0007949287,0.9968441,-0.07875264,-0.009966667,
1,3,7.909,0.7940915,0.6609461,-0.4110608,-0.001912403,0.9816566,-0.1903955,-0.009814828,
1,3,7.911,0.7939371,0.6554349,-0.4188336,-0.003005535,0.9540079,-0.2996149,-0.0095384,
1,3,7.913,0.7937828,0.6498928,-0.4265987,-0.004060454,0.9142509,-0.405025,-0.009140911,
1,3,7.915,0.7936284,0.6443198,-0.4343638,-0.005063775,0.8628926,-0.5052884,-0.008627427,
1,3,7.917,0.793474,0.6387005,-0.442129,-0.006002778,0.8005866,-0.5991336,-0.008004487,
1,3,7.919,0.7933196,0.6330349,-0.4498941,-0.006865555,0.7281255,-0.6853709,-0.007280014,
1,3,7.921,0.7931653,0.6273385,-0.4576592,-0.007641175,0.6464303,-0.7629075,-0.006463217,
1,3,7.923,0.7930109,0.6216111,-0.4654243,-0.008319813,0.5565391,-0.8307612,-0.005564474,
1,3,7.925,0.7928565,0.6158375,-0.473174,-0.008892877,0.4595935,-0.888073,-0.004595201,
1,3,7.927,0.7927021,0.6100175,-0.4809237,-0.009353119,0.3568243,-0.9341179,-0.003567704,
1,3,7.929,0.7925478,0.6041666,-0.4886733,-0.00969472,0.2495361,-0.9683138,-0.002495022,
1,3,7.931,0.7923934,0.5982849,-0.496423,-0.009913369,0.1390899,-0.9902292,-0.001390766,
1,3,7.933,0.792239,0.5923569,-0.5041727,-0.01000631,0.02688651,-0.9995884,-0.0002689426,
1,3,7.935,0.7920846,0.5863825,-0.5119224,-0.009972402,-0.0856512,-0.9962749,0.0008562226,
1,3,7.937,0.7919303,0.5803773,-0.519672,-0.009812081,-0.1970966,-0.980333,0.001970466,
1,3,7.939,0.7917759,0.5743412,-0.5274217,-0.009527409,-0.3060373,-0.9519669,0.003059668,
1,3,7.941,0.7916215,0.5682588,-0.5351714,-0.009122011,-0.4110933,-0.9115384,0.004110031,
1,3,7.943,0.7914671,0.5621455,-0.5429211,-0.00860105,-0.5109339,-0.8595618,0.005108251,
1,3,7.945,0.7913128,0.5559859,-0.5506399,-0.007971147,-0.604295,-0.7966979,0.006041691,
1,3,7.947,0.7911584,0.5497954,-0.5583587,-0.007240302,-0.6899952,-0.7237449,0.006898536,
1,3,7.949,0.791004,0.5435586,-0.5660775,-0.006417789,-0.7669502,-0.6416288,0.007667948,
1,3,7.951,0.7908496,0.5372909,-0.5737963,-0.005514038,-0.8341871,-0.551391,0.008340199,
1,3,7.953,0.7906953,0.530977,-0.5815151,-0.004540511,-0.890856,-0.4541758,0.008906792,
1,3,7.955,0.7905409,0.5246321,-0.5892339,-0.003509548,-0.9362413,-0.3512155,0.00936057,
1,3,7.957,0.7903865,0.5182409,-0.5969527,-0.002434215,-0.9697703,-0.2438149,0.00969581,
1,3,7.959,0.7902321,0.5118189,-0.6046715,-0.001328128,-0.9910207,-0.1333341,0.009908287,
1,3,7.961,0.7900777,0.5053505,-0.6123903,-0.0002052992,-0.9997259,-0.0211724,0.009995337,
1,3,7.963,0.7899234,0.4988513,-0.6201091,0.0009200594,-0.9957778,0.0912504,0.009955878,
1,3,7.965,0.789769,0.4923135,-0.6278279,0.002033707,-0.9792288,0.2025116,0.009790435,
1,3,7.967,0.7896146,0.4857371,-0.6355467,0.003121555,-0.9502906,0.3112037,0.009501123,
1,3,7.969,0.7894602,0.479122,-0.6432655,0.004169845,-0.9093316,0.4159519,0.009091624,
1,3,7.971,0.7893059,0.4724684,-0.6509534,0.005165321,-0.8568721,0.515432,0.008567142,
1,3,7.973,0.7891515,0.4657762,-0.6586413,0.006095401,-0.7935778,0.6083865,0.007934333,
1,3,7.975,0.7889971,0.4590532,-0.6663293,0.006948338,-0.7202512,0.6936412,0.007201219,
1,3,7.977,0.7888427,0.4522838,-0.6740172,0.007713358,-0.6378212,0.7701194,0.00637709,
1,3,7.979,0.7886884,0.4454835,-0.6817051,0.008380809,-0.5473319,0.8368559,0.005472383,
1,3,7.981,0.788534,0.4386369,-0.689393,0.008942265,-0.4499285,0.8930084,0.00449855,
1,3,7.983,0.7883796,0.4317595,-0.697081,0.009390653,-0.3468438,0.9378695,0.003467913,
1,3,7.985,0.7882252,0.4248357,-0.7047689,0.009720323,-0.2393816,0.970874,0.00239351,
1,3,7.987,0.7880709,0.4178811,-0.7124568,0.009927129,-0.1289012,0.9916069,0.00128893,
1,3,7.989,0.7879165,0.4108878,-0.7201447,0.01000849,-0.01679865,0.9998088,0.0001681339,
1,3,7.991,0.7877621,0.403856,-0.7278327,0.009963388,0.09550913,0.9953783,-0.0009547162,
1,3,7.993,0.7876077,0.3967856,-0.7355206,0.009792427,0.2066033,0.9783736,-0.002065435,
1,3,7.995,0.7874534,0.3896766,-0.7431777,0.009497787,0.315081,0.949012,-0.003149994,
1,3,7.997,0.787299,0.382529,-0.7508347,0.009083212,0.4195724,0.9076667,-0.004194702,
1,3,7.999,0.7871446,0.3753428,-0.7584918,0.00855396,0.5187589,0.854862,-0.005186374,
1,3,8.001,0.7869902,0.3681257,-0.7661488,0.007916739,0.6113891,0.791267,-0.006112497,
1,3,8.003,0.7868358,0.3608623,-0.7738059,0.007179609,0.6962948,0.7176863,-0.006961391,
1,3,8.005,0.7866815,0.353568,-0.7814629,0.006351897,0.7724056,0.6350509,-0.007722357,
1,3,8.007,0.7865271,0.3462274,-0.78912,0.005444069,0.8387626,0.5444055,-0.008385804,
1,3,8.009,0.7863727,0.338856,-0.796777,0.004467594,0.8945304,0.4468954,-0.008943382,
1,3,8.011,0.7862183,0.3314459,-0.8044341,0.003434808,0.939007,0.3437526,-0.009388072,
1,3,8.013,0.786064,0.3239973,-0.8120911,0.002358754,0.9716338,0.2362793,-0.00971429,
1,3,8.015,0.7859096,0.3165101,-0.8197482,0.001253012,0.9920012,0.1258323,-0.009917939,
1,3,8.017,0.7857552,0.3089842,-0.8274052,0.0001315372,0.9998547,0.01380517,-0.009996476,
1,3,8.019,0.7856008,0.3014275,-0.8350314,-0.0009915242,0.9950979,-0.09838881,-0.009948934,
1,3,8.021,0.7854465,0.2938245,-0.8426576,-0.002102015,0.9777928,-0.2093352,-0.009775936,
1,3,8.023,0.7852921,0.2861906,-0.8502837,-0.003185931,0.9481603,-0.3176351,-0.009479688,
1,3,8.025,0.7851377,0.2785104,-0.8579099,-0.00422961,0.9065763,-0.4219235,-0.00906395,
1,3,8.027,0.7849833,0.2707993,-0.8655361,-0.005219907,0.8535672,-0.5208865,-0.008533983,
1,3,8.029,0.784829,0.2630496,-0.8731623,-0.006144349,0.7898038,-0.6132781,-0.007896493,
1,3,8.031,0.7846746,0.2552614,-0.8807884,-0.006991297,0.7160912,-0.697935,-0.007159534,
1,3,8.033,0.7845202,0.247437,-0.8884146,-0.0077501,0.6333604,-0.7737922,-0.006332411,
1,3,8.035,0.7843658,0.2395716,-0.8960408,-0.008411212,0.5426557,-0.8398956,-0.005425564,
1,3,8.037,0.7842115,0.2316714,-0.903667,-0.008966324,0.445121,-0.8954145,-0.004450431,
1,3,8.039,0.7840571,0.2237326,-0.9112931,-0.009408464,0.3419862,-0.9396517,-0.003419308,
1,3,8.041,0.7839027,0.2157552,-0.9189039,-0.009732089,0.2345513,-0.9720523,-0.002345194,
1,3,8.043,0.7837483,0.2077431,-0.9264992,-0.009933146,0.12417,-0.9922104,-0.001241621,
1,3,8.045,0.783594,0.1996924,-0.9340945,-0.01000913,0.01223259,-0.9998751,-0.0001224902,
1,3,8.047,0.7834396,0.1916031,-0.9416898,-0.0099591,-0.09985142,-0.994952,0.0009981073,
1,3,8.049,0.7832852,0.1834752,-0.9492851,-0.009783722,-0.2106712,-0.9775058,0.002106066,
1,3,8.051,0.7831308,0.1753125,-0.9568804,-0.009485221,-0.3188322,-0.9477584,0.003187445,
1,3,8.053,0.7829764,0.1671113,-0.9644757,-0.009067382,-0.4229738,-0.9060867,0.004228641,
1,3,8.055,0.7828221,0.1588715,-0.972071,-0.008535488,-0.5217865,-0.8530175,0.005216558,
1,3,8.057,0.7826677,0.1505969,-0.9796663,-0.007896249,-0.6140281,-0.7892209,0.00613878,
1,3,8.059,0.7825133,0.1422838,-0.9872616,-0.007157732,-0.69854,-0.7155011,0.006983724,
1,3,8.061,0.7823589,0.1339321,-0.9948569,-0.006329243,-0.7742608,-0.6327878,0.007740777,
1,3,8.063,0.7822046,0.1255417,-1.002447,-0.005421221,-0.8402398,-0.5421228,0.008400436,
1,3,8.065,0.7820502,0.117115,-1.010042,-0.004445099,-0.8956497,-0.4446478,0.008954431,
1,3,8.067,0.7818958,0.1086513,-1.017637,-0.003413161,-0.9397961,-0.3415895,0.009395815,
1,3,8.069,0.7817414,0.100151,-1.025233,-0.00233839,-0.9721264,-0.2342443,0.009719066,
1,3,8.071,0.7815871,0.09161204,-1.032828,-0.001234303,-0.9922366,-0.1239625,0.009920143,
1,3,8.073,0.7814327,0.08303645,-1.040423,-0.0001147831,-0.9998765,-0.01213056,0.009996544,
1,3,8.075,0.7812783,0.0744242,-1.047957,0.001006103,-0.9949526,0.09984624,0.009947336,
1,3,8.077,0.7811239,0.06577335,-1.05549,0.002114272,-0.9775296,0.210561,0.009773163,
1,3,8.079,0.7809696,0.05708512,-1.063024,0.003195808,-0.9478287,0.3186233,0.009476241,
1,3,8.081,0.7808152,0.04836094,-1.070557,0.00423713,-0.9062256,0.4226762,0.009060321,CourtEnter
1,3,8.083,0.7806608,0.03959914,-1.078091,0.00522517,-0.8532451,0.5214141,0.008530654,
1,3,8.085,0.7805063,0.03739179,-1.085685,0.00613598,-0.7906821,0.6121452,0.007903247,
1,3,8.087,0.7803519,0.04414478,-1.093342,0.00695821,-0.7197305,0.6941816,0.007193241,
1,3,8.089,0.7801976,0.05085628,-1.100999,0.007698534,-0.640316,0.7680464,0.006398655,
1,3,8.091,0.7800432,0.05752629,-1.108656,0.008348257,-0.5533744,0.8328725,0.005528852,CourtExit
1,3,8.093,0.7798888,0.06415433,-1.116313,0.008899754,-0.4599297,0.8878989,0.004594075,
1,3,8.095,0.7797344,0.07074039,-1.12397,0.00934656,-0.3610819,0.9324803,0.00360533,
1,3,8.097,0.7795801,0.07728594,-1.131627,0.009683435,-0.2579943,0.9660946,0.002574252,
1,3,8.099,0.7794257,0.08378903,-1.139284,0.00990644,-0.1518796,0.9883482,0.001512971,
1,3,8.101,0.7792713,0.09025159,-1.146941,0.01001298,-0.04398569,0.9989819,0.0004339682,
1,3,8.103,0.7791169,0.09667171,-1.154537,0.01000181,0.06441867,0.9978727,-0.0006500707,
1,3,8.105,0.7789626,0.1030513,-1.162132,0.009873098,0.1720595,0.9850356,-0.001726403,
1,3,8.107,0.7788082,0.1093884,-1.169727,0.009628368,0.2776719,0.9606237,-0.002782384,
1,3,8.109,0.7786538,0.115685,-1.177323,0.009270517,0.3800153,0.9249259,-0.003805607,
1,3,8.111,0.7784994,0.1219392,-1.184918,0.008803774,0.4778881,0.8783636,-0.004784059,
1,3,8.113,0.778345,0.1281547,-1.192513,0.008233638,0.5701412,0.8214857,-0.005706251,
1,3,8.115,0.7781907,0.1343259,-1.200109,0.007566822,0.6556922,0.7549619,-0.006561364,
1,3,8.117,0.7780363,0.1404585,-1.207704,0.006811178,0.7335373,0.6795755,-0.007339365,
1,3,8.119,0.7778819,0.1465448,-1.215299,0.005975595,0.8027638,0.5962132,-0.008031134,
1,3,8.121,0.7777275,0.1525925,-1.222894,0.005069897,0.8625603,0.5058553,-0.008628562,
1,3,8.123,0.7775732,0.1585977,-1.23049,0.004104728,0.9122267,0.4095637,-0.009124652,
1,3,8.125,0.7774188,0.1645605,-1.238085,0.003091427,0.9511817,0.3084694,-0.009513603,
1,3,8.127,0.7772644,0.1704846,-1.24568,0.002041898,0.9789698,0.2037603,-0.009790861,
1,3,8.129,0.77711,0.1763664,-1.253276,0.0009684649,0.9952667,0.09666591,-0.009953196,
1,3,8.131,0.7769557,0.1822056,-1.260871,-0.000116271,0.9998832,-0.01155661,-0.009998719,
1,3,8.133,0.7768013,0.1880063,-1.268466,-0.00119958,0.9927673,-0.1196372,-0.009926919,
1,3,8.135,0.7766469,0.1937646,-1.276062,-0.002268752,0.9740045,-0.226308,-0.009738661,
1,3,8.137,0.7764925,0.1994803,-1.283657,-0.003311248,0.9438168,-0.3303178,-0.009436171,
1,3,8.139,0.7763382,0.2051575,-1.291252,-0.004314844,0.9025604,-0.4304471,-0.009023016,
1,3,8.141,0.7761838,0.2107922,-1.298847,-0.005267778,0.8507209,-0.5255225,-0.008504061,
1,3,8.143,0.7760294,0.2163845,-1.306443,-0.006158881,0.7889083,-0.6144296,-0.007885412,
1,3,8.145,0.775875,0.2219382,-1.314038,-0.006977719,0.7178487,-0.6961273,-0.007174337,
1,3,8.147,0.7757207,0.2274494,-1.321633,-0.007714706,0.6383767,-0.769659,-0.00637919,
1,3,8.149,0.7755663,0.2329182,-1.329229,-0.008361212,0.5514256,-0.8341641,-0.005509307,
1,3,8.151,0.7754119,0.2383483,-1.336824,-0.008909677,0.4580157,-0.8888878,-0.004574894,
1,3,8.153,0.7752575,0.2437361,-1.344419,-0.009353687,0.3592428,-0.9331904,-0.003586915,
1,3,8.155,0.7751032,0.2490813,-1.352015,-0.009688057,0.2562656,-0.9665545,-0.002556957,
1,3,8.157,0.7749488,0.2543855,-1.35961,-0.009908888,0.1502913,-0.988591,-0.001497095,
1,3,8.159,0.7747944,0.2596497,-1.367205,-0.01001361,0.04256187,-0.9990436,-0.0004197516,
1,3,8.161,0.77464,0.2648754,-1.3748,-0.01000102,-0.06566025,-0.9977917,0.0006624473,
1,3,8.163,0.7744856,0.2700547,-1.382396,-0.009871273,-0.1731073,-0.984852,0.001736827,
1,3,8.165,0.7743313,0.2751954,-1.389991,-0.009625921,-0.2785205,-0.960378,0.002790801,
1,3,8.167,0.7741769,0.2802975,-1.397586,-0.009267852,-0.3806661,-0.9246583,0.003812033,
1,3,8.169,0.7740225,0.2853533,-1.405182,-0.008801275,-0.4783486,-0.8781129,0.00478857,
1,3,8.171,0.7738681,0.2903706,-1.412777,-0.008231673,-0.570425,-0.8212885,0.005708986,
1,3,8.173,0.7737138,0.2953492,-1.420372,-0.007565733,-0.6558185,-0.7548522,0.006562514,
1,3,8.175,0.7735594,0.3002815,-1.427968,-0.006811264,-0.7335302,-0.6795833,0.007339173,
1,3,8.177,0.773405,0.3051752,-1.435563,-0.005977109,-0.8026519,-0.5963637,0.008029887,
1,3,8.179,0.7732506,0.3100303,-1.443158,-0.005073047,-0.8623762,-0.5061692,0.008626584,
1,3,8.181,0.7730963,0.3148392,-1.450692,-0.004109669,-0.9120053,-0.4100563,0.009122299,
1,3,8.183,0.7729419,0.3196094,-1.458225,-0.003098256,-0.9509606,-0.3091504,0.009511246,
1,3,8.185,0.7727875,0.324341,-1.465759,-0.002050645,-0.9787878,-0.2046327,0.009788896,
1,3,8.187,0.7726331,0.329034,-1.473292,-0.0009791002,-0.9951631,-0.09772661,0.009952012,
1,3,8.189,0.7724788,0.3336885,-1.480826,0.0001038408,-0.9998968,0.01031699,0.00999871,
1,3,8.191,0.7723244,0.3382966,-1.488359,0.001185511,-0.9929354,0.1182343,0.009928458,
1,3,8.193,0.77217,0.3428661,-1.495893,0.00225326,-0.9743621,0.2247634,0.009742097,
1,3,8.195,0.7720156,0.3473971,-1.503427,0.003294605,-0.9443959,0.3286587,0.009441828,
1,3,8.197,0.7718613,0.3518817,-1.51096,0.004297375,-0.9033889,0.4287058,0.009031176,
1,3,8.199,0.7717069,0.3563277,-1.518494,0.005249851,-0.8518221,0.5237357,0.008514962,
1,3,8.201,0.7715525,0.3607351,-1.526027,0.006140907,-0.7903003,0.6126381,0.007899236,
1,3,8.203,0.7713981,0.3650963,-1.533561,0.006960136,-0.7195441,0.6943747,0.007191207,
1,3,8.205,0.7712438,0.3694188,-1.541094,0.007697974,-0.6403818,0.7679915,0.006399168,
1,3,8.207,0.7710894,0.3737027,-1.548628,0.008345812,-0.5537401,0.8326294,0.005532389,
1,3,8.209,0.770935,0.3779404,-1.556161,0.008896093,-0.4606327,0.8875344,0.004601012,
1,3,8.211,0.7707806,0.3821394,-1.563695,0.009342405,-0.362148,0.9320668,0.003615925,
1,3,8.213,0.7706262,0.3862998,-1.571229,0.00967955,-0.2594378,0.9657079,0.002588647,
1,3,8.215,0.7704719,0.3904217,-1.578762,0.009903608,-0.1537023,0.9880664,0.001531183,
1,3,8.217,0.7703175,0.3945049,-1.586296,0.01001198,-0.04617676,0.998883,0.0004558917,
1,3,8.219,0.7701631,0.3985418,-1.593829,0.01000341,0.06188258,0.9980331,-0.0006246685,
1,3,8.221,0.7700087,0.4025402,-1.601363,0.009878032,0.1692137,0.9855284,-0.001697878,
1,3,8.223,0.7698544,0.4064999,-1.608896,0.009637315,0.2745635,0.9615168,-0.002751207,
1,3,8.225,0.7697,0.4104134,-1.61643,0.00928409,0.3767023,0.9262803,-0.003772361,
1,3,8.227,0.7695456,0.4142882,-1.623963,0.008822498,0.4744382,0.8802319,-0.004749422,
1,3,8.229,0.7693912,0.4181244,-1.631497,0.008257942,0.5666313,0.8239106,-0.005670996,
1,3,8.231,0.7692369,0.4219144,-1.63903,0.007597028,0.6522062,0.7579755,-0.006526332,
1,3,8.233,0.7690825,0.4256734,-1.646564,0.006847484,0.7301649,0.6831977,-0.007305457,
1,3,8.235,0.7689281,0.4293862,-1.654098,0.00601807,0.7995991,0.6004509,-0.007999292,
1,3,8.237,0.7687737,0.4330603,-1.661631,0.005118478,0.8596995,0.5107021,-0.008599751,
1,3,8.239,0.7686194,0.4366959,-1.669165,0.004159212,0.9097667,0.4149994,-0.009099845,
1,3,8.241,0.768465,0.4402851,-1.676698,0.003151471,0.9492181,0.31446,-0.009493755,
1,3,8.243,0.7683106,0.4438358,-1.684232,0.002107019,0.977595,0.2102573,-0.009776901,
1,3,8.245,0.7681562,0.4473478,-1.691765,0.00103804,0.994568,0.1036074,-0.009945995,
1,3,8.247,0.7680019,0.4508136,-1.699299,-4.299148E-05,0.9999411,-0.004245664,-0.009999086,
1,3,8.249,0.7678475,0.4542484,-1.706832,-0.00112347,0.993653,-0.1120439,-0.00993557,
1,3,8.251,0.7676931,0.457637,-1.714366,-0.002190793,0.9757789,-0.2185304,-0.009756205,
1,3,8.253,0.7675387,0.4609869,-1.7219,-0.003232518,0.9465292,-0.3224634,-0.0094631,
1,3,8.255,0.7673844,0.4642983,-1.729433,-0.004236506,0.9062462,-0.4226319,-0.009059692,
1,3,8.257,0.76723,0.4675634,-1.736967,-0.005191063,0.8554015,-0.5178691,-0.008550697,
1,3,8.259,0.7670756,0.4707898,-1.7445,-0.006085067,0.7945889,-0.6070655,-0.007942064,
1,3,8.261,0.7669212,0.4739777,-1.752034,-0.006908109,0.7245187,-0.6891825,-0.007240898,
1,3,8.263,0.7667668,0.4771192,-1.759536,-0.00765061,0.646009,-0.7632642,-0.006455388,
1,3,8.265,0.7666125,0.4802299,-1.767008,-0.008303929,0.5599756,-0.8284487,-0.005594697,
1,3,8.267,0.7664581,0.4832943,-1.77448,-0.008860466,0.467422,-0.8839777,-0.004668865,
1,3,8.269,0.7663037,0.48632,-1.781952,-0.009313752,0.3694274,-0.9292057,-0.003688687,
1,3,8.271,0.7661493,0.4893072,-1.789424,-0.009658523,0.267134,-0.9636074,-0.002665588,
1,3,8.273,0.765995,0.4922481,-1.796895,-0.009890777,0.1617339,-0.9867836,-0.001611491,
1,3,8.275,0.7658406,0.4951504,-1.804367,-0.01000783,0.05445513,-0.998466,-0.0005386773,
1,3,8.277,0.7656862,0.498014,-1.811839,-0.01000832,-0.05345266,-0.9985201,0.0005403573,
1,3,8.279,0.7655318,0.5008391,-1.819311,-0.009892276,-0.1607328,-0.9869471,0.001613048,
1,3,8.281,0.7653775,0.5036179,-1.826783,-0.00966106,-0.2661364,-0.9638833,0.002666905,
1,3,8.283,0.7652231,0.5063658,-1.834254,-0.009317378,-0.3684369,-0.9295988,0.003689662,
1,3,8.285,0.7650687,0.5090674,-1.841726,-0.008865246,-0.4664435,-0.8844943,0.004669418,
1,3,8.287,0.7649143,0.5117381,-1.849198,-0.008309942,-0.5590161,-0.8290963,0.005594774,
1,3,8.289,0.76476,0.5143625,-1.85667,-0.007657945,-0.6450779,-0.7640511,0.006454967,
1,3,8.291,0.7646056,0.5169405,-1.864142,-0.006916857,-0.7236284,-0.6901172,0.007239998,
1,3,8.293,0.7644512,0.5194877,-1.871613,-0.006095317,-0.7937545,-0.608156,0.007940741,
1,3,8.295,0.7642968,0.5219886,-1.879085,-0.00520289,-0.8546413,-0.5191223,0.008549054,
1,3,8.297,0.7641425,0.5244432,-1.886557,-0.004249972,-0.9055821,-0.424053,0.009057872,
1,3,8.299,0.7639881,0.5268669,-1.894029,-0.003247655,-0.9459854,-0.3240549,0.009461294,
1,3,8.301,0.7638337,0.5292443,-1.901501,-0.002207605,-0.9753828,-0.2202917,0.009754641,
1,3,8.303,0.7636793,0.5315754,-1.908972,-0.001141927,-0.9934338,-0.1139712,0.009934511,
1,3,8.305,0.7635249,0.5338756,-1.916444,-6.301561E-05,-0.99993,-0.006329976,0.009998833,
1,3,8.307,0.7633706,0.5361449,-1.923916,0.001016577,-0.9947976,0.1013798,0.009946874,
1,3,8.309,0.7632162,0.5383679,-1.931388,0.002084297,-0.9780978,0.2079056,0.009779256,
1,3,8.311,0.7630618,0.5405446,-1.93886,0.003127733,-0.9500266,0.3120091,0.009497941,
1,3,8.313,0.7629074,0.5426905,-1.946331,0.004134757,-0.9109116,0.4124804,0.00910622,
1,3,8.315,0.7627531,0.54479,-1.953803,0.00509367,-0.8612093,0.5081521,0.008608657,
1,3,8.317,0.7625987,0.5468432,-1.961275,0.005993331,-0.8014988,0.5979128,0.008011052,
1,3,8.319,0.7624443,0.5488655,-1.968747,0.006823292,-0.7324755,0.6807199,0.007320366,
1,3,8.321,0.7622899,0.5508415,-1.976219,0.007573914,-0.6549428,0.7556122,0.006544638,
1,3,8.323,0.7621356,0.5527712,-1.98369,0.00823649,-0.5698031,0.8217202,0.005692893,
1,3,8.325,0.7619812,0.55467,-1.991162,0.008803331,-0.4780469,0.8782772,0.004775044,
1,3,8.327,0.7618268,0.556538,-1.998634,0.009267867,-0.3807408,0.9246276,0.003801759,
1,3,8.329,0.7616724,0.5583596,-2.006055,0.009624713,-0.2790159,0.9602342,0.002784352,
1,3,8.331,0.7615181,0.5601349,-2.013465,0.009869744,-0.1740548,0.9846851,0.00173465,
1,3,8.333,0.7613637,0.5618794,-2.020875,0.01000012,-0.06707664,0.9976975,0.0006648486,
1,3,8.335,0.7612093,0.5635775,-2.028286,0.01001436,0.04067553,0.9991221,-0.0004126246,
1,3,8.337,0.7610549,0.5652294,-2.035696,0.009912294,0.1479505,0.988944,-0.001485254,
1,3,8.339,0.7609006,0.5668503,-2.043106,0.009695134,0.2535027,0.9672828,-0.002540589,
1,3,8.341,0.7607462,0.5684249,-2.050516,0.009365415,0.3561068,0.9343916,-0.003566375,
1,3,8.343,0.7605918,0.5699533,-2.057926,0.008926979,0.454572,0.8906537,-0.004550709,
1,3,8.345,0.7604374,0.5714507,-2.065336,0.008384932,0.5477557,0.8365784,-0.005482169,
1,3,8.347,0.7602831,0.5729173,-2.072746,0.007745582,0.6345768,0.772795,-0.006349951,
1,3,8.349,0.7601287,0.5743375,-2.080156,0.007016358,0.7140288,0.7000447,-0.007143993,
1,3,8.351,0.7599743,0.5757115,-2.087566,0.00620574,0.7851905,0.6191735,-0.007855088,
1,3,8.353,0.7598199,0.5770546,-2.094976,0.005323146,0.847237,0.5311209,-0.008474994,
1,3,8.355,0.7596655,0.5783513,-2.102386,0.004378826,0.8994498,0.4369095,-0.008996535,
1,3,8.357,0.7595112,0.5796018,-2.109796,0.003383744,0.9412246,0.3376333,-0.009413671,
1,3,8.359,0.7593568,0.5808213,-2.117206,0.002349453,0.9720781,0.2344445,-0.009721579,
1,3,8.361,0.7592024,0.5819946,-2.124616,0.001287954,0.9916538,0.1285409,-0.009916698,
1,3,8.363,0.759048,0.583137,-2.132026,0.0002115655,0.9997263,0.02115115,-0.009996783,
1,3,8.365,0.7588937,0.584233,-2.139436,-0.0008672286,0.9962035,-0.0864791,-0.00996092,
1,3,8.367,0.7587393,0.5852982,-2.146846,-0.001935918,0.9811279,-0.1931016,-0.009809544,
1,3,8.369,0.7585849,0.5863171,-2.154256,-0.002982111,0.9546757,-0.2974801,-0.009544423,
1,3,8.371,0.7584305,0.5872897,-2.161666,-0.00399368,0.9171551,-0.3984048,-0.009168645,
1,3,8.373,0.7582762,0.5882314,-2.169076,-0.0049589,0.8690029,-0.4947059,-0.008686584,
1,3,8.375,0.7581218,0.5891268,-2.176486,-0.005866589,0.8107784,-0.5852678,-0.008103844,
1,3,8.377,0.7579674,0.5899758,-2.183897,-0.006706231,0.7431581,-0.669041,-0.007427189,
1,3,8.379,0.757813,0.590794,-2.191307,-0.007468105,0.6669271,-0.7450558,-0.006664478,
1,3,8.381,0.7576587,0.5915813,-2.198717,-0.008143391,0.5829699,-0.8124321,-0.005824562,
1,3,8.383,0.7575043,0.5923223,-2.206127,-0.008724274,0.4922606,-0.8703903,-0.004917186,
1,3,8.385,0.7573499,0.593017,-2.213537,-0.009204038,0.395851,-0.9182602,-0.003952872,
1,3,8.387,0.7571955,0.5936809,-2.220947,-0.009577135,0.2948593,-0.9554882,-0.0029428,
1,3,8.389,0.7570412,0.5942984,-2.228357,-0.009839256,0.1904558,-0.9816447,-0.00189868,
1,3,8.391,0.7568868,0.5948696,-2.235767,-0.009987381,0.08385053,-0.996428,-0.0008326104,
1,3,8.393,0.7567324,0.5954099,-2.243177,-0.01001981,-0.02372128,-0.9996684,0.0002430555,
1,3,8.395,0.756578,0.5959193,-2.250587,-0.009936186,-0.1310136,-0.99133,0.001315857,
1,3,8.397,0.7564237,0.5963824,-2.257997,-0.009737485,-0.236784,-0.9715106,0.002373372,
1,3,8.399,0.7562693,0.5967993,-2.265407,-0.009426029,-0.3398075,-0.9404417,0.003403352,
1,3,8.401,0.7561149,0.5971852,-2.272817,-0.009005439,-0.4388915,-0.8984842,0.004393876,
1,3,8.403,0.7559605,0.5975248,-2.280227,-0.008480599,-0.5328892,-0.8461257,0.00533348,
1,3,8.405,0.7558061,0.5978181,-2.287637,-0.007857597,-0.6207134,-0.7839736,0.006211296,
1,3,8.407,0.7556518,0.5980806,-2.295047,-0.007143661,-0.7013481,-0.7127487,0.007017168,
1,3,8.409,0.7554974,0.5983121,-2.302457,-0.006347068,-0.7738609,-0.6332766,0.007741779,
1,3,8.411,0.755343,0.5984974,-2.309867,-0.005477045,-0.8374134,-0.5464784,0.008376751,
1,3,8.413,0.7551886,0.5986363,-2.317277,-0.004543674,-0.8912717,-0.4533594,0.008914747,
1,3,8.415,0.7550343,0.5987444,-2.324687,-0.003557764,-0.9348135,-0.3549982,0.009349558,
1,3,8.417,0.7548799,0.5988061,-2.332098,-0.002530732,-0.9675365,-0.2525335,0.009676161,
1,3,8.419,0.7547255,0.5988216,-2.339508,-0.001474465,-0.9890634,-0.1471515,0.009890796,
1,3,8.421,0.7545711,0.5988061,-2.346918,-0.0004011847,-0.9991468,-0.04007175,0.009990992,
1,3,8.423,0.7544168,0.5987598,-2.354328,0.0006766901,-0.9976715,0.06746685,0.009975606,
1,3,8.425,0.7542624,0.5986672,-2.361738,0.001746691,-0.984656,0.1742204,0.009844831,
1,3,8.427,0.754108,0.5985283,-2.369148,0.002796447,-0.9602523,0.2789546,0.009600195,
1,3,8.429,0.7539536,0.5983585,-2.376558,0.003813814,-0.9247442,0.3804579,0.009244542,
1,3,8.431,0.7537993,0.5981423,-2.383968,0.004787034,-0.8785439,0.4775571,0.008781998,
1,3,8.433,0.7536449,0.5978799,-2.391378,0.005704859,-0.8221867,0.56913,0.008217928,
1,3,8.435,0.7534905,0.5975866,-2.398788,0.006556682,-0.7563259,0.6541185,0.007558867,
1,3,8.437,0.7533361,0.5972624,-2.406198,0.007332666,-0.6817241,0.7315409,0.006812449,
1,3,8.439,0.7531818,0.5968919,-2.413608,0.008023849,-0.599245,0.8005032,0.005987312,
1,3,8.441,0.7530274,0.5964751,-2.421018,0.008622252,-0.5098427,0.8602093,0.005093003,
1,3,8.443,0.752873,0.5960274,-2.428428,0.009120977,-0.4145518,0.9099706,0.004139869,
1,3,8.445,0.7527186,0.5955334,-2.435838,0.009514267,-0.3144741,0.9492133,0.003138934,
1,3,8.447,0.7525643,0.5949931,-2.443248,0.009797595,-0.2107669,0.977485,0.00210177,
1,3,8.449,0.7524099,0.5944219,-2.450658,0.009967702,-0.1046288,0.9944609,0.001040365,
1,3,8.451,0.7522555,0.5938198,-2.458068,0.01002263,0.002713259,0.9999461,-3.301003E-05,
1,3,8.453,0.7521011,0.5931714,-2.465478,0.009961773,0.1100191,0.9938789,-0.001105955,
1,3,8.455,0.7519467,0.5924767,-2.472888,0.009785839,0.2160494,0.9763311,-0.002166076,
1,3,8.457,0.7517924,0.5917512,-2.480299,0.009496881,0.3195797,0.9475064,-0.003201129,
1,3,8.459,0.751638,0.5909793,-2.487709,0.009098248,0.4194142,0.9077396,-0.004199164,
1,3,8.461,0.7514836,0.5901611,-2.495119,0.00859456,0.5144007,0.8574914,-0.005148658,
1,3,8.463,0.7513292,0.589312,-2.502529,0.007991646,0.6034428,0.7973434,-0.006038653,
1,3,8.465,0.7511749,0.5884321,-2.509939,0.007296486,0.6855131,0.7279915,-0.006858882,
1,3,8.467,0.7510205,0.5875058,-2.517349,0.006517112,0.7596651,0.6502375,-0.007599884,
1,3,8.469,0.7508661,0.5865332,-2.524759,0.005662534,0.8250438,0.5649802,-0.008253112,
1,3,8.471,0.7507117,0.5855298,-2.532169,0.00474263,0.8808956,0.4732049,-0.008811042,
1,3,8.473,0.7505574,0.58448,-2.539579,0.003768025,0.9265772,0.3759717,-0.009267245,
1,3,8.475,0.750403,0.5833994,-2.546989,0.002749975,0.9615626,0.2744035,-0.009616471,
1,3,8.477,0.7502486,0.5822725,-2.554337,0.001700234,0.9854497,0.1696731,-0.009854703,
1,3,8.479,0.7500942,0.5811146,-2.561624,0.0006309187,0.9979641,0.0629893,-0.009979206,
1,3,8.481,0.7499399,0.5799105,-2.56891,-0.00044563,0.9989631,-0.04441653,-0.00998856,
1,3,8.483,0.7497855,0.5786601,-2.576197,-0.00151699,0.9884365,-0.1513053,-0.009882671,
1,3,8.485,0.7496311,0.5773787,-2.583483,-0.002570803,0.9665074,-0.2564439,-0.009662775,
1,3,8.487,0.7494767,0.5760511,-2.59077,-0.003594912,0.9334303,-0.3586197,-0.009331427,
1,3,8.489,0.7493224,0.5746926,-2.598057,-0.004577511,0.889588,-0.4566544,-0.008892462,
1,3,8.491,0.749168,0.5732878,-2.605343,-0.005507273,0.8354878,-0.549418,-0.008350958,
1,3,8.493,0.7490136,0.5718521,-2.61263,-0.006373482,0.7717549,-0.6358415,-0.007713172,
1,3,8.495,0.7488592,0.5703701,-2.619916,-0.007166157,0.6991254,-0.7149291,-0.00698647,
1,3,8.497,0.7487049,0.5688418,-2.627203,-0.00787617,0.6184381,-0.7857698,-0.006179246,
1,3,8.499,0.7485505,0.5672826,-2.634489,-0.008495345,0.5306244,-0.847548,-0.005300817,
1,3,8.501,0.7483961,0.5656925,-2.641776,-0.009016558,0.4366974,-0.8995528,-0.004361319,
1,3,8.503,0.7482417,0.5640561,-2.649062,-0.009433812,0.3377407,-0.941186,-0.00337159,
1,3,8.505,0.7480873,0.5623734,-2.656349,-0.009742311,0.2348955,-0.971969,-0.002343045,
1,3,8.507,0.747933,0.5606598,-2.663635,-0.009938518,0.1293477,-0.9915487,-0.001287544,
1,3,8.509,0.7477786,0.5588999,-2.670922,-0.01002018,0.02231408,-0.9997008,-0.0002172533,
1,3,8.511,0.7476242,0.5571092,-2.678209,-0.00998638,-0.08497185,-0.9963329,0.0008554915,
1,3,8.513,0.7474698,0.5552721,-2.685495,-0.009837517,-0.1912739,-0.9814856,0.00191833,
1,3,8.515,0.7473155,0.5534042,-2.692782,-0.009575321,-0.2953674,-0.9553311,0.00295902,
1,3,8.517,0.7471611,0.5514899,-2.700068,-0.009202831,-0.3960536,-0.9181727,0.003965574,
1,3,8.519,0.7470067,0.5495293,-2.707355,-0.008724354,-0.4921731,-0.8704397,0.004926404,
1,3,8.521,0.7468523,0.5475379,-2.714641,-0.008145413,-0.5826195,-0.8126833,0.005830447,
1,3,8.523,0.746698,0.5455155,-2.721928,-0.00747269,-0.666352,-0.7455701,0.006667299,
1,3,8.525,0.7465436,0.5434469,-2.729214,-0.006713944,-0.7424071,-0.6698742,0.007427334,
1,3,8.527,0.7463892,0.5413319,-2.736501,-0.005877924,-0.8099104,-0.5864684,0.008101813,
1,3,8.529,0.7462348,0.5391861,-2.743788,-0.004974265,-0.8680855,-0.4963139,0.008682976,
1,3,8.531,0.7460805,0.536994,-2.751074,-0.004013381,-0.9162642,-0.4004496,0.009164152,
1,3,8.533,0.7459261,0.534771,-2.758361,-0.003006341,-0.9538931,-0.2999799,0.009539813,
1,3,8.535,0.7457717,0.5325016,-2.765647,-0.001964742,-0.9805406,-0.1960618,0.00980565,
1,3,8.537,0.7456173,0.5302014,-2.772934,-0.0009005752,-0.9959013,-0.08989177,0.009958614,
1,3,8.539,0.745463,0.5278549,-2.78022,0.0001739063,-0.9998003,0.01730781,0.009996965,
1,3,8.541,0.7453086,0.5254621,-2.787507,0.001246337,-0.9921939,0.1243034,0.009920274,
1,3,8.543,0.7451542,0.5230384,-2.794793,0.002304377,-0.9731714,0.2298638,0.009729441,
1,3,8.545,0.7449998,0.5205838,-2.80208,0.003335857,-0.9429533,0.3327748,0.009426681,
1,3,8.547,0.7448454,0.5180829,-2.809366,0.004328912,-0.9018887,0.4318528,0.009015489,
1,3,8.549,0.7446911,0.5155357,-2.816653,0.005272126,-0.8504514,0.5259586,0.008500608,
1,3,8.551,0.7445367,0.5129576,-2.82394,0.006154656,-0.7892346,0.6140105,0.007887977,
1,3,8.553,0.7443823,0.5103332,-2.831226,0.00696636,-0.7189437,0.6949964,0.007184654,
1,3,8.555,0.7442279,0.507678,-2.838513,0.007697914,-0.6403884,0.7679861,0.006398742,
1,3,8.557,0.7440736,0.5049764,-2.845799,0.008340918,-0.5544729,0.8321416,0.005539291,
1,3,8.559,0.7439192,0.5022439,-2.853086,0.008887989,-0.4621862,0.8867264,0.00461619,
1,3,8.561,0.7437648,0.4994652,-2.860372,0.009332853,-0.36459,0.9311143,0.003640062,
1,3,8.563,0.7436104,0.4966478,-2.867659,0.00967041,-0.2628071,0.9647964,0.002622136,
1,3,8.565,0.7434561,0.4937918,-2.874945,0.009896793,-0.1580081,0.987387,0.001574118,
1,3,8.567,0.7433017,0.4908973,-2.882232,0.01000942,-0.05139775,0.998628,0.0005080572,
1,3,8.569,0.7431473,0.4879642,-2.889518,0.010007,0.05579838,0.9983917,-0.0005637915,
1,3,8.571,0.7429929,0.4849924,-2.896805,0.009889595,0.1623485,0.9866826,-0.00162911,
1,3,8.573,0.7428386,0.4819821,-2.904092,0.009658557,0.2670282,0.9636366,-0.002675658,
1,3,8.575,0.7426842,0.4789332,-2.911378,0.009316559,0.368635,0.9295202,-0.003691415,
1,3,8.577,0.7425298,0.4758456,-2.918665,0.008867548,0.466002,0.884727,-0.004664716,
1,3,8.579,0.7423754,0.4727195,-2.925951,0.008316696,0.5580114,0.8297729,-0.005584386,
1,3,8.581,0.7422211,0.4695471,-2.933238,0.007670342,0.6436071,0.7652905,-0.006439868,
1,3,8.583,0.7420667,0.4663438,-2.940524,0.006935927,0.721807,0.692022,-0.00722135,
1,3,8.585,0.7419123,0.4630942,-2.947811,0.006121895,0.7917141,0.6108099,-0.007919867,
1,3,8.587,0.7417579,0.4598137,-2.955097,0.005237609,0.8525267,0.522588,-0.008527406,
1,3,8.589,0.7416036,0.4564869,-2.962384,0.004293228,0.903548,0.4283702,-0.009037009,
1,3,8.591,0.7414492,0.4531292,-2.969671,0.003299603,0.9441937,0.3292389,-0.009442837,
1,3,8.593,0.7412948,0.4497252,-2.976957,0.00226815,0.9739986,0.2263329,-0.009740246,
1,3,8.595,0.7411404,0.4462903,-2.984244,0.001210708,0.9926224,0.1208338,-0.009925841,
1,3,8.597,0.740986,0.4428092,-2.99153,0.000139422,0.9998527,0.01395286,-0.009997505,
1,3,8.599,0.7408317,0.4392894,-2.998817,-0.0009334135,0.9956082,-0.09308301,-0.009954433,
1,3,8.601,0.7406773,0.435731,-3.006103,-0.001995486,0.9799393,-0.1990456,-0.009797135,
1,3,8.603,0.7405229,0.4321341,-3.01339,-0.00303461,0.9530273,-0.3027194,-0.009527433,
1,3,8.605,0.7403685,0.4284985,-3.020676,-0.004038871,0.9151827,-0.4029151,-0.009148438,
1,3,8.607,0.7402142,0.4248244,-3.027963,-0.004996751,0.8668413,-0.498484,-0.008664515,
1,3,8.609,0.7400598,0.4211116,-3.035249,-0.005897267,0.8085587,-0.5883305,-0.008081227,
1,3,8.611,0.7399054,0.4173603,-3.042536,-0.006730102,0.7410052,-0.6714247,-0.007405282,
1,3,8.613,0.739751,0.4135703,-3.049823,-0.007485711,0.6649568,-0.7468148,-0.006644441,
1,3,8.615,0.7395967,0.4097418,-3.057109,-0.008155444,0.5812867,-0.8136373,-0.005807447,
1,3,8.617,0.7394423,0.4058747,-3.064396,-0.008731632,0.4909557,-0.871127,-0.004903905,
1,3,8.619,0.7392879,0.401969,-3.071682,-0.009207681,0.3950002,-0.9186264,-0.003944184,
1,3,8.621,0.7391335,0.3980247,-3.078969,-0.009578149,0.2945212,-0.9555925,-0.002939296,
1,3,8.623,0.7389792,0.3940341,-3.086255,-0.009838808,0.1906712,-0.9816028,-0.001900765,
1,3,8.625,0.7388248,0.3900126,-3.093542,-0.009986683,0.084641,-0.9963611,-0.0008405001,
1,3,8.627,0.7386704,0.3859448,-3.100828,-0.0100201,-0.02235437,-0.9996999,0.0002293472,
1,3,8.629,0.738516,0.3818461,-3.108115,-0.009938689,-0.1290882,-0.9915825,0.001296513,
1,3,8.631,0.7383617,0.3777011,-3.115278,-0.009743403,-0.2343376,-0.9721036,0.002348768,
1,3,8.633,0.7382073,0.3735252,-3.122441,-0.009436496,-0.3368969,-0.9414883,0.003374059,
1,3,8.635,0.7380529,0.369303,-3.129604,-0.009021499,-0.4355916,-0.9000887,0.004360646,
1,3,8.637,0.7378985,0.36505,-3.136767,-0.008503183,-0.5292917,-0.8483807,0.005297232,
1,3,8.639,0.7377442,0.3607506,-3.14393,-0.007887501,-0.6169249,-0.7869583,0.006173098,
1,3,8.641,0.7375898,0.3564203,-3.151093,-0.007181515,-0.6974884,-0.7165261,0.006978219,
1,3,8.643,0.7374354,0.3520438,-3.158256,-0.006393327,-0.7700607,-0.6378921,0.007703389,
1,3,8.645,0.737281,0.3476363,-3.165419,-0.005531972,-0.8338119,-0.5519581,0.008340316,
1,3,8.647,0.7371266,0.3431826,-3.172582,-0.004607323,-0.8880134,-0.4597088,0.008881721,
1,3,8.649,0.7369723,0.338698,-3.179745,-0.003629977,-0.9320462,-0.3622015,0.00932142,
1,3,8.651,0.7368179,0.334167,-3.186908,-0.00261113,-0.9654077,-0.2605533,0.009654395,
1,3,8.653,0.7366635,0.3296052,-3.194072,-0.001562449,-0.9877179,-0.155928,0.009876852,
1,3,8.655,0.7365091,0.3249971,-3.201235,-0.0004959399,-0.998723,-0.04952346,0.009986262,
1,3,8.657,0.7363548,0.3203581,-3.208398,0.0005761901,-0.9982988,0.05744249,0.00998139,
1,3,8.659,0.7362004,0.3156728,-3.215561,0.001641672,-0.9864519,0.1637458,0.009862308,
1,3,8.661,0.736046,0.3109489,-3.222724,0.002688318,-0.9633197,0.2681701,0.009630399,
1,3,8.663,0.7358916,0.3061864,-3.229887,0.003704155,-0.9291685,0.3695214,0.009288331,
1,3,8.665,0.7357373,0.3013853,-3.23705,0.004677571,-0.8843905,0.4666406,0.008840038,
1,3,8.667,0.7355829,0.2965456,-3.244213,0.005597439,-0.8294997,0.5584177,0.008290659,
1,3,8.669,0.7354285,0.2916673,-3.251376,0.006453243,-0.7651252,0.6438038,0.007646492,
1,3,8.671,0.7352741,0.2867504,-3.258539,0.007235209,-0.6920049,0.7218235,0.006914923,
1,3,8.673,0.7351198,0.281795,-3.265702,0.007934409,-0.610976,0.7915858,0.006104326,
1,3,8.675,0.7349654,0.2768009,-3.272865,0.008542863,-0.5229664,0.8522945,0.005223985,
1,3,8.677,0.734811,0.2717682,-3.280028,0.009053626,-0.4289831,0.903257,0.004283973,
1,3,8.679,0.7346566,0.266697,-3.287191,0.009460876,-0.3301013,0.9438924,0.003295044,
1,3,8.681,0.7345023,0.2615871,-3.294354,0.009759977,-0.227452,0.9737378,0.002268508,
1,3,8.683,0.7343479,0.2564387,-3.301517,0.009947524,-0.1222087,0.9924539,0.001216103,
1,3,8.685,0.7341935,0.2512517,-3.30868,0.0100214,-0.01557462,0.9998285,0.0001498569,
1,3,8.687,0.7340391,0.246026,-3.315843,0.009980764,0.09123176,0.9957793,-0.0009180433,
1,3,8.689,0.7338848,0.2407618,-3.323006,0.009826113,0.1969904,0.9803542,-0.001975398,
1,3,8.691,0.7337304,0.235459,-3.330169,0.009559222,0.3004931,0.9537314,-0.00301013,
1,3,8.693,0.733576,0.2301214,-3.337332,0.009183164,0.4005581,0.9162166,-0.004010425,
1,3,8.695,0.7334216,0.2247453,-3.344496,0.008702247,0.4960434,0.86824,-0.004964865,
1,3,8.697,0.7332672,0.2193306,-3.351659,0.00812198,0.5858591,0.810351,-0.005862557,
1,3,8.699,0.7331129,0.2138772,-3.358822,0.007449007,0.6689805,0.7432125,-0.006693261,
1,3,8.701,0.7329585,0.2083853,-3.365985,0.006691024,0.7444599,0.6675922,-0.007447504,
1,3,8.703,0.7328041,0.2028548,-3.373148,0.005856697,0.8114366,0.5843548,-0.008116686,
1,3,8.705,0.7326497,0.1972857,-3.380311,0.004955564,0.8691475,0.4944518,-0.008693183,
1,3,8.707,0.7324954,0.191678,-3.387474,0.003997922,0.9169354,0.3989104,-0.009170432,
1,3,8.709,0.732341,0.1860317,-3.394637,0.002994708,0.9542565,0.2988219,-0.009542999,
1,3,8.711,0.7321866,0.1803468,-3.4018,0.001957375,0.9806868,0.1953291,-0.009806653,
1,3,8.713,0.7320322,0.1746233,-3.408963,0.0008977657,0.9959265,0.0896131,-0.009958403,
1,3,8.715,0.7318779,0.1688612,-3.416126,-0.0001720253,0.9998035,-0.01711914,-0.009996533,
1,3,8.717,0.7317235,0.1630605,-3.423289,-0.001239795,0.9922755,-0.12365,-0.009920634,
1,3,8.719,0.7315691,0.1572212,-3.430452,-0.002293364,0.9734305,-0.2287647,-0.009731587,
1,3,8.721,0.7314147,0.1513434,-3.437615,-0.003320722,0.943485,-0.3312646,-0.009431567,
1,3,8.723,0.7312604,0.1454269,-3.444778,-0.004310157,0.9027824,-0.4299814,-0.009024016,
1,3,8.725,0.731106,0.1394718,-3.451941,-0.005250392,0.8517886,-0.5237902,-0.008513595,
1,3,8.727,0.7309516,0.1334782,-3.459104,-0.00613072,0.7910867,-0.6116223,-0.007906143,
1,3,8.729,0.7307972,0.127446,-3.466267,-0.00694111,0.7213702,-0.6924773,-0.007208599,
1,3,8.731,0.7306429,0.121377,-3.47343,-0.00767234,0.6434355,-0.7654349,-0.006428933,
1,3,8.733,0.7304885,0.1152695,-3.480593,-0.008316088,0.5581719,-0.8296649,-0.005576042,
1,3,8.735,0.7303341,0.1091234,-3.487756,-0.008865034,0.4665525,-0.8844368,-0.004659658,
1,3,8.737,0.7301797,0.1029388,-3.49492,-0.00931294,0.3696219,-0.9291283,-0.003690231,
1,3,8.739,0.7300254,0.09671547,-3.502083,-0.009654718,0.2684857,-0.9632316,-0.002678817,
1,3,8.741,0.729871,0.09045552,-3.509246,-0.009886492,0.1642966,-0.9863601,-0.001636944,
1,3,8.743,0.7297166,0.08415891,-3.516409,-0.01000564,0.058242,-0.9982522,-0.0005764856,
1,3,8.745,0.7295622,0.07782371,-3.523572,-0.01001083,-0.04846996,-0.9987743,0.0004904784,
1,3,8.747,0.7294078,0.07144991,-3.530735,-0.009902013,-0.1546238,-0.9879226,0.001551795,
1,3,8.749,0.7292535,0.06503751,-3.537898,-0.009680453,-0.259011,-0.9658224,0.002595381,
1,3,8.751,0.7290991,0.05858652,-3.545061,-0.009348691,-0.3604431,-0.9327274,0.003609356,
1,3,8.753,0.7289447,0.05209694,-3.552224,-0.008910525,-0.4577664,-0.8890161,0.004582184,
1,3,8.755,0.7287903,0.04557069,-3.559325,-0.008370958,-0.5498734,-0.835188,0.005502799,CourtEnter
1,3,8.757,0.728636,0.03900585,-3.566365,-0.007736153,-0.6357166,-0.7718576,0.006360726,
1,3,8.759,0.7284814,0.0365466,-3.573513,-0.007030456,-0.7124034,-0.7016988,0.007129828,
1,3,8.761,0.728327,0.04160917,-3.580799,-0.00627151,-0.7797261,-0.6260407,0.007803624,
1,3,8.763,0.7281726,0.04663122,-3.588086,-0.005448279,-0.8390479,-0.5439655,0.008397344,
1,3,8.765,0.7280182,0.05161274,-3.595372,-0.004569215,-0.8897616,-0.4563161,0.008904913,
1,3,8.767,0.7278638,0.05655277,-3.602659,-0.003643343,-0.9313484,-0.3639918,0.009321138,CourtExit
1,3,8.769,0.7277095,0.06145228,-3.609945,-0.002680165,-0.9633836,-0.2679404,0.009641769,
1,3,8.771,0.7275551,0.06631085,-3.617232,-0.00168956,-0.9855401,-0.1691469,0.009863532,
1,3,8.773,0.7274007,0.07112931,-3.624518,-0.0006816857,-0.9975924,-0.06862459,0.009984169,
1,3,8.775,0.7272463,0.07590532,-3.631681,0.0003331222,-0.9994185,0.0325959,0.01000246,
1,3,8.777,0.727092,0.08064081,-3.638844,0.001344463,-0.9910014,0.133477,0.00991823,
1,3,8.779,0.7269376,0.08533577,-3.646008,0.002341975,-0.9724287,0.2329852,0.009732363,
1,3,8.781,0.7267832,0.08999021,-3.653171,0.003315437,-0.9438925,0.3301009,0.009446778,
1,3,8.783,0.7266288,0.09460412,-3.660334,0.004254879,-0.9056867,0.4238294,0.009064418,
1,3,8.785,0.7264745,0.09917751,-3.667497,0.005150682,-0.8582041,0.5132111,0.008589214,
1,3,8.787,0.7263201,0.1037104,-3.67466,0.005993677,-0.8019324,0.5973309,0.008026046,
1,3,8.789,0.7261657,0.1082008,-3.681823,0.006775235,-0.7374495,0.675328,0.007380696,
1,3,8.791,0.7260113,0.1126526,-3.688986,0.007487362,-0.6654171,0.7464046,0.006659788,
1,3,8.793,0.725857,0.117062,-3.696149,0.008122777,-0.586574,0.8098337,0.005870718,
1,3,8.795,0.7257026,0.1214308,-3.703312,0.008674984,-0.5017287,0.864967,0.005021574,
1,3,8.797,0.7255482,0.1257585,-3.710475,0.009138342,-0.4117506,0.9112415,0.004121059,
1,3,8.799,0.7253938,0.1300462,-3.717638,0.009508124,-0.3175616,0.9481847,0.0031784,
1,3,8.801,0.7252395,0.1342954,-3.724801,0.009780557,-0.2201264,0.9754199,0.002203254,
1,3,8.803,0.7250851,0.1385022,-3.731964,0.009952866,-0.1204428,0.9926697,0.001205606,
1,3,8.805,0.7249307,0.1426665,-3.739127,0.0100233,-0.01953151,0.999759,0.0001956691,
1,3,8.807,0.7247763,0.1467922,-3.74629,0.00999116,0.08157472,0.9966169,-0.00081622,
1,3,8.809,0.724622,0.1508793,-3.753453,0.009856781,0.1818414,0.9832768,-0.001819706,
1,3,8.811,0.7244676,0.1549239,-3.760616,0.00962156,0.2802426,0.9598769,-0.002804524,
1,3,8.813,0.7243132,0.1589261,-3.767779,0.009287917,0.3757718,0.9266581,-0.003760601,
1,3,8.815,0.7241588,0.1628897,-3.774942,0.008859279,0.4674523,0.8839616,-0.00467816,
1,3,8.817,0.7240044,0.1668109,-3.782105,0.008340042,0.5543471,0.8322254,-0.005547823,
1,3,8.819,0.7238501,0.1706935,-3.789268,0.00773553,0.6355681,0.7719799,-0.006360699,
1,3,8.821,0.7236957,0.1745336,-3.796432,0.007051941,0.7102854,0.7038427,-0.007108489,
1,3,8.823,0.7235413,0.1783351,-3.803595,0.006296273,0.7777359,0.6285115,-0.007783552,
1,3,8.825,0.7233869,0.1820941,-3.810758,0.005476265,0.837231,0.5467578,-0.008378999,
1,3,8.827,0.7232326,0.1858146,-3.817921,0.00460031,0.8881637,0.459418,-0.008888752,
1,3,8.829,0.7230782,0.1894926,-3.825084,0.00367737,0.9300147,0.3673861,-0.009307615,
1,3,8.831,0.7229238,0.193132,-3.832247,0.002716886,0.9623573,0.2716033,-0.009631319,
1,3,8.833,0.7227694,0.1967328,-3.83941,0.001728679,0.9848624,0.1730491,-0.009856569,
1,3,8.835,0.7226151,0.2002912,-3.846573,0.0007228537,0.9973015,0.07273105,-0.009981074,
1,3,8.837,0.7224607,0.2038071,-3.853736,-0.0002903097,0.9995487,-0.0283254,-0.01000358,
1,3,8.839,0.7223063,0.2072844,-3.860899,-0.001300458,0.9915827,-0.1290877,-0.009923872,
1,3,8.841,0.7221519,0.2107232,-3.868062,-0.002297272,0.9734863,-0.2285263,-0.009742776,
1,3,8.843,0.7219976,0.2141194,-3.875225,-0.003270571,0.9454457,-0.3256257,-0.009462159,
1,3,8.845,0.7218432,0.2174733,-3.882388,-0.004210417,0.9077489,-0.4193944,-0.009084901,
1,3,8.847,0.7216888,0.2207885,-3.889551,-0.005107213,0.8607822,-0.5088751,-0.00861487,
1,3,8.849,0.7215344,0.2240651,-3.896714,-0.005951806,0.8050265,-0.5931544,-0.008056877,
1,3,8.851,0.7213801,0.2272993,-3.903877,-0.006735581,0.7410525,-0.6713724,-0.007416633,
1,3,8.853,0.7212257,0.2304949,-3.91104,-0.00745054,0.6695146,-0.7427314,-0.006700689,
1,3,8.855,0.7210713,0.233648,-3.918203,-0.008089395,0.5911443,-0.8065036,-0.005916364,
1,3,8.857,0.7209169,0.2367625,-3.925366,-0.008645635,0.5067427,-0.862039,-0.005071677,
1,3,8.859,0.7207626,0.2398346,-3.932529,-0.009113595,0.4171722,-0.9087722,-0.004175258,
1,3,8.861,0.7206082,0.2428681,-3.939692,-0.009488508,0.3233477,-0.9462271,-0.003236262,
1,3,8.863,0.7204538,0.2458591,-3.946856,-0.009766562,0.2262274,-0.974023,-0.002264282,
1,3,8.865,0.7202994,0.2488116,-3.954019,-0.009944932,0.1268028,-0.9918773,-0.001269239,
1,3,8.867,0.720145,0.2517247,-3.961182,-0.01002181,0.02608887,-0.9996094,-0.0002612915,
1,3,8.869,0.7199907,0.2545961,-3.968345,-0.009996434,-0.07488669,-0.9971417,0.0007492746,
1,3,8.871,0.7198363,0.2574289,-3.975508,-0.009869067,-0.1750936,-0.9845008,0.00175215,
1,3,8.873,0.7196819,0.2602154,-3.982671,-0.009641027,-0.2735096,-0.9618171,0.002737102,
1,3,8.875,0.7195275,0.262971,-3.989834,-0.009314656,-0.3691311,-0.9293234,0.003694089,
1,3,8.877,0.7193732,0.2656803,-3.996997,-0.008893292,-0.4609833,-0.8873522,0.004613352,
1,3,8.879,0.7192188,0.268351,-4.00416,-0.008381246,-0.5481299,-0.8363333,0.005485525,
1,3,8.881,0.7190644,0.2709831,-4.011323,-0.007783756,-0.6296826,-0.776788,0.006301716,
1,3,8.883,0.71891,0.2735689,-4.018486,-0.00710692,-0.7048109,-0.7093246,0.00705361,
1,3,8.885,0.7187557,0.2761239,-4.025649,-0.006357653,-0.7727498,-0.6346319,0.007733553,
1,3,8.887,0.7186013,0.2786325,-4.032812,-0.005543602,-0.8328073,-0.5534725,0.008334622,
1,3,8.889,0.7184469,0.2811025,-4.039975,-0.004673079,-0.8843724,-0.4666748,0.008850697,
1,3,8.891,0.7182925,0.2835339,-4.047138,-0.00375496,-0.9269207,-0.375124,0.009276533,
1,3,8.893,0.7181382,0.285919,-4.054301,-0.002798613,-0.9600195,-0.279754,0.009607801,
1,3,8.895,0.7179838,0.2882732,-4.061464,-0.001813786,-0.9833332,-0.1815372,0.009841139,
1,3,8.897,0.7178294,0.2905812,-4.068627,-0.0008105198,-0.9966252,-0.08147474,0.009974181,
1,3,8.899,0.717675,0.2928505,-4.07579,0.0002009612,-0.9997615,0.01941349,0.01000558,
1,3,8.901,0.7175207,0.2950812,-4.082953,0.00121035,-0.9927114,0.1200995,0.009935043,
1,3,8.903,0.7173663,0.2972656,-4.090117,0.002207363,-0.9755482,0.2195575,0.009763289,
1,3,8.905,0.7172119,0.2994192,-4.09728,0.003181844,-0.9484481,0.3167743,0.009492086,
1,3,8.907,0.7170575,0.3015264,-4.104443,0.004123873,-0.9116884,0.4107603,0.009124209,
1,3,8.909,0.7169032,0.3035951,-4.111606,0.005023859,-0.8656448,0.5005586,0.008663421,
1,3,8.911,0.7167488,0.3056251,-4.118769,0.005872643,-0.8107874,0.5852551,0.008114424,
1,3,8.913,0.7165944,0.3076088,-4.125932,0.006661586,-0.747676,0.6639882,0.00748282,
1,3,8.915,0.71644,0.3095617,-4.133095,0.007382664,-0.6769544,0.7359568,0.006775052,
1,3,8.917,0.7162856,0.3114682,-4.140258,0.008028545,-0.5993435,0.8004292,0.005998336,
1,3,8.919,0.7161313,0.3133362,-4.147421,0.008592662,-0.5156345,0.85675,0.005160589,
1,3,8.921,0.7159769,0.3151655,-4.154584,0.009069287,-0.4266803,0.904347,0.004270347,
1,3,8.923,0.7158225,0.3169486,-4.161747,0.009453577,-0.3333868,0.9427368,0.003336679,
1,3,8.925,0.7156681,0.3187008,-4.16891,0.009741633,-0.2367044,0.97153,0.002369092,
1,3,8.927,0.7155138,0.3204066,-4.176073,0.009930538,-0.1376173,0.9904348,0.001377439,
1,3,8.929,0.7153594,0.3220739,-4.183236,0.01001838,-0.03713422,0.99926,0.0003718144,
1,3,8.931,0.715205,0.3237025,-4.190399,0.01000428,0.06372238,0.9979174,-0.0006375478,
1,3,8.933,0.7150506,0.3252926,-4.197562,0.009888396,0.1639263,0.9864217,-0.001640379,
1,3,8.935,0.7148963,0.3268441,-4.204725,0.00967192,0.2624581,0.9648914,-0.002626477,
1,3,8.937,0.7147419,0.3283493,-4.211888,0.009357068,0.3583157,0.9335467,-0.003585814,
1,3,8.939,0.7145875,0.3298158,-4.219051,0.008947052,0.4505245,0.8927078,-0.004508636,
1,3,8.941,0.7144331,0.3312438,-4.226214,0.008446058,0.5381473,0.8427913,-0.00538556,
1,3,8.943,0.7142788,0.3326332,-4.233377,0.00785919,0.6202933,0.784306,-0.006207675,
1,3,8.945,0.7141244,0.333984,-4.240541,0.00719243,0.6961281,0.7178478,-0.00696663,
1,3,8.947,0.71397,0.3352885,-4.247704,0.006452563,0.7648815,0.6440933,-0.007654714,
1,3,8.949,0.7138156,0.3365621,-4.254867,0.005647126,0.8258553,0.5637934,-0.008264943,
1,3,8.951,0.7136613,0.3377894,-4.26203,0.004784313,0.8784305,0.4777652,-0.00879112,
1,3,8.953,0.7135069,0.3389781,-4.269193,0.003872903,0.9220741,0.386884,-0.009227913,
1,3,8.955,0.7133525,0.3401282,-4.276356,0.002922168,0.9563434,0.2920742,-0.009570887,
1,3,8.957,0.7131981,0.3412319,-4.283519,0.001941772,0.9808912,0.1942999,-0.009816572,
1,3,8.959,0.7130437,0.3423049,-4.290682,0.0009416819,0.9954694,0.09455497,-0.009962482,
1,3,8.961,0.7128894,0.3433315,-4.297845,-6.793422E-05,0.9999311,-0.006146405,-0.01000715,
1,3,8.963,0.712735,0.3443195,-4.305008,-0.001076818,0.9942322,-0.1067811,-0.009950128,
1,3,8.965,0.7125806,0.3452689,-4.312171,-0.002074718,0.978432,-0.2063266,-0.009792018,
1,3,8.967,0.7124262,0.3461797,-4.319334,-0.003051498,0.9526923,-0.3037718,-0.009534433,
1,3,8.969,0.7122719,0.3470519,-4.326497,-0.003997237,0.9172757,-0.398127,-0.009180005,
1,3,8.971,0.7121175,0.3478778,-4.33366,-0.004902333,0.8725433,-0.4884343,-0.008732345,
1,3,8.973,0.7119631,0.3486729,-4.340823,-0.005757601,0.8189505,-0.5737768,-0.008196011,
1,3,8.975,0.7118087,0.3494216,-4.347986,-0.006554357,0.7570429,-0.6532884,-0.007576462,
1,3,8.977,0.7116544,0.3501317,-4.355149,-0.007284519,0.6874503,-0.7261623,-0.006880002,
1,3,8.979,0.7115,0.3508033,-4.362312,-0.007940682,0.6108803,-0.7916595,-0.006113712,
1,3,8.981,0.7113456,0.3514362,-4.369475,-0.008516194,0.528111,-0.8491162,-0.005285382,
1,3,8.983,0.7111912,0.3520305,-4.376638,-0.009005222,0.4399838,-0.8979498,-0.00440343,
1,3,8.985,0.7110369,0.3525786,-4.383801,-0.009402812,0.3473937,-0.9376658,-0.003476813,
1,3,8.987,0.7108825,0.3530957,-4.390965,-0.009704939,0.2512813,-0.9678622,-0.002514945,
1,3,8.989,0.7107281,0.3535666,-4.398128,-0.009908552,0.1526225,-0.9882337,-0.001527593,
1,3,8.991,0.7105737,0.3539988,-4.405291,-0.01001159,0.05241888,-0.9985749,-0.0005247804,
1,3,8.993,0.7104194,0.3543925,-4.412454,-0.01001303,-0.04831246,-0.998782,0.0004833163,
1,3,8.995,0.710265,0.3547476,-4.419617,-0.009912867,-0.1485493,-0.9888542,0.001486465,
1,3,8.997,0.7101106,0.355064,-4.42678,-0.009712127,-0.2472747,-0.9688935,0.002474488,
1,3,8.999,0.7099562,0.3553342,-4.433943,-0.009412861,-0.3434873,-0.9391039,0.003437364,
1,4,9.001,0.9998621,0.5056193,9.993085,-0.00330913,-0.9435973,-0.3309444,0.009434998,TrialStart
1,4,9.003,0.9995842,0.5168115,9.979253,-0.00330913,-0.9435973,-0.3309444,0.009434998,
1,4,9.005,0.9993063,0.5279575,9.965421,-0.00330913,-0.9435973,-0.3309444,0.009434998,
1,4,9.007,0.9990284,0.5390571,9.951589,-0.00330913,-0.9435973,-0.3309444,0.009434998,
1,4,9.009,0.9987506,0.5501105,9.937757,-0.00330913,-0.9435973,-0.3309444,0.009434998,
1,4,9.011,0.9984727,0.5611175,9.923924,-0.00330913,-0.9435973,-0.3309444,0.009434998,
1,4,9.013,0.9981948,0.5720936,9.910092,-0.00330913,-0.9435973,-0.3309444,0.009434998,
1,4,9.015,0.9979169,0.583008,9.89626,-0.00330913,-0.9435973,-0.3309444,0.009434998,
1,4,9.017,0.9976391,0.5938915,9.882428,-0.00330913,-0.9435973,-0.3309444,0.009434998,
1,4,9.019,0.9973612,0.6047287,9.868596,-0.00330913,-0.9435973,-0.3309444,0.009434998,
1,4,9.021,0.9970833,0.6155196,9.854764,-0.00330913,-0.9435973,-0.3309444,0.009434998,
1,4,9.023,0.9968054,0.6262642,9.840932,-0.00330913,-0.9435973,-0.3309444,0.009434998,
1,4,9.025,0.9965276,0.6369624,9.8271,-0.00330913,-0.9435973,-0.3309444,0.009434998,
1,4,9.027,0.9962497,0.6476298,9.813268,-0.00330913,-0.9435973,-0.3309444,0.009434998,
1,4,9.029,0.9959718,0.6582354,9.799436,-0.00330913,-0.9435973,-0.3309444,0.009434998,
1,4,9.031,0.9956939,0.6688102,9.785604,-0.00330913,-0.9435973,-0.3309444,0.009434998,
1,4,9.033,0.995416,0.6793386,9.771771,-0.00330913,-0.9435973,-0.3309444,0.009434998,
1,4,9.035,0.9951382,0.6898208,9.757939,-0.00330913,-0.9435973,-0.3309444,0.009434998,
1,4,9.037,0.9948603,0.7002566,9.744107,-0.00330913,-0.9435973,-0.3309444,0.009434998,
1,4,9.039,0.9945824,0.7106461,9.730275,-0.00330913,-0.9435973,-0.3309444,0.009434998,
1,4,9.041,0.9943045,0.7210047,9.716443,-0.00330913,-0.9435973,-0.3309444,0.009434998,
1,4,9.043,0.9940267,0.7313016,9.702611,-0.00330913,-0.9435973,-0.3309444,0.009434998,
1,4,9.045,0.9937488,0.7415676,9.688779,-0.00330913,-0.9435973,-0.3309444,0.009434998,
1,4,9.047,0.9934709,0.7517873,9.674947,-0.00330913,-0.9435973,-0.3309444,0.009434998,
1,4,9.049,0.993193,0.7619607,9.661115,-0.00330913,-0.9435973,-0.3309444,0.009434998,
1,4,9.051,0.9929152,0.7720878,9.647283,-0.00330913,-0.9435973,-0.3309444,0.009434998,
1,4,9.053,0.9926373,0.7821685,9.633451,-0.00330913,-0.9435973,-0.3309444,0.009434998,
1,4,9.055,0.9923594,0.7922184,9.619618,-0.00330913,-0.9435973,-0.3309444,0.009434998,
1,4,9.057,0.9920815,0.802222,9.605786,-0.00330913,-0.9435973,-0.3309444,0.009434998,
1,4,9.059,0.9918036,0.8121792,9.591954,-0.00330913,-0.9435973,-0.3309444,0.009434998,
1,4,9.061,0.9915258,0.8220901,9.578122,-0.00330913,-0.9435973,-0.3309444,0.009434998,
1,4,9.063,0.9912479,0.8319548,9.56429,-0.00330913,-0.9435973,-0.3309444,0.009434998,
1,4,9.065,0.99097,0.8417885,9.550458,-0.00330913,-0.9435973,-0.3309444,0.009434998,
1,4,9.067,0.9906921,0.8515605,9.536626,-0.00330913,-0.9435973,-0.3309444,0.009434998,
1,4,9.069,0.9904143,0.8613017,9.522794,-0.00330913,-0.9435973,-0.3309444,0.009434998,
1,4,9.071,0.9901364,0.8709965,9.508962,-0.00330913,-0.9435973,-0.3309444,0.009434998,
1,4,9.073,0.9898585,0.880645,9.49513,-0.00330913,-0.9435973,-0.3309444,0.009434998,
1,4,9.075,0.9895806,0.8902626,9.481297,-0.00330913,-0.9435973,-0.3309444,0.009434998,
1,4,9.077,0.9893028,0.8998185,9.467465,-0.00330913,-0.9435973,-0.3309444,0.009434998,
1,4,9.079,0.9890249,0.9093435,9.453633,-0.00330913,-0.9435973,-0.3309444,0.009434998,
1,4,9.081,0.988747,0.9188222,9.439801,-0.00330913,-0.9435973,-0.3309444,0.009434998,
1,4,9.083,0.9884691,0.9282545,9.425969,-0.00330913,-0.9435973,-0.3309444,0.009434998,
1,4,9.085,0.9881912,0.9376406,9.412137,-0.00330913,-0.9435973,-0.3309444,0.009434998,
1,4,9.087,0.9879134,0.9469804,9.398305,-0.00330913,-0.9435973,-0.3309444,0.009434998,
1,4,9.089,0.9876355,0.9562892,9.384473,-0.00330913,-0.9435973,-0.3309444,0.009434998,
1,4,9.091,0.9873576,0.9655518,9.370641,-0.00330913,-0.9435973,-0.3309444,0.009434998,
1,4,9.093,0.9870797,0.974768,9.356809,-0.00330913,-0.9435973,-0.3309444,0.009434998,
1,4,9.095,0.9868019,0.983938,9.342977,-0.00330913,-0.9435973,-0.3309444,0.009434998,
1,4,9.097,0.986524,0.9930616,9.329144,-0.00330913,-0.9435973,-0.3309444,0.009434998,
1,4,9.099,0.9862461,1.002154,9.315312,-0.00330913,-0.9435973,-0.3309444,0.009434998,
1,4,9.101,0.9859682,1.011201,9.30148,-0.00330913,-0.9435973,-0.3309444,0.009434998,
1,4,9.103,0.9856904,1.020216,9.287648,-0.00330913,-0.9435973,-0.3309444,0.009434998,
1,4,9.105,0.9854125,1.02917,9.273816,-0.00330913,-0.9435973,-0.3309444,0.009434998,
1,4,9.107,0.9851346,1.038093,9.259984,-0.00330913,-0.9435973,-0.3309444,0.009434998,
1,4,9.109,0.9848567,1.046954,9.246152,-0.00330913,-0.9435973,-0.3309444,0.009434998,
1,4,9.111,0.9845788,1.055785,9.23232,-0.00330913,-0.9435973,-0.3309444,0.009434998,
1,4,9.113,0.984301,1.064553,9.218488,-0.00330913,-0.9435973,-0.3309444,0.009434998,
1,4,9.115,0.9840231,1.073291,9.204656,-0.00330913,-0.9435973,-0.3309444,0.009434998,
1,4,9.117,0.9837452,1.081998,9.190824,-0.00330913,-0.9435973,-0.3309444,0.009434998,
1,4,9.119,0.9834673,1.090643,9.176991,-0.00330913,-0.9435973,-0.3309444,0.009434998,
1,4,9.121,0.9831895,1.099257,9.163159,-0.00330913,-0.9435973,-0.3309444,0.009434998,
1,4,9.123,0.9829116,1.10784,9.149327,-0.00330913,-0.9435973,-0.3309444,0.009434998,
1,4,9.125,0.9826337,1.116362,9.135495,-0.00330913,-0.9435973,-0.3309444,0.009434998,
1,4,9.127,0.9823558,1.124852,9.121663,-0.00330913,-0.9435973,-0.3309444,0.009434998,
1,4,9.129,0.982078,1.133312,9.107831,-0.00330913,-0.9435973,-0.3309444,0.009434998,
1,4,9.131,0.9818001,1.14171,9.093999,-0.00330913,-0.9435973,-0.3309444,0.009434998,
1,4,9.133,0.9815222,1.150077,9.080167,-0.00330913,-0.9435973,-0.3309444,0.009434998,
1,4,9.135,0.9812443,1.158383,9.066335,-0.00330913,-0.9435973,-0.3309444,0.009434998,
1,4,9.137,0.9809664,1.166657,9.052503,-0.00330913,-0.9435973,-0.3309444,0.009434998,
1,4,9.139,0.9806886,1.17487,9.038671,-0.00330913,-0.9435973,-0.3309444,0.009434998,
1,4,9.141,0.9804107,1.183052,9.024838,-0.00330913,-0.9435973,-0.3309444,0.009434998,
1,4,9.143,0.9801328,1.191203,9.011006,-0.00330913,-0.9435973,-0.3309444,0.009434998,
1,4,9.145,0.9798549,1.199293,8.997174,-0.00330913,-0.9435973,-0.3309444,0.009434998,
1,4,9.147,0.9795771,1.207351,8.983342,-0.00330913,-0.9435973,-0.3309444,0.009434998,
1,4,9.149,0.9792992,1.215379,8.96951,-0.00330913,-0.9435973,-0.3309444,0.009434998,
1,4,9.151,0.9790213,1.223344,8.955678,-0.00330913,-0.9435973,-0.3309444,0.009434998,
1,4,9.153,0.9787434,1.231279,8.941846,-0.00330913,-0.9435973,-0.3309444,0.009434998,
1,4,9.155,0.9784656,1.239183,8.928014,-0.00330913,-0.9435973,-0.3309444,0.009434998,
1,4,9.157,0.9781877,1.247026,8.914182,-0.00330913,-0.9435973,-0.3309444,0.009434998,
1,4,9.159,0.9779098,1.254837,8.90035,-0.00330913,-0.9435973,-0.3309444,0.009434998,
1,4,9.161,0.9776319,1.262587,8.886765,-0.00330913,-0.9435973,-0.3309444,0.009434998,
1,4,9.163,0.977354,1.270306,8.873426,-0.00330913,-0.9435973,-0.3309444,0.009434998,
1,4,9.165,0.9770762,1.277963,8.860088,-0.00330913,-0.9435973,-0.3309444,0.009434998,
1,4,9.167,0.9767983,1.285589,8.84675,-0.00330913,-0.9435973,-0.3309444,0.009434998,
1,4,9.169,0.9765204,1.293184,8.833412,-0.00330913,-0.9435973,-0.3309444,0.009434998,
1,4,9.171,0.9762425,1.300718,8.820074,-0.00330913,-0.9435973,-0.3309444,0.009434998,
1,4,9.173,0.9759647,1.30822,8.806736,-0.00330913,-0.9435973,-0.3309444,0.009434998,
1,4,9.175,0.9756868,1.315692,8.793398,-0.00330913,-0.9435973,-0.3309444,0.009434998,
1,4,9.177,0.9754089,1.323102,8.78006,-0.00330913,-0.9435973,-0.3309444,0.009434998,
1,4,9.179,0.975131,1.330481,8.766722,-0.00330913,-0.9435973,-0.3309444,0.009434998,
1,4,9.181,0.9748532,1.33783,8.753384,-0.00330913,-0.9435973,-0.3309444,0.009434998,
1,4,9.183,0.9745753,1.345116,8.740046,-0.00330913,-0.9435973,-0.3309444,0.009434998,
1,4,9.185,0.9742974,1.352372,8.726707,-0.00330913,-0.9435973,-0.3309444,0.009434998,
1,4,9.187,0.9740195,1.359597,8.713369,-0.00330913,-0.9435973,-0.3309444,0.009434998,
1,4,9.189,0.9737417,1.36676,8.700031,-0.00330913,-0.9435973,-0.3309444,0.009434998,
1,4,9.191,0.9734638,1.373892,8.686693,-0.00330913,-0.9435973,-0.3309444,0.009434998,
1,4,9.193,0.9731859,1.380993,8.673355,-0.00330913,-0.9435973,-0.3309444,0.009434998,
1,4,9.195,0.972908,1.388033,8.660017,-0.00330913,-0.9435973,-0.3309444,0.009434998,
1,4,9.197,0.9726301,1.395041,8.646679,-0.00330913,-0.9435973,-0.3309444,0.009434998,
1,4,9.199,0.9723523,1.401988,8.633341,-0.00330913,-0.9435973,-0.3309444,0.009434998,
1,4,9.201,0.9720744,1.408904,8.620003,-0.00330913,-0.9435973,-0.3309444,0.009434998,
1,4,9.203,0.9717965,1.415759,8.606665,-0.00330913,-0.9435973,-0.3309444,0.009434998,
1,4,9.205,0.9715186,1.422582,8.593327,-0.00330913,-0.9435973,-0.3309444,0.009434998,
1,4,9.207,0.9712408,1.429375,8.579988,-0.00330913,-0.9435973,-0.3309444,0.009434998,
1,4,9.209,0.9709629,1.436105,8.56665,-0.00330913,-0.9435973,-0.3309444,0.009434998,
1,4,9.211,0.970685,1.442805,8.553312,-0.00330913,-0.9435973,-0.3309444,0.009434998,
1,4,9.213,0.9704071,1.449474,8.539974,-0.00330913,-0.9435973,-0.3309444,0.009434998,
1,4,9.215,0.9701293,1.456082,8.526636,-0.00330913,-0.9435973,-0.3309444,0.009434998,
1,4,9.217,0.9698514,1.462658,8.513298,-0.00330913,-0.9435973,-0.3309444,0.009434998,
1,4,9.219,0.9695735,1.469204,8.49996,-0.00330913,-0.9435973,-0.3309444,0.009434998,
1,4,9.221,0.9692956,1.475687,8.486622,-0.00330913,-0.9435973,-0.3309444,0.009434998,
1,4,9.223,0.9690177,1.48214,8.473284,-0.00330913,-0.9435973,-0.3309444,0.009434998,
1,4,9.225,0.9687399,1.488562,8.459946,-0.00330913,-0.9435973,-0.3309444,0.009434998,
1,4,9.227,0.968462,1.494923,8.446608,-0.00330913,-0.9435973,-0.3309444,0.009434998,
1,4,9.229,0.9681841,1.501252,8.43327,-0.00330913,-0.9435973,-0.3309444,0.009434998,
1,4,9.231,0.9679062,1.507551,8.419931,-0.00330913,-0.9435973,-0.3309444,0.009434998,
1,4,9.233,0.9676284,1.513787,8.406593,-0.00330913,-0.9435973,-0.3309444,0.009434998,
1,4,9.235,0.9673505,1.519993,8.393255,-0.00330913,-0.9435973,-0.3309444,0.009434998,
1,4,9.237,0.9670726,1.526168,8.379917,-0.00330913,-0.9435973,-0.3309444,0.009434998,
1,4,9.239,0.9667947,1.532282,8.366579,-0.00330913,-0.9435973,-0.3309444,0.009434998,
1,4,9.241,0.9665169,1.538364,8.353241,-0.00330913,-0.9435973,-0.3309444,0.009434998,
1,4,9.243,0.966239,1.544416,8.339903,-0.00330913,-0.9435973,-0.3309444,0.009434998,
1,4,9.245,0.9659611,1.550405,8.326565,-0.00330913,-0.9435973,-0.3309444,0.009434998,
1,4,9.247,0.9656832,1.556364,8.313227,-0.00330913,-0.9435973,-0.3309444,0.009434998,
1,4,9.249,0.9654053,1.562292,8.299889,-0.00330913,-0.9435973,-0.3309444,0.009434998,
1,4,9.251,0.9651275,1.568159,8.286551,-0.00330913,-0.9435973,-0.3309444,0.009434998,
1,4,9.253,0.9648496,1.573994,8.273212,-0.00330913,-0.9435973,-0.3309444,0.009434998,
1,4,9.255,0.9645717,1.579799,8.259874,-0.00330913,-0.9435973,-0.3309444,0.009434998,
1,4,9.257,0.9642938,1.585541,8.246536,-0.00330913,-0.9435973,-0.3309444,0.009434998,
1,4,9.259,0.964016,1.591253,8.233198,-0.00330913,-0.9435973,-0.3309444,0.009434998,
1,4,9.261,0.9637381,1.596934,8.21986,-0.00330913,-0.9435973,-0.3309444,0.009434998,
1,4,9.263,0.9634602,1.602554,8.206522,-0.00330913,-0.9435973,-0.3309444,0.009434998,
1,4,9.265,0.9631823,1.608142,8.193184,-0.00330913,-0.9435973,-0.3309444,0.009434998,
1,4,9.267,0.9629045,1.6137,8.179846,-0.00330913,-0.9435973,-0.3309444,0.009434998,
1,4,9.269,0.9626266,1.619195,8.166508,-0.00330913,-0.9435973,-0.3309444,0.009434998,
1,4,9.271,0.9623487,1.62466,8.15317,-0.00330913,-0.9435973,-0.3309444,0.009434998,
1,4,9.273,0.9620708,1.630094,8.139832,-0.00330913,-0.9435973,-0.3309444,0.009434998,
1,4,9.275,0.9617929,1.635467,8.126493,-0.00330913,-0.9435973,-0.3309444,0.009434998,
1,4,9.277,0.9615151,1.640808,8.113155,-0.00330913,-0.9435973,-0.3309444,0.009434998,
1,4,9.279,0.9612372,1.646119,8.099817,-0.00330913,-0.9435973,-0.3309444,0.009434998,
1,4,9.281,0.9609593,1.651367,8.086479,-0.00330913,-0.9435973,-0.3309444,0.009434998,
1,4,9.283,0.9606814,1.656585,8.073141,-0.00330913,-0.9435973,-0.3309444,0.009434998,
1,4,9.285,0.9604036,1.661741,8.059803,-0.00330913,-0.9435973,-0.3309444,0.009434998,
1,4,9.287,0.9601257,1.666867,8.046465,-0.00330913,-0.9435973,-0.3309444,0.009434998,
1,4,9.289,0.9598478,1.67193,8.033127,-0.00330913,-0.9435973,-0.3309444,0.009434998,
1,4,9.291,0.9595699,1.676963,8.019789,-0.00330913,-0.9435973,-0.3309444,0.009434998,
1,4,9.293,0.9592921,1.681965,8.006451,-0.00330913,-0.9435973,-0.3309444,0.009434998,
1,4,9.295,0.9590142,1.686905,7.993113,-0.00330913,-0.9435973,-0.3309444,0.009434998,
1,4,9.297,0.9587363,1.691814,7.979774,-0.00330913,-0.9435973,-0.3309444,0.009434998,
1,4,9.299,0.9584584,1.696692,7.966436,-0.00330913,-0.9435973,-0.3309444,0.009434998,
1,4,9.301,0.9581805,1.701509,7.953098,-0.00330913,-0.9435973,-0.3309444,0.009434998,
1,4,9.303,0.9579027,1.706294,7.93976,-0.00330913,-0.9435973,-0.3309444,0.009434998,
1,4,9.305,0.9576248,1.711049,7.926422,-0.00330913,-0.9435973,-0.3309444,0.009434998,
1,4,9.307,0.9573469,1.715773,7.913084,-0.00330913,-0.9435973,-0.3309444,0.009434998,
1,4,9.309,0.957069,1.720466,7.899993,-0.00330913,-0.9435973,-0.3309444,0.009434998,
1,4,9.311,0.9567912,1.725097,7.886902,-0.00330913,-0.9435973,-0.3309444,0.009434998,
1,4,9.313,0.9565133,1.729698,7.873811,-0.00330913,-0.9435973,-0.3309444,0.009434998,
1,4,9.315,0.9562354,1.734267,7.86072,-0.00330913,-0.9435973,-0.3309444,0.009434998,
1,4,9.317,0.9559575,1.738775,7.847629,-0.00330913,-0.9435973,-0.3309444,0.009434998,
1,4,9.319,0.9556797,1.743252,7.834538,-0.00330913,-0.9435973,-0.3309444,0.009434998,
1,4,9.321,0.9554018,1.747698,7.821446,-0.00330913,-0.9435973,-0.3309444,0.009434998,
1,4,9.323,0.9551239,1.752082,7.808355,-0.00330913,-0.9435973,-0.3309444,0.009434998,
1,4,9.325,0.954846,1.756436,7.795264,-0.00330913,-0.9435973,-0.3309444,0.009434998,
1,4,9.327,0.9545681,1.760758,7.782173,-0.00330913,-0.9435973,-0.3309444,0.009434998,
1,4,9.329,0.9542903,1.765019,7.769082,-0.00330913,-0.9435973,-0.3309444,0.009434998,
1,4,9.331,0.9540124,1.769249,7.755991,-0.00330913,-0.9435973,-0.3309444,0.009434998,
1,4,9.333,0.9537345,1.773448,7.7429,-0.00330913,-0.9435973,-0.3309444,0.009434998,
1,4,9.335,0.9534566,1.777585,7.729809,-0.00330913,-0.9435973,-0.3309444,0.009434998,
1,4,9.337,0.9531788,1.781692,7.716718,-0.00330913,-0.9435973,-0.3309444,0.009434998,
1,4,9.339,0.9529009,1.785767,7.703627,-0.00330913,-0.9435973,-0.3309444,0.009434998,
1,4,9.341,0.952623,1.789781,7.690536,-0.00330913,-0.9435973,-0.3309444,0.009434998,
1,4,9.343,0.9523451,1.793764,7.677444,-0.00330913,-0.9435973,-0.3309444,0.009434998,
1,4,9.345,0.9520673,1.797716,7.664353,-0.00330913,-0.9435973,-0.3309444,0.009434998,
1,4,9.347,0.9517894,1.801606,7.651262,-0.00330913,-0.9435973,-0.3309444,0.009434998,
1,4,9.349,0.9515424,1.805465,7.638171,-0.00330913,-0.9435973,-0.3309444,0.009434998,
1,4,9.351,0.9512954,1.809294,7.62508,-0.00330913,-0.9435973,-0.3309444,0.009434998,
1,4,9.353,0.9510484,1.813061,7.611989,-0.00330913,-0.9435973,-0.3309444,0.009434998,
1,4,9.355,0.9508014,1.816797,7.598898,-0.00330913,-0.9435973,-0.3309444,0.009434998,
1,4,9.357,0.9505544,1.820502,7.585807,-0.00330913,-0.9435973,-0.3309444,0.009434998,
1,4,9.359,0.9503074,1.824145,7.572716,-0.00330913,-0.9435973,-0.3309444,0.009434998,
1,4,9.361,0.9500604,1.827757,7.559625,-0.00330913,-0.9435973,-0.3309444,0.009434998,
1,4,9.363,0.9498134,1.831339,7.546534,-0.00330913,-0.9435973,-0.3309444,0.009434998,
1,4,9.365,0.9495664,1.834859,7.533442,-0.00330913,-0.9435973,-0.3309444,0.009434998,
1,4,9.367,0.9493194,1.838348,7.520351,-0.00330913,-0.9435973,-0.3309444,0.009434998,
1,4,9.369,0.9490724,1.841806,7.50726,-0.00330913,-0.9435973,-0.3309444,0.009434998,
1,4,9.371,0.9488254,1.845202,7.494169,-0.00330913,-0.9435973,-0.3309444,0.009434998,
1,4,9.373,0.9485784,1.848567,7.481078,-0.00330913,-0.9435973,-0.3309444,0.009434998,
1,4,9.375,0.9483314,1.851902,7.467987,-0.00330913,-0.9435973,-0.3309444,0.009434998,
1,4,9.377,0.9480844,1.855175,7.454896,-0.00330913,-0.9435973,-0.3309444,0.009434998,
1,4,9.379,0.9478374,1.858416,7.441805,-0.00330913,-0.9435973,-0.3309444,0.009434998,
1,4,9.381,0.9475904,1.861627,7.428714,-0.00330913,-0.9435973,-0.3309444,0.009434998,
1,4,9.383,0.9473433,1.864777,7.415623,-0.00330913,-0.9435973,-0.3309444,0.009434998,
1,4,9.385,0.9470963,1.867895,7.402532,-0.00330913,-0.9435973,-0.3309444,0.009434998,
1,4,9.387,0.9468493,1.870983,7.389441,-0.00330913,-0.9435973,-0.3309444,0.009434998,
1,4,9.389,0.9466023,1.874008,7.376349,-0.00330913,-0.9435973,-0.3309444,0.009434998,
1,4,9.391,0.9463553,1.877003,7.363258,-0.00330913,-0.9435973,-0.3309444,0.009434998,
1,4,9.393,0.9461083,1.879967,7.350167,-0.00330913,-0.9435973,-0.3309444,0.009434998,
1,4,9.395,0.9458613,1.88287,7.337076,-0.00330913,-0.9435973,-0.3309444,0.009434998,
1,4,9.397,0.9456143,1.885772,7.323985,-0.00330913,-0.9435973,-0.3309444,0.009434998,
1,4,9.399,0.9453673,1.888612,7.310894,-0.00330913,-0.9435973,-0.3309444,0.009434998,
1,4,9.401,0.9451203,1.891422,7.297803,-0.00330913,-0.9435973,-0.3309444,0.009434998,
1,4,9.403,0.9448733,1.894201,7.284712,-0.00330913,-0.9435973,-0.3309444,0.009434998,
1,4,9.405,0.9446263,1.896918,7.271621,-0.00330913,-0.9435973,-0.3309444,0.009434998,
1,4,9.407,0.9443793,1.899604,7.25853,-0.00330913,-0.9435973,-0.3309444,0.009434998,
1,4,9.409,0.9441323,1.902259,7.245439,-0.00330913,-0.9435973,-0.3309444,0.009434998,
1,4,9.411,0.9438853,1.904853,7.232347,-0.00330913,-0.9435973,-0.3309444,0.009434998,
1,4,9.413,0.9436383,1.907415,7.219256,-0.00330913,-0.9435973,-0.3309444,0.009434998,
1,4,9.415,0.9433913,1.909947,7.206165,-0.00330913,-0.9435973,-0.3309444,0.009434998,
1,4,9.417,0.9431443,1.912417,7.193074,-0.00330913,-0.9435973,-0.3309444,0.009434998,
1,4,9.419,0.9428973,1.914856,7.18023,-0.00330913,-0.9435973,-0.3309444,0.009434998,
1,4,9.421,0.9426503,1.917265,7.167386,-0.00330913,-0.9435973,-0.3309444,0.009434998,
1,4,9.423,0.9424033,1.919611,7.154542,-0.00330913,-0.9435973,-0.3309444,0.009434998,
1,4,9.425,0.9421563,1.921927,7.141698,-0.00330913,-0.9435973,-0.3309444,0.009434998,
1,4,9.427,0.9419093,1.924212,7.128854,-0.00330913,-0.9435973,-0.3309444,0.009434998,
1,4,9.429,0.9416623,1.926435,7.11601,-0.00330913,-0.9435973,-0.3309444,0.009434998,
1,4,9.431,0.9414153,1.928627,7.103166,-0.00330913,-0.9435973,-0.3309444,0.009434998,
1,4,9.433,0.9411683,1.930788,7.090322,-0.00330913,-0.9435973,-0.3309444,0.009434998,
1,4,9.435,0.9409213,1.932887,7.077477,-0.00330913,-0.9435973,-0.3309444,0.009434998,
1,4,9.437,0.9406743,1.934956,7.064633,-0.00330913,-0.9435973,-0.3309444,0.009434998,
1,4,9.439,0.9404273,1.936994,7.051789,-0.00330913,-0.9435973,-0.3309444,0.009434998,
1,4,9.441,0.9401803,1.939001,7.038945,-0.00330913,-0.9435973,-0.3309444,0.009434998,
1,4,9.443,0.9399333,1.940977,7.026101,-0.00330913,-0.9435973,-0.3309444,0.009434998,
1,4,9.445,0.9396863,1.942891,7.013257,-0.00330913,-0.9435973,-0.3309444,0.009434998,
1,4,9.447,0.9394393,1.944774,7.000413,-0.00330913,-0.9435973,-0.3309444,0.009434998,
1,4,9.449,0.9391923,1.946627,6.987569,-0.00330913,-0.9435973,-0.3309444,0.009434998,
1,4,9.451,0.9389453,1.948418,6.974725,-0.00330913,-0.9435973,-0.3309444,0.009434998,
1,4,9.453,0.9386983,1.950178,6.961881,-0.00330913,-0.9435973,-0.3309444,0.009434998,
1,4,9.455,0.9384513,1.951907,6.949037,-0.00330913,-0.9435973,-0.3309444,0.009434998,
1,4,9.457,0.9382043,1.953574,6.936193,-0.00330913,-0.9435973,-0.3309444,0.009434998,
1,4,9.459,0.9379573,1.95521,6.923348,-0.00330913,-0.9435973,-0.3309444,0.009434998,
1,4,9.461,0.9377103,1.956816,6.910504,-0.00330913,-0.9435973,-0.3309444,0.009434998,
1,4,9.463,0.9374633,1.958359,6.89766,-0.00330913,-0.9435973,-0.3309444,0.009434998,
1,4,9.465,0.9372163,1.959872,6.884816,-0.00330913,-0.9435973,-0.3309444,0.009434998,
1,4,9.467,0.9369693,1.961354,6.871972,-0.00330913,-0.9435973,-0.3309444,0.009434998,
1,4,9.469,0.9367223,1.962775,6.859128,-0.00330913,-0.9435973,-0.3309444,0.009434998,
1,4,9.471,0.9364753,1.964164,6.846284,-0.00330913,-0.9435973,-0.3309444,0.009434998,
1,4,9.473,0.9362283,1.965523,6.83344,-0.00330913,-0.9435973,-0.3309444,0.009434998,
1,4,9.475,0.9359813,1.96685,6.820596,-0.00330913,-0.9435973,-0.3309444,0.009434998,
1,4,9.477,0.9357343,1.968147,6.807752,-0.00330913,-0.9435973,-0.3309444,0.009434998,
1,4,9.479,0.9354873,1.969382,6.794908,-0.00330913,-0.9435973,-0.3309444,0.009434998,
1,4,9.481,0.9352403,1.970586,6.782063,-0.00330913,-0.9435973,-0.3309444,0.009434998,
1,4,9.483,0.9349933,1.971759,6.769219,-0.00330913,-0.9435973,-0.3309444,0.009434998,
1,4,9.485,0.9347463,1.972871,6.756375,-0.00330913,-0.9435973,-0.3309444,0.009434998,
1,4,9.487,0.9344993,1.973951,6.743531,-0.00330913,-0.9435973,-0.3309444,0.009434998,
1,4,9.489,0.9342523,1.975001,6.730687,-0.00330913,-0.9435973,-0.3309444,0.009434998,
1,4,9.491,0.9340053,1.975989,6.717843,-0.00330913,-0.9435973,-0.3309444,0.009434998,
1,4,9.493,0.9337583,1.976946,6.704999,-0.00330913,-0.9435973,-0.3309444,0.009434998,
1,4,9.495,0.9335113,1.977873,6.692155,-0.00330913,-0.9435973,-0.3309444,0.009434998,
1,4,9.497,0.9332643,1.978737,6.679311,-0.00330913,-0.9435973,-0.3309444,0.009434998,
1,4,9.499,0.9330173,1.979571,6.666467,-0.00330913,-0.9435973,-0.3309444,0.009434998,
1,4,9.501,0.9327703,1.980374,6.653623,-0.00330913,-0.9435973,-0.3309444,0.009434998,
1,4,9.503,0.9325233,1.981145,6.640779,-0.00330913,-0.9435973,-0.3309444,0.009434998,
1,4,9.505,0.9322762,1.981886,6.627934,-0.00330913,-0.9435973,-0.3309444,0.009434998,
1,4,9.507,0.9320292,1.982566,6.61509,-0.00330913,-0.9435973,-0.3309444,0.009434998,
1,4,9.509,0.9317822,1.983214,6.602246,-0.00330913,-0.9435973,-0.3309444,0.009434998,
1,4,9.511,0.9315352,1.983832,6.589402,-0.00330913,-0.9435973,-0.3309444,0.009434998,
1,4,9.513,0.9312882,1.984387,6.576558,-0.00330913,-0.9435973,-0.3309444,0.009434998,
1,4,9.515,0.9310412,1.984912,6.563714,-0.00330913,-0.9435973,-0.3309444,0.009434998,
1,4,9.517,0.9307942,1.985406,6.55087,-0.00330913,-0.9435973,-0.3309444,0.009434998,
1,4,9.519,0.9305472,1.985838,6.538026,-0.00330913,-0.9435973,-0.3309444,0.009434998,
1,4,9.521,0.9303002,1.98624,6.525182,-0.00330913,-0.9435973,-0.3309444,0.009434998,
1,4,9.523,0.9300532,1.98661,6.512338,-0.00330913,-0.9435973,-0.3309444,0.009434998,
1,4,9.525,0.9298062,1.986919,6.499494,-0.00330913,-0.9435973,-0.3309444,0.009434998,
1,4,9.527,0.9295592,1.987228,6.48665,-0.00330913,-0.9435973,-0.3309444,0.009434998,
1,4,9.529,0.9293122,1.987475,6.473805,-0.00330913,-0.9435973,-0.3309444,0.009434998,
1,4,9.531,0.9290652,1.987691,6.460961,-0.00330913,-0.9435973,-0.3309444,0.009434998,
1,4,9.533,0.9288182,1.987876,6.448117,-0.00330913,-0.9435973,-0.3309444,0.009434998,
1,4,9.535,0.9285712,1.988,6.435397,-0.00330913,-0.9435973,-0.3309444,0.009434998,
1,4,9.537,0.9283242,1.988092,6.4228,-0.00330913,-0.9435973,-0.3309444,0.009434998,
1,4,9.539,0.9280772,1.988154,6.410203,-0.00330913,-0.9435973,-0.3309444,0.009434998,
1,4,9.541,0.9278302,1.988154,6.397605,-0.00330913,-0.9435973,-0.3309444,0.009434998,
1,4,9.543,0.9275832,1.988123,6.385008,-0.00330913,-0.9435973,-0.3309444,0.009434998,
1,4,9.545,0.9273362,1.988061,6.372411,-0.00330913,-0.9435973,-0.3309444,0.009434998,
1,4,9.547,0.9270892,1.987938,6.359814,-0.00330913,-0.9435973,-0.3309444,0.009434998,
1,4,9.549,0.9268422,1.987784,6.347217,-0.00330913,-0.9435973,-0.3309444,0.009434998,
1,4,9.551,0.9265952,1.987598,6.33462,-0.00330913,-0.9435973,-0.3309444,0.009434998,
1,4,9.553,0.9263482,1.987382,6.322023,-0.00330913,-0.9435973,-0.3309444,0.009434998,
1,4,9.555,0.9261012,1.987135,6.309426,-0.00330913,-0.9435973,-0.3309444,0.009434998,
1,4,9.557,0.9258542,1.986826,6.296829,-0.00330913,-0.9435973,-0.3309444,0.009434998,
1,4,9.559,0.9256072,1.986487,6.284232,-0.00330913,-0.9435973,-0.3309444,0.009434998,
1,4,9.561,0.9253602,1.986116,6.271635,-0.00330913,-0.9435973,-0.3309444,0.009434998,
1,4,9.563,0.9251132,1.985684,6.259037,-0.00330913,-0.9435973,-0.3309444,0.009434998,
1,4,9.565,0.9248662,1.985221,6.24644,-0.00330913,-0.9435973,-0.3309444,0.009434998,
